timestep Temp E_pair E_mol TotEng
10000 141.59027 -942.49394 849.72551 1595.4463
15000 309.79803 -972.39691 1730.083 4451.4824
20000 299.91847 -1103.0333 1703.2541 4176.2208
25000 298.10685 -1223.946 1711.8926 4042.3462
30000 300.16678 -1356.0417 1658.9338 3881.8527
35000 302.1046 -1485.2743 1748.0737 3864.8651
40000 296.9454 -1605.4621 1733.5206 3668.6099
45000 299.28847 -1708.072 1715.2321 3575.6484
50000 301.94011 -1829.1897 1695.0749 3465.9896
55000 300.75834 -1896.5812 1712.9994 3402.4321
60000 303.02138 -1924.2836 1717.5251 3406.2382
65000 303.67112 -1968.493 1778.9553 3431.2061
70000 301.94467 -2063.0963 1771.1841 3308.2465
75000 303.23892 -2096.3711 1714.2023 3233.4217
80000 291.7623 -2140.1767 1733.637 3072.2124
85000 298.8975 -2166.7111 1781.7492 3178.8647
90000 296.78973 -2175.3645 1694.1872 3057.5179
95000 303.66383 -2237.2015 1691.5577 3075.0129
100000 298.77986 -2273.0936 1662.1679 2951.4983
105000 299.6552 -2329.7023 1709.197 2952.3557
110000 303.82205 -2316.324 1727.7267 3033.946
115000 298.74963 -2360.3705 1698.3768 2900.0699
120000 303.7076 -2327.4866 1721.0842 3014.7763
125000 297.14516 -2338.6832 1682.4703 2886.7202
130000 303.05692 -2357.8733 1722.8698 2978.417
135000 304.87635 -2371.2952 1740.452 3004.2708
140000 302.22762 -2403.1478 1760.5321 2960.9168
145000 295.268 -2382.2072 1672.8731 2811.2172
150000 305.66101 -2435.3335 1733.7817 2942.9179
155000 297.01984 -2441.6985 1640.6371 2740.3775
160000 305.00997 -2492.6667 1681.3938 2825.4343
165000 302.50424 -2489.6829 1739.4475 2856.5954
170000 298.26367 -2507.5423 1692.1358 2740.8629
175000 296.67186 -2526.0838 1737.2096 2748.4157
180000 307.71676 -2538.9281 1681.2987 2811.3515
185000 307.13218 -2565.6655 1690.1991 2786.5444
190000 297.89711 -2580.214 1706.1857 2677.8706
195000 299.99169 -2568.9921 1676.7779 2684.6588
200000 303.46021 -2576.0695 1704.7499 2746.9094
205000 293.32387 -2575.9103 1712.4264 2633.887
210000 293.88168 -2609.3956 1683.1742 2577.8005
215000 298.33332 -2581.9071 1735.1998 2710.3925
220000 293.07546 -2623.7942 1697.1837 2567.7987
225000 305.97984 -2640.7808 1757.7059 2765.1962
230000 303.86935 -2673.1967 1722.2032 2672.1137
235000 301.08463 -2651.3057 1717.284 2655.8827
240000 298.48337 -2644.4992 1712.7629 2627.1526
245000 298.37949 -2628.7523 1754.0098 2682.9078
250000 303.98085 -2634.6422 1715.6953 2705.4898
255000 299.87828 -2643.6521 1746.83 2678.6986
260000 300.01725 -2650.8015 1767.7337 2694.11
265000 304.35139 -2685.5045 1715.3251 2658.6753
270000 296.35441 -2665.2115 1689.4886 2557.7818
275000 302.16587 -2631.6246 1700.4967 2671.6683
280000 299.46125 -2597.1605 1690.4429 2663.8308
285000 299.23401 -2636.322 1721.0708 2652.5877
290000 293.79645 -2655.3271 1693.5053 2541.1839
295000 297.8176 -2663.7735 1719.585 2606.7622
300000 300.23191 -2659.9632 1700.0678 2619.8417
305000 295.8947 -2672.8827 1709.5337 2564.6746
310000 289.2206 -2659.909 1679.1295 2467.6671
315000 297.41733 -2660.1452 1692.851 2578.8841
320000 302.40546 -2706.3697 1666.164 2565.4472
325000 303.78152 -2725.7834 1676.3462 2572.6229
330000 306.01266 -2683.7194 1695.13 2660.073
335000 298.29066 -2670.0162 1658.3234 2544.8984
340000 303.81056 -2687.1405 1687.1119 2622.3776
345000 305.74138 -2712.0555 1693.3748 2626.7472
350000 298.76865 -2719.1 1703.9128 2547.1031
355000 297.39089 -2686.6052 1742.987 2602.2448
360000 297.9005 -2716.2354 1655.8083 2491.5122
365000 297.49334 -2738.9421 1743.7869 2551.9293
370000 298.45318 -2738.9981 1626.3988 2445.9298
375000 303.6115 -2797.5555 1661.378 2483.8553
380000 300.59787 -2832.7418 1637.736 2389.0947
385000 296.88935 -2771.6403 1705.9422 2474.1849
390000 307.56128 -2771.637 1727.0778 2622.5679
395000 301.01185 -2750.8575 1669.3602 2507.5392
400000 297.69711 -2747.0456 1773.7529 2576.2214
405000 302.35066 -2740.4954 1686.5556 2551.0598
410000 302.82089 -2702.1574 1715.9673 2624.4161
415000 297.62811 -2745.7391 1676.5645 2479.5169
420000 299.43163 -2725.7055 1652.6711 2497.1609
425000 296.20224 -2750.0611 1701.0803 2482.7096
430000 299.27522 -2744.4855 1700.617 2524.4618
435000 302.08715 -2749.0938 1691.5913 2544.3552
440000 296.23805 -2777.7719 1679.6168 2433.9623
445000 297.30609 -2779.7389 1705.4879 2470.6008
450000 305.38735 -2706.4141 1602.603 2537.3957
455000 299.14067 -2705.8986 1690.228 2551.0555
460000 300.07411 -2749.442 1692.3583 2520.772
465000 306.15545 -2735.4646 1649.2561 2564.1564
470000 301.14754 -2778.0727 1737.916 2550.4978
475000 301.01052 -2733.1239 1724.2544 2580.1513
480000 296.21131 -2715.919 1683.1225 2499.002
485000 305.05076 -2698.2225 1745.6464 2684.6174
490000 294.21155 -2706.4442 1702.7783 2504.2891
495000 306.76407 -2725.0933 1714.9921 2647.5205
500000 298.94181 -2721.7014 1695.973 2538.6266
505000 298.72625 -2750.925 1708.8692 2519.7291
510000 296.26053 -2711.0856 1672.1917 2493.4915
515000 305.50704 -2769.5133 1653.3657 2526.4863
520000 303.42445 -2781.8488 1668.3224 2504.2761
525000 300.38993 -2769.8294 1708.6816 2520.4735
530000 294.68804 -2721.0112 1700.4008 2493.0259
535000 304.3783 -2751.401 1695.3875 2573.1621
540000 301.34284 -2760.5781 1713.4108 2545.8158
545000 301.29998 -2766.7564 1661.1315 2486.8471
550000 298.71238 -2763.5503 1727.5393 2525.6085
555000 296.50115 -2756.1049 1686.579 2465.7285
560000 303.60685 -2750.3564 1683.9825 2553.6034
565000 305.92884 -2746.6377 1664.9569 2565.9822
570000 301.37816 -2746.4396 1664.689 2511.6536
575000 300.847 -2735.7103 1670.3241 2521.6849
580000 310.13429 -2732.9176 1738.1083 2702.9963
585000 299.06832 -2721.7671 1670.1712 2514.2675
590000 299.26298 -2702.7467 1708.9971 2574.4347
595000 306.70786 -2720.9059 1715.6627 2651.7083
600000 300.37239 -2731.5779 1692.8931 2542.7274
605000 298.12222 -2691.2673 1687.9776 2551.2931
610000 302.42433 -2685.1606 1651.1427 2571.8601
615000 296.31406 -2754.3162 1656.7013 2435.4088
620000 308.13919 -2745.02 1654.8499 2583.8475
625000 300.33916 -2683.4609 1719.0089 2616.5639
630000 301.00706 -2756.5159 1678.2669 2510.7305
635000 303.3506 -2748.183 1723.9747 2592.7138
640000 303.71992 -2741.6302 1701.7284 2581.4237
645000 298.43435 -2703.4057 1660.8025 2515.7013
650000 300.56237 -2724.4636 1709.345 2568.5588
655000 298.60524 -2702.4151 1719.381 2577.3079
660000 302.39242 -2724.7612 1680.3029 2561.0392
665000 302.37912 -2704.977 1688.8592 2589.2211
670000 297.20748 -2745.4536 1698.7936 2497.0162
675000 302.50103 -2717.769 1677.4841 2566.5076
680000 300.26864 -2725.2293 1696.6522 2551.5979
685000 298.59665 -2713.8032 1731.3237 2577.7601
690000 300.33425 -2757.1352 1680.5465 2504.3687
695000 294.37221 -2779.4826 1732.6843 2463.0723
700000 305.27051 -2778.4321 1735.4544 2596.836
705000 304.06877 -2763.3007 1749.9978 2612.1821
710000 301.64058 -2786.0764 1680.5087 2490.9654
715000 300.45615 -2786.442 1683.9922 2479.9611
720000 296.64521 -2804.3893 1646.2265 2378.8094
725000 298.48489 -2793.015 1709.4594 2475.3515
730000 306.07468 -2765.2875 1636.7711 2520.8856
735000 301.49567 -2786.1697 1697.1207 2505.7562
740000 296.33479 -2791.9763 1671.6169 2412.9114
745000 300.98669 -2716.1298 1625.0189 2497.6257
750000 294.03616 -2726.1537 1671.8273 2451.5373
755000 293.51324 -2741.6457 1663.0606 2421.0438
760000 310.40708 -2780.4041 1675.0312 2595.6853
765000 304.30795 -2721.3883 1750.8865 2657.8349
770000 294.74716 -2717.8121 1711.0908 2507.6199
775000 296.21886 -2715.4777 1653.6033 2470.0142
780000 299.09563 -2709.386 1677.0255 2533.8285
785000 293.19745 -2741.9229 1720.6946 2474.6353
790000 294.94774 -2731.7779 1703.8152 2488.7701
795000 298.27753 -2754.0281 1737.9678 2540.3743
800000 298.28661 -2775.3975 1693.8723 2475.0177
805000 305.09698 -2786.9009 1718.1772 2569.0208
810000 302.73772 -2775.4073 1650.4741 2484.6813
815000 299.86194 -2808.7953 1670.3457 2436.8764
820000 303.75123 -2767.8965 1699.6188 2553.4212
825000 304.591 -2764.1799 1709.9547 2577.4864
830000 296.95472 -2743.0094 1720.5087 2518.1617
835000 300.24939 -2797.6728 1732.7476 2515.0203
840000 302.32159 -2797.2201 1715.4702 2522.903
845000 305.24704 -2772.6866 1686.6565 2553.5037
850000 301.03808 -2778.4226 1670.2038 2481.1306
855000 292.58097 -2787.6519 1672.6584 2373.5196
860000 300.97402 -2807.9098 1714.9318 2495.6076
865000 296.8328 -2775.6332 1664.6023 2428.1779
870000 303.31553 -2794.9582 1717.9314 2539.477
875000 304.60829 -2784.1016 1722.9101 2570.7262
880000 300.45358 -2784.675 1667.8892 2465.5944
885000 301.65791 -2791.9792 1686.2071 2490.9677
890000 299.93972 -2820.6103 1660.3938 2416.0369
895000 293.94672 -2833.969 1756.6678 2427.4961
900000 297.92383 -2815.0546 1646.0377 2383.2004
905000 296.82346 -2827.2381 1687.86 2399.7193
910000 301.96408 -2829.2297 1784.7053 2555.8659
915000 293.49754 -2818.8768 1666.0069 2346.5716
920000 307.08615 -2850.5188 1631.1626 2442.1057
925000 298.25551 -2842.0602 1724.8592 2438.9711
930000 295.47954 -2849.0103 1673.6816 2347.7448
935000 297.23537 -2806.0679 1682.4108 2420.3517
940000 298.67 -2815.4964 1751.8429 2497.4607
945000 294.09017 -2812.156 1667.8193 2362.1711
950000 300.45735 -2846.7305 1694.4484 2430.1431
955000 299.43652 -2814.0533 1659.4702 2415.6704
960000 298.3326 -2810.2429 1686.607 2433.4553
965000 296.30966 -2838.3657 1713.2865 2407.892
970000 291.91469 -2807.1727 1725.6491 2399.0453
975000 294.38952 -2810.3204 1718.6206 2418.3772
980000 296.588 -2779.4467 1717.2769 2474.1202
985000 298.74181 -2780.5153 1650.3081 2431.7631
990000 299.18006 -2815.1821 1767.38 2519.3937
995000 300.14631 -2777.39 1681.1385 2482.465
1000000 305.10326 -2794.3764 1642.9983 2486.4414
1005000 303.20577 -2781.441 1693.069 2526.8231
1010000 302.49819 -2798.2213 1698.9635 2507.5008
1015000 297.97302 -2793.7268 1728.9254 2488.0025
1020000 295.3625 -2803.625 1732.5664 2450.6194
1025000 305.72895 -2795.7368 1728.0913 2577.6342
1030000 299.64761 -2782.6292 1689.3869 2479.5281
1035000 298.15403 -2765.853 1676.9094 2466.0185
1040000 297.79545 -2790.3631 1666.1257 2426.4492
1045000 304.07945 -2791.0906 1680.7624 2515.2841
1050000 304.94051 -2771.482 1670.071 2534.4679
1055000 299.7739 -2779.0641 1674.7584 2469.9705
1060000 298.93222 -2765.1086 1754.7943 2553.9264
1065000 303.96126 -2759.6491 1646.9771 2511.5311
1070000 293.22682 -2776.17 1651.296 2371.3398
1075000 299.7585 -2769.0356 1729.6034 2534.6604
1080000 303.91938 -2769.1871 1665.0367 2519.5533
1085000 303.32296 -2776.4452 1696.7181 2536.8654
1090000 306.16074 -2766.9119 1642.1822 2525.6984
1095000 300.87552 -2768.1227 1693.1865 2512.4749
1100000 303.66167 -2778.2798 1692.1134 2534.4645
1105000 291.8554 -2750.5721 1690.4873 2419.7773
1110000 301.87039 -2811.3161 1642.1048 2430.062
1115000 299.62258 -2773.9155 1690.4405 2488.9969
1120000 295.86813 -2774.6575 1709.4669 2462.5163
1125000 303.54788 -2761.6496 1684.3379 2541.9627
1130000 297.6935 -2768.184 1758.0461 2539.3332
1135000 307.74221 -2750.7705 1664.8024 2583.3163
1140000 305.66025 -2731.8237 1702.9644 2615.6012
1145000 306.41014 -2741.7229 1706.2074 2617.8862
1150000 302.04114 -2755.6612 1696.2406 2541.8885
1155000 309.42081 -2739.2196 1681.4445 2631.5235
1160000 302.38371 -2762.5464 1716.3634 2559.2106
1165000 298.81374 -2740.175 1693.8253 2516.4783
1170000 298.31665 -2760.275 1660.317 2456.9432
1175000 292.60372 -2760.7231 1673.0586 2401.1199
1180000 308.93962 -2786.4666 1683.1683 2580.263
1185000 296.85308 -2763.4038 1732.7404 2508.7872
1190000 291.90143 -2762.4569 1777.4873 2495.4413
1195000 298.76947 -2731.4013 1740.998 2571.8969
1200000 299.306 -2730.2564 1667.0 2505.441
1205000 298.78948 -2738.9203 1718.2821 2541.9005
1210000 294.73735 -2723.5459 1675.2601 2465.9384
1215000 299.61779 -2738.3293 1681.1404 2515.226
1220000 300.0808 -2716.4321 1651.6452 2513.1485
1225000 303.44933 -2766.5729 1703.1807 2554.707
1230000 305.03392 -2744.7265 1628.6965 2520.9628
1235000 293.21323 -2729.7129 1656.0156 2422.3545
1240000 301.1674 -2715.3561 1635.9913 2511.5265
1245000 303.6533 -2730.9533 1658.3532 2547.9312
1250000 295.50435 -2720.3578 1700.3416 2503.3532
1255000 303.05559 -2697.8438 1681.4364 2596.9972
1260000 298.79988 -2745.0876 1800.1533 2617.7285
1265000 300.2053 -2706.8003 1729.1018 2601.7214
1270000 305.51421 -2748.4747 1678.0641 2572.3088
1275000 299.44565 -2746.5274 1694.1516 2517.9867
1280000 305.3125 -2756.2485 1710.2541 2594.3199
1285000 297.66942 -2719.7806 1686.4974 2515.9008
1290000 305.13303 -2752.8097 1708.3601 2593.7248
1295000 305.10616 -2740.105 1624.4249 2522.174
1300000 296.56602 -2791.7508 1720.2624 2464.5394
1305000 298.76066 -2814.2885 1743.5326 2491.4392
1310000 297.51708 -2812.5653 1705.9522 2440.7544
1315000 300.06222 -2791.4755 1670.0513 2456.2897
1320000 295.65093 -2783.7916 1676.5624 2417.8879
1325000 297.00033 -2820.3496 1675.9391 2396.7958
1330000 299.68838 -2780.5266 1638.008 2430.7379
1335000 297.17754 -2774.41 1701.6658 2470.5749
1340000 301.70708 -2788.6157 1709.2448 2517.9551
1345000 300.60145 -2802.5717 1660.2175 2441.789
1350000 303.56233 -2831.0107 1715.5937 2504.0295
1355000 300.95043 -2780.827 1692.9276 2500.4049
1360000 305.65584 -2799.9367 1710.4719 2554.9433
1365000 294.24736 -2798.0768 1647.8371 2358.1424
1370000 309.14186 -2765.2882 1713.9971 2634.6815
1375000 297.28925 -2790.0813 1636.8783 2391.4482
1380000 303.00438 -2768.4311 1694.2945 2538.6574
1385000 296.16362 -2781.2293 1739.8742 2489.8748
1390000 299.96016 -2732.1737 1658.33 2502.6533
1395000 300.77876 -2729.3814 1688.9471 2545.8231
1400000 299.25436 -2731.3767 1689.5164 2526.2214
1405000 301.50399 -2748.4589 1710.918 2557.3636
1410000 297.53762 -2774.7482 1730.7772 2503.6415
1415000 303.75624 -2728.5754 1654.5053 2547.6885
1420000 303.89803 -2694.1193 1709.2709 2638.6007
1425000 301.7418 -2736.153 1716.3312 2577.9182
1430000 291.68027 -2747.4792 1706.3017 2436.5965
1435000 302.82742 -2718.6728 1690.1643 2582.1756
1440000 293.7413 -2755.8564 1666.9898 2413.4815
1445000 304.69547 -2775.5336 1694.9379 2552.3616
1450000 301.87409 -2782.462 1675.0211 2491.8764
1455000 295.50571 -2764.4169 1691.8553 2450.824
1460000 295.90189 -2767.297 1666.9552 2427.7676
1465000 298.42968 -2805.8545 1799.011 2551.4053
1470000 299.6092 -2811.9403 1705.4318 2465.804
1475000 305.4382 -2855.7741 1749.8491 2535.888
1480000 299.20508 -2775.6844 1706.7992 2498.6089
1485000 303.05826 -2765.4449 1704.4492 2552.4407
1490000 299.27721 -2769.7587 1654.8363 2453.4317
1495000 301.36793 -2748.5339 1700.9938 2545.7421
1500000 299.06738 -2796.0061 1640.3101 2410.1562
1505000 302.32925 -2768.0815 1721.5699 2558.2326
1510000 304.0119 -2766.5597 1663.7416 2521.9887
1515000 300.13925 -2765.0618 1661.6204 2475.191
1520000 292.30093 -2795.9501 1655.5741 2344.7981
1525000 297.33088 -2748.0794 1698.6261 2495.6942
1530000 293.69278 -2775.3267 1672.4159 2398.8588
1535000 300.03236 -2756.8813 1660.3653 2480.8419
1540000 299.61119 -2746.4368 1633.284 2459.1834
1545000 296.87738 -2728.1206 1685.4938 2497.1137
1550000 299.87764 -2727.7605 1682.397 2530.1497
1555000 297.99627 -2740.9356 1731.7788 2543.9243
1560000 299.67442 -2782.1523 1753.7804 2544.7182
1565000 301.5755 -2733.6243 1733.4539 2595.5867
1570000 302.07306 -2715.572 1710.9945 2597.1121
1575000 296.17475 -2751.5468 1763.3232 2543.1392
1580000 303.57472 -2735.2957 1720.3265 2604.6251
1585000 292.90203 -2773.9441 1749.4619 2467.859
1590000 302.63496 -2760.7979 1693.254 2540.8454
1595000 297.33791 -2757.4543 1670.7748 2458.5519
1600000 297.80804 -2747.1839 1744.3589 2548.0118
1605000 298.79816 -2738.9895 1667.314 2490.9667
1610000 301.44361 -2774.203 1652.4986 2472.4802
1615000 303.13171 -2773.0096 1735.7003 2577.0028
1620000 305.63048 -2762.4333 1677.067 2558.7393
1625000 295.13271 -2764.7294 1717.2179 2471.4267
1630000 303.88592 -2766.8592 1699.8359 2556.2815
1635000 301.73132 -2784.5238 1729.6777 2542.7689
1640000 304.33341 -2766.5934 1665.6122 2527.6591
1645000 294.87149 -2790.9927 1662.5933 2387.4242
1650000 296.38275 -2813.8821 1664.655 2384.6156
1655000 300.126 -2780.5144 1624.6083 2422.5683
1660000 298.32083 -2789.2261 1737.206 2504.9308
1665000 303.83318 -2775.3667 1737.957 2585.2663
1670000 302.43677 -2793.8097 1660.2206 2472.437
1675000 296.32846 -2811.0859 1714.235 2436.3445
1680000 305.58178 -2761.0266 1737.6889 2620.1873
1685000 304.24747 -2793.2032 1707.9269 2542.3394
1690000 303.39695 -2797.6007 1680.9749 2500.8489
1695000 297.52098 -2786.7754 1669.3587 2429.9974
1700000 303.91167 -2765.3569 1690.811 2549.066
1705000 297.26717 -2764.5051 1716.6018 2496.4845
1710000 301.38215 -2758.5836 1634.4504 2469.3186
1715000 298.15024 -2753.1492 1675.3832 2477.151
1720000 301.53662 -2758.1261 1639.6969 2476.8643
1725000 297.12784 -2724.1388 1694.7693 2513.3571
1730000 297.78014 -2749.1433 1781.6317 2582.9926
1735000 300.62981 -2718.829 1618.584 2484.2364
1740000 296.27665 -2721.1799 1689.7591 2501.1569
1745000 296.66923 -2728.0459 1699.788 2509.0006
1750000 299.34401 -2699.4738 1659.2641 2528.9408
1755000 296.41674 -2749.3266 1670.6813 2455.6028
1760000 303.33214 -2743.2239 1691.1013 2564.5794
1765000 302.02081 -2750.1872 1651.7828 2502.6623
1770000 303.36214 -2712.2062 1659.6461 2564.4996
1775000 300.35258 -2730.085 1735.0973 2586.1882
1780000 300.08649 -2753.8451 1712.0458 2536.204
1785000 301.63624 -2725.5884 1772.9879 2643.8809
1790000 299.67355 -2701.6707 1634.4552 2505.8643
1795000 301.53095 -2731.3061 1634.8074 2498.7272
1800000 302.30044 -2705.8383 1701.014 2599.5765
1805000 296.47797 -2728.6301 1694.9677 2501.3156
1810000 297.90957 -2746.1342 1674.8057 2480.7189
1815000 302.99027 -2702.5133 1673.511 2583.6234
1820000 292.69771 -2689.2213 1721.2524 2521.9361
1825000 302.98553 -2693.6775 1706.592 2625.4838
1830000 301.24645 -2696.2748 1707.872 2603.4309
1835000 304.71482 -2712.7232 1689.3083 2609.7731
1840000 299.78158 -2693.5657 1689.3547 2570.1568
1845000 303.84755 -2715.7004 1732.5536 2639.7005
1850000 298.5978 -2685.4849 1734.998 2609.7663
1855000 295.53825 -2690.3461 1675.812 2509.2394
1860000 303.51569 -2696.5875 1677.5394 2599.8424
1865000 298.74675 -2727.3547 1702.2353 2536.9098
1870000 301.28239 -2658.6425 1739.3059 2672.9258
1875000 308.12958 -2671.3251 1684.0199 2686.5978
1880000 306.24175 -2676.7079 1721.244 2695.9299
1885000 297.36904 -2703.4117 1712.8424 2555.0332
1890000 297.5039 -2664.6605 1704.0785 2586.6285
1895000 298.1443 -2654.9573 1684.6879 2584.5767
1900000 301.36873 -2691.499 1634.8856 2536.6783
1905000 294.96536 -2713.4856 1677.6054 2481.0626
1910000 293.74234 -2726.6819 1668.2152 2443.8938
1915000 296.34151 -2735.9257 1732.6627 2530.088
1920000 302.47538 -2776.3053 1695.8705 2526.0518
1925000 303.41209 -2765.6317 1707.9598 2559.9833
1930000 304.78466 -2771.8454 1728.6732 2590.8486
1935000 301.56658 -2729.9826 1698.2985 2563.9667
1940000 298.96194 -2741.8951 1730.9474 2553.6473
1945000 303.35631 -2799.8738 1716.6232 2533.7395
1950000 305.89708 -2826.716 1715.8731 2536.4415
1955000 299.04905 -2818.9242 1678.9479 2425.6573
1960000 303.70666 -2825.4079 1719.0459 2514.8055
1965000 297.4245 -2797.5506 1727.8231 2476.5363
1970000 292.97656 -2810.3171 1769.4838 2452.3966
1975000 295.19763 -2798.9896 1659.3926 2380.1152
1980000 299.2914 -2821.1402 1749.546 2496.929
1985000 300.31574 -2768.6825 1679.0793 2491.1334
1990000 305.62593 -2766.0985 1674.459 2552.4119
1995000 299.86297 -2755.2363 1691.6789 2511.7808
2000000 297.21579 -2761.7721 1750.5173 2532.5204
2005000 299.34654 -2771.7227 1712.2909 2509.7489
2010000 299.02415 -2754.0423 1686.2904 2497.5849
2015000 290.17484 -2747.2769 1704.3235 2416.8709
2020000 297.56289 -2765.2187 1649.3734 2432.0686
2025000 303.80231 -2753.8173 1750.5651 2619.0557
2030000 294.21827 -2777.4449 1612.9701 2343.5604
2035000 295.43982 -2742.6831 1660.6747 2440.5915
2040000 308.24184 -2798.4674 1716.2318 2593.0059
2045000 304.49935 -2767.738 1692.6387 2555.5196
2050000 293.50411 -2767.2368 1671.1907 2403.4739
2055000 306.36175 -2772.4406 1705.7942 2586.1783
2060000 296.15279 -2787.0373 1698.941 2443.0045
2065000 305.86045 -2795.7521 1656.3168 2507.4124
2070000 304.89955 -2754.3655 1641.0417 2522.0668
2075000 304.05771 -2764.5047 1704.5366 2565.385
2080000 304.94167 -2723.6403 1668.2027 2580.4552
2085000 307.13772 -2740.6123 1657.5328 2578.9973
2090000 301.52967 -2732.6417 1649.8055 2512.3745
2095000 304.73276 -2721.0062 1705.297 2617.6927
2100000 300.7374 -2725.1567 1654.1854 2514.793
2105000 299.42428 -2736.5385 1763.974 2597.5431
2110000 300.67125 -2747.2671 1692.6886 2530.3969
2115000 314.33692 -2697.5919 1716.2313 2766.5539
2120000 302.56025 -2704.8169 1693.3677 2596.0492
2125000 300.85594 -2664.7007 1702.6744 2625.1514
2130000 290.96424 -2723.1938 1689.0232 2435.066
2135000 302.81292 -2683.4818 1702.7308 2629.7601
2140000 297.44708 -2738.9172 1690.2569 2497.8727
2145000 307.8514 -2700.6554 1719.3969 2689.3277
2150000 300.16587 -2691.5012 1699.1451 2586.5936
2155000 292.59657 -2722.9274 1688.9913 2454.7631
2160000 297.369 -2736.7238 1674.4583 2483.3365
2165000 291.36999 -2707.6788 1712.7826 2479.1781
2170000 303.59106 -2718.1875 1747.8859 2649.4875
2175000 304.38348 -2719.2651 1694.083 2604.0552
2180000 297.94163 -2692.1481 1621.4065 2481.6881
2185000 303.13358 -2674.7084 1683.2126 2622.8386
2190000 305.33776 -2721.1959 1642.0344 2561.4539
2195000 302.73835 -2728.7357 1701.0218 2581.9082
2200000 300.97881 -2721.7788 1699.1352 2565.999
2205000 298.80346 -2725.8679 1775.958 2612.7955
2210000 295.34381 -2722.8138 1680.9417 2479.5831
2215000 299.26856 -2702.2702 1728.5696 2594.5503
2220000 294.83875 -2750.8611 1662.2497 2426.8218
2225000 304.79969 -2737.4724 1692.8537 2589.5812
2230000 302.93549 -2746.8268 1685.8782 2551.024
2235000 298.48267 -2770.106 1699.2134 2487.9879
2240000 302.93237 -2758.6111 1703.4936 2556.8179
2245000 304.46464 -2756.1834 1664.6412 2538.6628
2250000 296.03553 -2733.6418 1683.5386 2479.5996
2255000 306.16077 -2789.2873 1655.2623 2516.4033
2260000 295.82731 -2773.235 1678.8842 2432.8692
2265000 293.1432 -2727.0302 1674.5097 2442.6964
2270000 301.50775 -2713.9525 1691.6798 2572.6765
2275000 301.62094 -2743.211 1622.148 2475.2359
2280000 300.86623 -2708.9433 1733.0578 2611.4149
2285000 299.47967 -2720.5565 1708.4828 2558.6944
2290000 294.63051 -2737.3202 1738.6405 2514.2706
2295000 302.88967 -2718.208 1722.4638 2615.6821
2300000 306.54107 -2763.6079 1692.2107 2583.5656
2305000 301.79627 -2725.0485 1672.2816 2545.6225
2310000 304.27254 -2726.1793 1684.0275 2585.7628
2315000 297.7551 -2766.2704 1690.8322 2474.7674
2320000 308.23675 -2722.9233 1640.7779 2593.0355
2325000 305.83662 -2741.2459 1699.1009 2604.4185
2330000 304.61749 -2755.5386 1619.8695 2496.3584
2335000 294.59733 -2790.7105 1728.9078 2450.752
2340000 302.62243 -2794.2758 1712.817 2526.7811
2345000 298.43537 -2743.1754 1672.2052 2487.3463
2350000 295.83773 -2783.6374 1739.0008 2482.7078
2355000 300.99821 -2764.2664 1656.3549 2480.9625
2360000 300.18207 -2775.5306 1741.6535 2545.2658
2365000 299.99529 -2755.752 1705.1013 2526.2651
2370000 304.55282 -2755.9932 1709.0614 2584.3246
2375000 302.66323 -2789.4892 1681.7596 2500.9968
2380000 302.08154 -2737.2592 1683.7081 2548.2396
2385000 295.51784 -2748.5158 1730.6142 2505.6287
2390000 297.18263 -2783.3525 1660.5946 2420.622
2395000 297.24987 -2777.4482 1693.5907 2460.3241
2400000 301.3381 -2771.9812 1729.0663 2550.0116
2405000 298.6437 -2797.0266 1705.1184 2468.8924
2410000 295.13777 -2779.8362 1736.5533 2475.7157
2415000 301.41916 -2790.7046 1632.6533 2435.8418
2420000 296.36949 -2786.2097 1695.4438 2442.9188
2425000 300.31947 -2750.3424 1680.3545 2510.7932
2430000 301.74412 -2785.3684 1683.1559 2495.5552
2435000 300.02562 -2753.2416 1686.3348 2510.3707
2440000 300.31787 -2730.1167 1714.2316 2564.8771
2445000 301.5925 -2723.8549 1673.7618 2545.8666
2450000 294.83281 -2723.6501 1676.7104 2468.4227
2455000 295.52999 -2701.6875 1684.1869 2506.1744
2460000 299.28149 -2718.7145 1671.3617 2521.0523
2465000 297.60231 -2716.5994 1703.4425 2535.2269
2470000 298.98107 -2746.5394 1708.5644 2526.848
2475000 301.45703 -2721.5872 1726.8165 2599.5739
2480000 295.09172 -2723.3961 1682.9947 2478.0482
2485000 299.59064 -2747.7292 1690.0044 2514.3663
2490000 292.72506 -2724.2759 1649.9913 2415.9467
2495000 302.08665 -2754.2929 1649.705 2497.2639
2500000 302.03369 -2740.4569 1703.1226 2563.886
2505000 302.74119 -2779.1192 1696.2444 2526.7811
2510000 303.44996 -2713.2301 1719.6759 2624.5526
2515000 298.96318 -2730.957 1705.0931 2538.7459
2520000 306.03338 -2740.5912 1626.4202 2534.7385
2525000 298.64367 -2697.0282 1731.96 2595.732
2530000 297.03521 -2727.2524 1676.0575 2490.4271
2535000 294.16233 -2728.0683 1692.3518 2471.6516
2540000 294.23549 -2724.5679 1681.5565 2465.2291
2545000 295.50835 -2702.6469 1642.7619 2463.532
2550000 300.82356 -2760.1931 1677.3745 2503.9729
2555000 290.72728 -2751.011 1767.7121 2483.1124
2560000 299.54986 -2744.6212 1742.1425 2569.1263
2565000 299.39609 -2740.0104 1700.0399 2529.801
2570000 298.40891 -2708.4827 1668.5461 2518.0645
2575000 297.22032 -2728.3913 1731.3007 2546.7386
2580000 298.60254 -2711.9287 1705.6539 2554.035
2585000 306.17133 -2744.5746 1629.0566 2535.0363
2590000 297.82527 -2729.0693 1688.6215 2510.5944
2595000 301.58035 -2708.5079 1673.4401 2560.7471
2600000 301.42163 -2719.5954 1728.0218 2602.3489
2605000 290.1142 -2709.5642 1740.5608 2490.098
2610000 305.62031 -2730.8658 1720.5899 2633.7085
2615000 301.92048 -2700.4675 1709.7528 2609.1557
2620000 300.23635 -2716.6434 1642.2548 2505.4016
2625000 295.14361 -2714.094 1686.1489 2491.123
2630000 305.62854 -2741.7806 1686.023 2588.325
2635000 299.48851 -2722.7396 1720.3214 2568.4553
2640000 297.4378 -2735.8628 1751.2817 2561.8412
2645000 294.81435 -2681.2134 1671.7952 2505.7241
2650000 305.64393 -2693.1096 1736.0015 2687.1579
2655000 303.56235 -2727.9662 1673.7938 2565.2744
2660000 294.59273 -2712.0857 1691.4982 2491.9124
2665000 302.32712 -2686.8708 1687.5396 2605.3876
2670000 299.32856 -2644.8893 1654.0579 2578.1349
2675000 301.29627 -2641.7254 1706.7825 2657.4849
2680000 301.17183 -2672.6206 1681.7107 2600.0341
2685000 304.51446 -2649.6448 1731.3227 2712.4769
2690000 297.68444 -2686.7527 1697.2823 2559.8926
2695000 305.48237 -2706.3041 1704.0784 2640.114
2700000 306.83151 -2682.9925 1661.0691 2636.5024
2705000 301.78525 -2669.4039 1690.0303 2618.8844
2710000 299.99156 -2693.4732 1705.7058 2589.104
2715000 298.86766 -2686.8278 1738.5349 2615.1779
2720000 295.54394 -2715.7093 1730.2856 2538.4176
2725000 297.0424 -2753.9204 1619.7101 2407.4976
2730000 302.02301 -2763.1485 1708.7362 2546.6806
2735000 292.78143 -2764.8406 1685.9868 2412.0494
2740000 302.50512 -2738.6623 1751.2744 2619.4533
2745000 298.78005 -2764.6305 1653.7391 2451.5349
2750000 291.84728 -2794.5152 1678.5243 2363.7743
2755000 301.51876 -2762.2319 1716.4832 2549.3318
2760000 301.51947 -2760.5204 1683.7861 2518.3548
2765000 299.94201 -2775.3674 1704.8613 2505.7745
2770000 297.597 -2770.6683 1688.5774 2466.2296
2775000 293.66956 -2747.1309 1652.9066 2407.2684
2780000 302.41124 -2753.3939 1702.769 2555.0969
2785000 297.06406 -2771.6185 1676.6741 2447.0217
2790000 299.70549 -2722.9631 1729.7401 2580.2376
2795000 295.66638 -2776.6472 1697.9798 2446.6339
2800000 298.39233 -2809.7347 1666.6739 2414.7425
2805000 300.70151 -2757.0528 1680.3931 2508.6767
2810000 299.98845 -2776.1747 1714.7252 2515.3849
2815000 294.22142 -2758.9571 1598.5188 2347.6343
2820000 297.95182 -2808.7022 1662.1659 2406.0148
2825000 295.59801 -2804.3998 1684.1721 2404.2584
2830000 303.87663 -2767.3338 1728.5478 2584.4081
2835000 296.05768 -2701.2668 1700.7479 2529.448
2840000 299.32347 -2738.0012 1678.7845 2509.689
2845000 301.21507 -2719.7305 1651.4526 2523.1818
2850000 302.59554 -2726.6228 1677.5975 2558.8939
2855000 300.1582 -2747.3123 1740.6374 2572.1835
2860000 303.62613 -2744.176 1723.076 2599.1072
2865000 296.20615 -2736.1201 1675.6829 2471.2998
2870000 299.47266 -2694.9861 1696.2806 2571.979
2875000 301.25787 -2696.8772 1672.472 2567.5647
2880000 304.61358 -2706.4803 1702.4756 2627.9761
2885000 300.77693 -2711.7721 1737.5534 2612.0169
2890000 299.74074 -2738.5838 1701.0446 2536.3416
2895000 303.74835 -2742.7228 1651.4997 2530.4415
2900000 295.70424 -2703.4778 1712.3643 2534.6391
2905000 298.09819 -2711.5853 1657.0401 2499.7512
2910000 299.41754 -2739.182 1655.3846 2486.2299
2915000 294.17762 -2751.4909 1731.6013 2487.6609
2920000 301.36357 -2750.0591 1693.7576 2536.9288
2925000 300.15542 -2739.5892 1668.7141 2507.9501
2930000 296.04562 -2734.823 1710.9012 2505.9012
2935000 299.20151 -2719.0692 1667.2628 2515.645
2940000 300.75518 -2757.7342 1623.6052 2451.8473
2945000 296.6111 -2760.6779 1716.0559 2491.9434
2950000 307.28817 -2747.4875 1747.7629 2664.1461
2955000 310.14831 -2781.9065 1708.883 2624.9492
2960000 296.29313 -2774.3375 1663.5561 2421.9928
2965000 300.89776 -2787.9675 1640.9527 2440.6615
2970000 304.21535 -2791.7862 1675.9951 2511.4415
2975000 298.75647 -2803.8887 1678.0824 2436.3388
2980000 297.01259 -2757.1864 1706.0781 2490.2442
2985000 301.18557 -2778.013 1729.1306 2542.2255
2990000 290.83083 -2734.8531 1681.258 2414.0508
2995000 304.36629 -2745.6825 1657.9065 2541.2563
3000000 296.94489 -2777.1936 1648.46 2411.8116
3005000 297.73064 -2804.3524 1656.689 2402.2505
3010000 296.39499 -2805.1727 1699.7417 2428.5576
3015000 298.10219 -2776.3637 1681.0659 2459.0462
3020000 294.47864 -2789.6831 1714.2865 2435.743
3025000 306.43343 -2810.8455 1706.044 2548.8779
3030000 298.21331 -2751.8731 1683.3336 2487.1294
3035000 296.23884 -2781.3701 1695.0507 2445.8074
3040000 296.60705 -2766.8644 1673.218 2442.8708
3045000 301.13866 -2768.6664 1695.3763 2517.2585
3050000 299.90502 -2787.0098 1668.5515 2457.3813
3055000 301.60409 -2804.28 1727.409 2519.227
3060000 296.73314 -2827.9104 1649.6377 2359.7478
3065000 299.63044 -2830.3995 1725.7568 2467.9229
3070000 298.99317 -2808.5527 1688.1315 2444.5461
3075000 296.63505 -2790.115 1660.0629 2406.7989
3080000 298.98968 -2771.0537 1712.7183 2506.5903
3085000 305.15427 -2846.1796 1678.4909 2470.7389
3090000 296.65978 -2835.0901 1627.0222 2329.0779
3095000 299.0156 -2850.9096 1662.6022 2376.9274
3100000 304.6318 -2833.7089 1700.2222 2498.7114
3105000 297.40347 -2807.8427 1659.1431 2397.3134
3110000 296.66892 -2799.5593 1664.5073 2402.2028
3115000 305.82933 -2827.9381 1677.5342 2496.0727
3120000 298.46045 -2864.8228 1717.5659 2411.3587
3125000 295.77278 -2798.5593 1708.7431 2436.7537
3130000 306.65387 -2825.3183 1688.8915 2519.881
3135000 306.31593 -2810.321 1677.836 2519.7934
3140000 308.78616 -2838.5375 1644.04 2487.234
3145000 298.96764 -2799.3157 1705.4324 2470.7797
3150000 303.68327 -2807.3608 1687.7493 2501.277
3155000 304.57087 -2819.3074 1677.977 2490.1413
3160000 298.49791 -2791.7331 1697.613 2464.9422
3165000 300.84251 -2814.6306 1653.5144 2425.9013
3170000 300.07647 -2831.5953 1647.7916 2394.0802
3175000 302.32202 -2807.5443 1662.1507 2459.2644
3180000 306.89334 -2824.8795 1737.2999 2571.5835
3185000 294.65528 -2784.8409 1694.3259 2422.7306
3190000 298.5797 -2829.4792 1703.0651 2433.6234
3195000 299.67491 -2798.4815 1713.8404 2488.4549
3200000 301.90453 -2806.2023 1703.5471 2497.0251
3205000 294.86797 -2779.2785 1729.7741 2466.2772
3210000 305.3662 -2809.419 1680.3884 2511.924
3215000 295.40194 -2818.7126 1730.0754 2433.5111
3220000 297.67324 -2824.0401 1640.5965 2365.7859
3225000 296.80219 -2797.832 1666.5228 2407.5346
3230000 301.93984 -2830.677 1765.0159 2534.4402
3235000 304.04467 -2781.7473 1680.9557 2524.4062
3240000 300.07728 -2806.7204 1689.2535 2460.4267
3245000 290.15488 -2824.2021 1678.4243 2313.8085
3250000 305.22059 -2818.7276 1698.0046 2518.4954
3255000 302.69441 -2841.0959 1707.7176 2475.7199
3260000 299.41693 -2846.8943 1620.1987 2343.3243
3265000 297.19182 -2846.2791 1719.9281 2417.1384
3270000 295.6432 -2886.6445 1662.5279 2300.9083
3275000 292.24794 -2885.3031 1694.1473 2293.3866
3280000 299.44004 -2863.9924 1607.318 2313.6211
3285000 301.38421 -2830.8273 1723.7649 2486.4139
3290000 296.35471 -2852.6273 1691.9492 2372.8302
3295000 297.95296 -2847.4769 1659.1665 2364.2543
3300000 309.04444 -2819.6258 1642.059 2507.2444
3305000 298.47432 -2878.716 1667.0073 2347.0723
3310000 304.1791 -2890.5242 1676.2279 2412.5042
3315000 302.12476 -2849.4601 1680.1544 2433.0004
3320000 302.4976 -2879.1895 1702.9431 2430.5051
3325000 300.90404 -2876.1867 1757.4932 2469.0576
3330000 299.83192 -2844.4166 1675.4756 2406.027
3335000 299.20372 -2838.618 1624.5825 2353.4423
3340000 300.10452 -2821.2294 1646.9718 2403.9607
3345000 299.66033 -2799.4922 1724.3327 2497.7626
3350000 300.55761 -2847.2699 1733.9289 2470.2795
3355000 301.14318 -2835.4791 1659.0215 2414.1449
3360000 305.28233 -2854.9628 1658.2767 2443.2684
3365000 297.10986 -2803.0408 1696.2618 2435.7332
3370000 297.70227 -2841.5696 1674.4289 2382.435
3375000 291.41266 -2820.9199 1681.5572 2335.2204
3380000 305.39029 -2849.1318 1678.3652 2470.4753
3385000 303.82127 -2807.3518 1690.1081 2505.2903
3390000 296.8945 -2802.2208 1716.0369 2453.7605
3395000 300.70915 -2799.3335 1752.7753 2538.8692
3400000 304.12504 -2837.7544 1679.5132 2467.9147
3405000 291.2462 -2799.9864 1664.9556 2337.5677
3410000 300.97419 -2772.5614 1682.4688 2498.495
3415000 296.90693 -2794.5093 1675.3854 2420.9688
3420000 296.33617 -2776.486 1723.8015 2480.6028
3425000 298.26006 -2777.2529 1624.7629 2403.7365
3430000 295.92838 -2752.1748 1712.1523 2488.4026
3435000 303.0489 -2796.2806 1692.0574 2509.1016
3440000 301.1402 -2744.8484 1687.4454 2533.1639
3445000 297.92711 -2758.6812 1711.125 2504.7003
3450000 304.33147 -2818.2963 1702.4362 2512.7571
3455000 300.16501 -2783.6668 1712.3567 2507.6294
3460000 297.61385 -2802.0316 1694.7362 2441.226
3465000 295.99328 -2807.0897 1701.9391 2424.0484
3470000 299.78788 -2784.1476 1689.1788 2479.4742
3475000 298.94232 -2765.2661 1671.3582 2470.4532
3480000 298.78645 -2746.5271 1695.7182 2511.6938
3485000 298.97781 -2765.0637 1702.8941 2502.6147
3490000 303.79157 -2724.9922 1708.4138 2605.6015
3495000 305.05657 -2751.7929 1661.9039 2547.3737
3500000 296.75417 -2752.872 1746.9417 2532.3409
3505000 302.32126 -2763.3346 1707.9039 2549.2184
3510000 298.335 -2775.259 1683.0 2464.8608
3515000 308.69 -2755.6389 1634.2582 2559.2043
3520000 297.76379 -2729.0949 1696.4089 2517.6232
3525000 298.13345 -2758.4455 1705.9694 2502.2406
3530000 301.28272 -2700.6071 1688.7382 2580.3973
3535000 300.58511 -2710.8313 1664.3876 2537.5047
3540000 307.20676 -2706.7773 1677.3926 2633.5152
3545000 298.76025 -2711.3701 1708.2977 2559.1178
3550000 300.74383 -2726.6124 1713.4855 2572.7141
3555000 301.23207 -2691.2092 1707.0873 2607.5405
3560000 294.98901 -2709.8652 1692.8471 2500.2067
3565000 294.30153 -2712.0795 1664.5683 2461.5167
3570000 299.73199 -2705.8541 1699.0672 2566.9896
3575000 302.09733 -2685.0206 1690.1259 2607.0844
3580000 306.11176 -2698.2585 1700.9007 2652.4862
3585000 299.92494 -2696.0087 1685.1969 2565.2653
3590000 300.21231 -2717.6156 1707.7088 2569.5967
3595000 302.70271 -2718.6979 1661.4188 2551.9181
3600000 307.62956 -2704.9181 1682.4299 2645.453
3605000 301.73587 -2699.8213 1701.5713 2599.4192
3610000 302.88093 -2725.631 1681.0741 2566.7653
3615000 300.03683 -2748.6013 1706.496 2535.3058
3620000 305.90452 -2755.5469 1680.7036 2572.5298
3625000 291.94719 -2770.1948 1734.3336 2445.0952
3630000 294.61896 -2764.5723 1678.9231 2427.1634
3635000 297.70616 -2774.9409 1693.7775 2468.4587
3640000 300.27543 -2765.388 1694.799 2509.6671
3645000 297.4659 -2738.8745 1732.5524 2540.4353
3650000 298.33817 -2735.0106 1678.0489 2500.196
3655000 295.928 -2755.266 1689.7348 2462.8894
3660000 303.4177 -2723.545 1707.3861 2601.5632
3665000 298.34411 -2737.783 1674.7015 2494.147
3670000 300.32821 -2758.1257 1690.7268 2513.4865
3675000 297.39388 -2717.2103 1683.1913 2511.8797
3680000 291.7915 -2785.993 1704.1719 2397.279
3685000 305.46112 -2813.3548 1695.8968 2524.6283
3690000 302.4526 -2795.7732 1707.5291 2517.971
3695000 299.94492 -2799.6903 1721.8343 2498.4593
3700000 299.02273 -2811.6978 1706.1007 2459.7228
3705000 293.99224 -2810.0882 1689.2062 2384.4581
3710000 297.59579 -2823.11 1734.3719 2459.568
3715000 299.93447 -2757.6845 1693.9858 2512.4921
3720000 300.57162 -2788.694 1701.1934 2496.287
3725000 306.26531 -2746.8729 1659.3933 2564.1953
3730000 295.97116 -2771.2144 1648.5931 2406.314
3735000 304.27511 -2799.5434 1722.4994 2550.9012
3740000 298.9569 -2751.8186 1666.4555 2479.1717
3745000 295.43916 -2784.7849 1691.1131 2428.9203
3750000 297.63753 -2799.3765 1670.3944 2419.8216
3755000 296.81593 -2769.0486 1670.2564 2440.2154
3760000 305.30498 -2793.3742 1701.1535 2548.0038
3765000 297.71495 -2783.0968 1700.2565 2466.8865
3770000 300.41617 -2766.217 1730.1129 2545.8301
3775000 296.39894 -2771.6807 1669.632 2431.9871
3780000 300.83106 -2811.6658 1689.7379 2464.9531
3785000 303.40485 -2804.7871 1690.189 2502.9707
3790000 296.36973 -2798.5947 1648.6603 2383.7531
3795000 297.70618 -2852.0069 1684.4031 2382.0186
3800000 299.76939 -2811.4016 1688.019 2450.8399
3805000 296.32342 -2788.3096 1729.3282 2474.1539
3810000 299.53779 -2797.1313 1742.9029 2517.2326
3815000 306.69349 -2785.8688 1712.6571 2583.5685
3820000 299.32406 -2806.6332 1655.7022 2417.9817
3825000 295.92179 -2796.4347 1708.4304 2440.3423
3830000 307.13044 -2803.1174 1635.1294 2494.002
3835000 303.97165 -2788.668 1658.3715 2494.0305
3840000 297.72397 -2788.6867 1716.024 2477.1717
3845000 303.12477 -2777.0035 1637.6532 2474.8791
3850000 297.67214 -2787.8798 1627.693 2389.0296
3855000 298.53888 -2771.3433 1640.5377 2428.7452
3860000 301.08608 -2813.9775 1724.6842 2500.6284
3865000 298.17107 -2822.4797 1659.6665 2392.352
3870000 299.96897 -2825.2934 1701.2472 2452.5559
3875000 301.06487 -2815.1298 1742.8315 2517.3706
3880000 298.09012 -2820.9479 1691.3026 2424.5548
3885000 305.81737 -2812.3952 1655.8911 2489.8298
3890000 294.52254 -2831.9073 1698.3124 2378.068
3895000 301.88793 -2825.6071 1662.3292 2436.2044
3900000 304.97941 -2825.9135 1740.5307 2550.96
3905000 304.84303 -2796.9786 1708.5996 2546.3378
3910000 303.10555 -2818.551 1726.9095 2522.3588
3915000 297.19847 -2822.6682 1654.0677 2374.9682
3920000 288.20486 -2843.8534 1685.2011 2277.6834
3925000 295.69318 -2823.1049 1690.6663 2393.1822
3930000 290.77697 -2840.6896 1703.8794 2330.1936
3935000 298.4413 -2846.2385 1748.9749 2461.1237
3940000 300.20938 -2847.1752 1741.3904 2473.6837
3945000 298.57493 -2872.131 1648.3715 2336.2211
3950000 303.58173 -2865.5215 1685.9717 2440.128
3955000 295.09948 -2847.8237 1675.4784 2346.1967
3960000 294.21044 -2824.61 1670.8742 2354.206
3965000 305.15085 -2832.5314 1671.9921 2477.8477
3970000 297.77092 -2830.1239 1762.7412 2483.0115
3975000 298.27188 -2826.8957 1689.5647 2419.0363
3980000 294.0056 -2794.3906 1674.9057 2386.0145
3985000 302.16952 -2836.711 1678.3928 2444.5215
3990000 299.98967 -2840.843 1658.9277 2394.9336
3995000 300.94869 -2847.9005 1669.0349 2409.4179
4000000 299.69548 -2824.3142 1638.4911 2387.518
4005000 298.44709 -2804.3151 1682.1662 2436.3075
4010000 299.43737 -2819.1875 1718.8634 2469.9396
4015000 305.09056 -2778.1066 1680.4166 2539.978
4020000 303.75376 -2766.7322 1684.7128 2539.7096
4025000 295.30251 -2747.1076 1670.2763 2444.1314
4030000 303.29229 -2753.0561 1717.2451 2580.4158
4035000 299.84946 -2762.7686 1665.4629 2477.8714
4040000 305.26667 -2720.7562 1740.1988 2659.2104
4045000 297.33028 -2725.4213 1711.5182 2531.2373
4050000 302.20584 -2767.5134 1658.4289 2494.1884
4055000 295.66255 -2743.0891 1686.1504 2468.3169
4060000 296.82201 -2747.55 1701.1343 2492.6644
4065000 299.12927 -2742.8339 1698.9812 2522.7375
4070000 307.01348 -2734.3638 1678.7621 2604.9938
4075000 297.81766 -2773.2969 1735.3676 2513.0222
4080000 300.22103 -2753.7234 1728.2128 2554.0969
4085000 306.34839 -2751.3175 1653.8958 2555.2438
4090000 294.76853 -2773.8321 1709.6592 2450.4231
4095000 297.15685 -2748.9824 1714.4723 2508.5625
4100000 298.55537 -2749.0451 1650.7094 2461.4117
4105000 302.22418 -2750.0928 1664.5761 2517.9748
4110000 301.04522 -2771.9118 1673.711 2491.2337
4115000 302.24868 -2785.5109 1665.1247 2483.3975
4120000 299.55506 -2772.4531 1681.7557 2480.9695
4125000 298.1465 -2773.3481 1705.0159 2486.5401
4130000 298.2182 -2758.3087 1702.8206 2500.2392
4135000 297.22194 -2745.6691 1694.6712 2492.8508
4140000 302.24811 -2757.3342 1700.2816 2546.7242
4145000 297.4211 -2768.0981 1681.9568 2460.0819
4150000 304.2233 -2761.0664 1704.2215 2570.4826
4155000 304.08469 -2809.7971 1650.3 2466.1778
4160000 302.26166 -2767.352 1657.2856 2493.8719
4165000 299.33454 -2804.5537 1740.6714 2505.1554
4170000 298.53191 -2810.2721 1666.3231 2415.5187
4175000 309.43128 -2800.5226 1649.4305 2538.3313
4180000 299.00919 -2855.8409 1679.8519 2389.1693
4185000 293.16105 -2857.8189 1695.26 2332.8707
4190000 297.13645 -2832.3464 1699.6181 2410.101
4195000 294.87945 -2813.4547 1671.0641 2373.5279
4200000 295.93032 -2829.9001 1626.3007 2324.849
4205000 299.14423 -2816.08 1697.4519 2448.1404
4210000 298.37474 -2816.4127 1701.6929 2442.8739
4215000 303.88178 -2806.7007 1685.4579 2502.0126
4220000 294.82122 -2822.8358 1716.8643 2409.2528
4225000 290.02865 -2807.8157 1707.0117 2357.2773
4230000 299.03177 -2797.4652 1697.9853 2465.9477
4235000 296.45958 -2806.7153 1690.705 2418.7485
4240000 300.91572 -2805.9788 1691.9744 2473.886
4245000 297.45439 -2804.9467 1752.619 2494.2923
4250000 297.8387 -2812.6684 1651.9977 2390.5317
4255000 304.28324 -2789.6571 1739.9918 2578.3769
4260000 295.48577 -2828.5683 1625.7127 2320.2923
4265000 292.86751 -2813.9177 1669.9516 2347.9636
4270000 297.07049 -2830.9269 1701.4406 2412.5565
4275000 295.19969 -2815.2198 1736.8348 2441.3518
4280000 295.21223 -2804.8017 1660.8292 2375.9138
4285000 304.669 -2833.2557 1740.4812 2539.8671
4290000 298.53501 -2792.9693 1712.1821 2478.7175
4295000 298.45157 -2779.7123 1668.5576 2447.355
4300000 304.86819 -2802.1887 1663.9269 2496.7549
4305000 303.11201 -2799.8375 1669.0456 2483.2853
4310000 299.54766 -2811.3166 1678.5748 2438.8369
4315000 298.86238 -2793.1565 1760.9732 2531.2247
4320000 300.31239 -2755.3032 1690.4116 2515.8052
4325000 312.52172 -2752.2868 1659.0039 2632.9885
4330000 298.14177 -2735.0222 1690.2563 2510.0501
4335000 301.13931 -2746.5097 1704.0018 2548.0484
4340000 300.46798 -2724.5316 1683.334 2541.3542
4345000 297.38392 -2721.9378 1735.07 2558.9121
4350000 303.93696 -2728.4683 1691.0325 2586.4775
4355000 298.86539 -2698.9868 1655.722 2520.179
4360000 300.64144 -2704.879 1677.5872 2557.3284
4365000 295.22386 -2706.0621 1690.6279 2504.5907
4370000 294.75567 -2740.9566 1661.4913 2434.9773
4375000 303.53795 -2735.5726 1704.0577 2587.641
4380000 295.31382 -2766.8406 1737.8541 2492.1111
4385000 301.30933 -2730.3263 1660.7526 2523.0097
4390000 308.39985 -2763.6239 1715.012 2628.5136
4395000 298.36353 -2739.6191 1701.6961 2519.537
4400000 305.47444 -2745.7544 1693.7757 2590.2665
4405000 294.30362 -2780.2149 1676.9557 2405.7935
4410000 301.49183 -2768.9053 1646.3872 2472.2415
4415000 305.94456 -2736.965 1693.8553 2604.7407
4420000 302.50434 -2734.9711 1697.0145 2568.8752
4425000 299.82135 -2752.9683 1621.7223 2443.596
4430000 299.34081 -2713.164 1681.1966 2537.1451
4435000 305.90641 -2707.0178 1664.0733 2604.4512
4440000 299.16745 -2726.9007 1729.5366 2569.6813
4445000 299.69836 -2700.0893 1691.9597 2565.2459
4450000 296.89188 -2727.8043 1724.2131 2536.322
4455000 306.83158 -2714.7787 1662.5089 2606.1569
4460000 301.02533 -2728.4383 1665.835 2526.594
4465000 299.7764 -2757.32 1632.287 2449.2729
4470000 295.75843 -2766.0633 1651.8527 2412.1883
4475000 301.18304 -2777.78 1668.1077 2481.4055
4480000 306.32291 -2751.6889 1733.3208 2633.9935
4485000 297.23971 -2746.1779 1660.4255 2458.308
4490000 297.88643 -2729.9041 1703.6848 2525.5522
4495000 297.65149 -2752.3365 1694.6501 2491.2838
4500000 299.85937 -2699.0104 1735.1762 2611.4611
4505000 296.83268 -2729.3589 1695.0509 2504.8993
4510000 301.03672 -2723.6251 1711.4084 2577.1164
4515000 300.32389 -2747.0503 1704.9609 2538.7445
4520000 292.37733 -2736.9288 1670.0396 2419.1959
4525000 298.8463 -2715.035 1647.5887 2495.7698
4530000 299.96144 -2755.281 1722.1099 2543.3412
4535000 296.17672 -2759.1592 1723.7738 2496.0008
4540000 302.05346 -2751.9858 1714.6419 2564.112
4545000 299.50446 -2772.0486 1682.1029 2481.118
4550000 304.0401 -2762.8017 1717.4732 2579.8147
4555000 304.0615 -2758.09 1673.1962 2540.5045
4560000 305.33576 -2755.5656 1651.3785 2536.4045
4565000 302.56664 -2751.7674 1736.8381 2592.6454
4570000 301.97712 -2772.3814 1706.6296 2534.7939
4575000 300.15675 -2726.489 1687.6453 2539.9973
4580000 297.11956 -2747.6202 1639.3178 2434.3255
4585000 300.50178 -2762.3012 1687.4475 2508.1012
4590000 305.42276 -2753.6269 1693.8766 2581.8787
4595000 294.08251 -2764.2361 1709.5511 2451.7313
4600000 305.24063 -2718.9164 1661.7686 2582.3096
4605000 302.11724 -2735.2841 1705.6509 2572.5833
4610000 297.82941 -2759.9336 1647.7076 2438.8656
4615000 298.05491 -2752.3727 1718.386 2519.7935
4620000 307.84353 -2743.633 1645.3197 2572.179
4625000 300.87182 -2760.64 1657.2244 2483.9514
4630000 299.69061 -2767.9952 1671.275 2476.563
4635000 301.60004 -2765.8052 1738.7984 2569.043
4640000 296.04631 -2752.0858 1701.1883 2478.9338
4645000 301.47256 -2728.4971 1702.5095 2568.5422
4650000 307.61227 -2744.8289 1653.5098 2576.4159
4655000 308.5967 -2744.4909 1717.7193 2652.701
4660000 298.31123 -2733.7433 1719.1624 2542.2556
4665000 293.96467 -2704.7809 1683.5933 2483.8237
4670000 297.03717 -2711.4308 1656.0261 2486.2408
4675000 302.0879 -2739.3531 1713.3864 2575.8999
4680000 299.23607 -2726.704 1690.4662 2531.6258
4685000 302.51239 -2760.5953 1674.9307 2521.2632
4690000 301.26974 -2725.6506 1687.9456 2554.4065
4695000 295.6154 -2754.3964 1661.9339 2432.231
4700000 295.75367 -2765.7303 1635.3273 2395.9392
4705000 301.12404 -2780.5883 1734.5388 2544.3248
4710000 294.30632 -2791.848 1673.1338 2390.3708
4715000 291.0302 -2800.2027 1679.7789 2349.5992
4720000 299.22874 -2795.8958 1654.1488 2426.0293
4725000 293.2967 -2804.6351 1686.4387 2378.8507
4730000 300.3683 -2764.4065 1656.0568 2473.0137
4735000 304.03422 -2774.6777 1645.2109 2495.6062
4740000 294.5603 -2781.0801 1693.6365 2424.6696
4745000 296.94201 -2749.7346 1626.976 2417.7522
4750000 296.08806 -2772.5782 1680.6956 2438.4464
4755000 301.66369 -2768.6764 1704.1308 2532.2631
4760000 298.07366 -2748.9683 1655.9178 2460.9534
4765000 304.34105 -2804.9604 1649.1868 2472.9578
4770000 303.00871 -2802.3499 1704.8395 2515.3353
4775000 302.88999 -2810.6687 1678.2348 2478.9962
4780000 294.45808 -2776.33 1670.7052 2405.2696
4785000 301.9319 -2805.2864 1727.7163 2522.4366
4790000 301.94452 -2768.9628 1650.0696 2481.2637
4795000 299.60251 -2811.5906 1689.4515 2450.0936
4800000 295.09869 -2837.442 1733.7198 2414.8103
4805000 299.80355 -2836.1607 1647.6123 2386.0814
4810000 305.09603 -2816.5493 1675.8621 2497.046
4815000 300.7618 -2793.7435 1674.1482 2466.4598
4820000 302.60827 -2761.1254 1687.9652 2534.9108
4825000 298.68745 -2745.5045 1732.039 2547.8568
4830000 301.87266 -2761.6423 1715.367 2553.0249
4835000 299.01183 -2761.1702 1670.9896 2475.0094
4840000 300.52103 -2756.405 1651.6042 2478.3837
4845000 302.56213 -2738.9999 1710.1271 2578.648
4850000 304.55456 -2773.2635 1679.8851 2537.8987
4855000 302.42907 -2741.2948 1659.6992 2524.3388
4860000 303.5426 -2773.5252 1757.1301 2602.8163
4865000 299.57412 -2763.8025 1652.6012 2460.6929
4870000 301.50634 -2765.763 1705.5738 2534.7433
4875000 300.12071 -2760.6263 1707.3042 2525.0892
4880000 299.23598 -2739.7962 1672.698 2500.7642
4885000 297.76733 -2801.7172 1697.1289 2445.7632
4890000 302.98737 -2804.8399 1668.7646 2476.5158
4895000 297.80043 -2757.0726 1636.1065 2429.78
4900000 299.59107 -2731.2619 1684.0132 2524.8476
4905000 297.73089 -2723.5211 1663.7994 2490.1953
4910000 305.09672 -2734.8948 1690.7462 2593.5929
4915000 306.36155 -2773.1931 1669.1356 2548.765
4920000 302.14341 -2762.8239 1714.9674 2554.6719
4925000 302.30003 -2790.5706 1690.7516 2504.5769
4930000 299.46851 -2764.6813 1726.9929 2532.9466
4935000 299.51598 -2778.6266 1703.7904 2496.3648
4940000 296.83319 -2795.971 1682.6634 2425.9058
4945000 294.93089 -2822.6082 1699.0 2392.9237
4950000 304.40492 -2787.7525 1654.2173 2495.9578
4955000 298.41571 -2811.3914 1690.5767 2437.2675
4960000 304.77031 -2792.0355 1699.8292 2541.6433
4965000 301.58721 -2803.7761 1679.2012 2471.3219
4970000 307.89926 -2812.8281 1742.2459 2600.5746
4975000 303.11843 -2756.0736 1678.1949 2536.2752
4980000 289.19512 -2758.5213 1661.5581 2351.1797
4985000 298.93261 -2783.4255 1695.242 2476.0618
4990000 295.48234 -2792.4551 1666.6138 2397.2655
4995000 291.61975 -2843.7748 1587.0467 2220.3243
5000000 295.26579 -2793.3339 1646.5663 2373.7573
5005000 297.21287 -2790.2567 1675.2989 2428.7827
5010000 305.11188 -2766.8682 1678.1366 2549.1905
