3085000 289
3110000 290
3135000 291
3160000 293
3185000 287
3210000 289
3235000 290
3260000 285
3285000 286
3310000 286
3335000 282
3360000 285
3385000 284
3410000 284
3435000 283
3460000 282
3485000 284
3510000 282
3535000 284
3560000 285
3585000 285
3610000 283
3635000 285
3660000 287
3685000 288
3710000 283
3735000 285
3760000 287
3785000 287
3810000 283
3835000 285
3860000 286
3885000 289
3910000 289
3935000 284
3960000 285
3985000 290
4010000 294
4035000 288
4060000 285
4085000 286
4110000 288
4135000 289
4160000 289
4185000 285
4210000 287
4235000 283
4260000 286
4285000 285
4310000 285
4335000 286
4360000 284
4385000 287
4410000 290
4435000 292
4460000 292
4485000 292
4510000 294
4535000 294
4560000 291
4585000 286
4610000 287
4635000 286
4660000 290
4685000 288
4710000 290
4735000 288
4760000 285
4785000 284
4810000 284
4835000 282
4860000 281
4885000 281
4910000 280
4935000 283
4960000 282
4985000 281
5010000 286
5035000 287
5060000 290
5085000 290
5110000 284
5135000 286
5160000 288
5185000 283
5210000 285
5235000 287
5260000 287
5285000 287
5310000 286
5335000 290
5360000 286
5385000 284
5410000 287
5435000 290
5460000 282
5485000 282
5510000 283
5535000 283
5560000 282
5585000 284
5610000 282
5635000 282
5660000 283
5685000 281
5710000 280
5735000 283
5760000 282
5785000 285
5810000 287
5835000 289
5860000 285
5885000 286
5910000 287
5935000 287
5960000 295
5985000 292
6010000 290
6035000 291
6060000 293
6085000 293
6110000 288
6135000 283
6160000 282
6185000 286
6210000 289
6235000 288
6260000 287
6285000 288
6310000 287
6335000 289
6360000 285
6385000 288
6410000 288
6435000 282
6460000 285
6485000 282
6510000 288
6535000 288
6560000 289
6585000 290
6610000 290
6635000 290
6660000 292
6685000 291
6710000 291
6735000 285
6760000 287
6785000 288
6810000 288
6835000 289
6860000 285
6885000 283
6910000 283
6935000 287
6960000 290
6985000 287
7010000 288
7035000 287
7060000 284
7085000 286
7110000 286
7135000 280
7160000 283
7185000 285
7210000 285
7235000 290
7260000 290
7285000 289
7310000 287
7335000 288
7360000 288
7385000 289
7410000 285
7435000 287
7460000 287
7485000 286
7510000 290
7535000 292
7560000 288
7585000 285
7610000 280
7635000 279
7660000 279
7685000 277
7710000 282
7735000 284
7760000 290
7785000 289
7810000 288
7835000 288
7860000 288
7885000 287
7910000 287
7935000 287
7960000 288
7985000 287
8010000 287
8035000 288
8060000 285
8085000 286
8110000 286
8135000 288
8160000 287
8185000 290
8210000 291
8235000 288
8260000 289
8285000 290
8310000 289
8335000 290
8360000 286
8385000 282
8410000 281
8435000 284
8460000 285
8485000 286
8510000 286
8535000 284
8560000 282
8585000 288
8610000 287
8635000 282
8660000 285
8685000 283
8710000 286
8735000 287
8760000 288
8785000 283
8810000 284
8835000 286
8860000 287
8885000 286
8910000 288
8935000 288
8960000 288
8985000 281
9010000 284
9035000 288
9060000 288
9085000 288
9110000 290
9135000 285
9160000 282
9185000 285
9210000 285
9235000 284
9260000 281
9285000 282
9310000 286
9335000 283
9360000 285
9385000 288
9410000 285
9435000 284
9460000 286
9485000 292
9510000 298
9535000 297
9560000 292
9585000 290
9610000 284
9635000 285
9660000 286
9685000 281
9710000 284
9735000 285
9760000 287
9785000 288
9810000 282
9835000 286
9860000 287
9885000 287
9910000 288
9935000 286
9960000 285
9985000 281
10010000 280
10035000 281
10060000 285
10085000 286
10110000 288
10135000 285
10160000 288
10185000 286
10210000 282
10235000 290
10260000 293
10285000 294
10310000 288
10335000 290
10360000 288
10385000 283
10410000 285
10435000 288
10460000 286
10485000 286
10510000 289
10535000 292
10560000 292
10585000 288
10610000 288
10635000 289
10660000 284
10685000 284
10710000 283
10735000 292
10760000 291
10785000 291
10810000 290
10835000 293
10860000 296
10885000 297
10910000 293
10935000 291
10960000 290
10985000 291
11010000 292
11035000 287
11060000 288
11085000 282
11110000 277
11135000 281
11160000 277
11185000 280
11210000 279
11235000 281
11260000 282
11285000 283
11310000 283
11335000 280
11360000 283
11385000 287
11410000 282
11435000 289
11460000 290
11485000 289
11510000 288
11535000 289
11560000 289
11585000 286
11610000 290
11635000 288
11660000 290
11685000 291
11710000 285
11735000 291
11760000 291
11785000 288
11810000 283
11835000 283
11860000 283
11885000 280
11910000 285
11935000 288
11960000 289
11985000 287
12010000 286
12035000 284
12060000 282
12085000 282
12110000 281
12135000 285
12160000 286
12185000 279
12210000 277
12235000 277
12260000 273
12285000 278
12310000 275
12335000 280
12360000 282
12385000 286
12410000 282
12435000 283
12460000 288
12485000 287
12510000 284
12535000 289
12560000 287
12585000 287
12610000 283
12635000 282
12660000 289
12685000 290
12710000 289
12735000 287
12760000 295
12785000 289
12810000 289
12835000 287
12860000 294
12885000 291
12910000 283
12935000 281
12960000 280
12985000 285
13010000 291
13035000 289
13060000 289
13085000 288
13110000 288
13135000 288
13160000 286
13185000 285
13210000 282
13235000 281
13260000 280
13285000 282
13310000 282
13335000 284
13360000 285
13385000 288
13410000 290
13435000 291
13460000 289
13485000 288
13510000 290
13535000 284
13560000 284
13585000 289
13610000 287
13635000 294
13660000 299
13685000 293
13710000 291
13735000 292
13760000 291
13785000 289
13810000 290
13835000 289
13860000 287
13885000 288
13910000 288
13935000 289
13960000 288
13985000 291
14010000 295
14035000 291
14060000 291
14085000 289
14110000 284
14135000 288
14160000 290
14185000 291
14210000 290
14235000 296
14260000 291
14285000 291
14310000 290
14335000 290
14360000 291
14385000 291
14410000 291
14435000 289
14460000 288
14485000 291
14510000 291
14535000 289
14560000 288
14585000 289
14610000 288
14635000 291
14660000 295
14685000 291
14710000 287
14735000 288
14760000 290
14785000 289
14810000 287
14835000 290
14860000 285
14885000 286
14910000 285
14935000 282
14960000 287
14985000 288
15010000 290
15035000 288
15060000 287
15085000 285
15110000 284
15135000 290
15160000 286
15185000 287
15210000 289
15235000 291
15260000 288
15285000 289
15310000 290
15335000 285
15360000 283
15385000 282
15410000 277
15435000 277
15460000 279
15485000 281
15510000 282
15535000 278
15560000 279
15585000 282
15610000 279
15635000 282
15660000 284
15685000 287
15710000 286
15735000 289
15760000 286
15785000 289
15810000 286
15835000 290
15860000 284
15885000 285
15910000 289
15935000 290
15960000 289
15985000 288
16010000 288
16035000 286
16060000 286
16085000 285
16110000 283
16135000 286
16160000 287
16185000 286
16210000 287
16235000 287
16260000 285
16285000 282
16310000 282
16335000 279
16360000 279
16385000 277
16410000 280
16435000 285
16460000 278
16485000 277
16510000 279
16535000 279
16560000 277
16585000 278
16610000 283
16635000 286
16660000 283
16685000 284
16710000 284
16735000 287
16760000 287
16785000 287
16810000 291
16835000 291
16860000 287
16885000 282
16910000 284
16935000 283
16960000 281
16985000 284
17010000 281
17035000 287
17060000 291
17085000 293
17110000 290
17135000 286
17160000 288
17185000 290
17210000 288
17235000 286
17260000 288
17285000 291
17310000 288
17335000 285
17360000 286
17385000 286
17410000 286
17435000 291
17460000 288
17485000 293
17510000 289
17535000 288
17560000 291
17585000 289
17610000 288
17635000 290
17660000 292
17685000 288
17710000 290
17735000 288
17760000 288
17785000 290
17810000 284
17835000 287
17860000 286
17885000 279
17910000 284
17935000 282
17960000 286
17985000 286
18010000 279
18035000 283
18060000 282
18085000 282
18110000 287
18135000 283
18160000 285
18185000 282
18210000 286
18235000 281
18260000 278
18285000 280
18310000 284
18335000 288
18360000 289
18385000 287
18410000 289
18435000 290
18460000 287
18485000 285
18510000 284
18535000 289
18560000 287
18585000 288
18610000 290
18635000 292
18660000 289
18685000 292
18710000 291
18735000 292
18760000 290
18785000 291
18810000 291
18835000 291
18860000 290
18885000 291
18910000 290
18935000 289
18960000 295
18985000 291
19010000 291
19035000 287
19060000 290
19085000 289
19110000 282
19135000 286
19160000 289
19185000 285
19210000 283
19235000 283
19260000 286
19285000 284
19310000 285
19335000 279
19360000 279
19385000 282
19410000 282
19435000 281
19460000 276
19485000 281
19510000 281
19535000 283
19560000 285
19585000 285
19610000 288
19635000 293
19660000 291
19685000 289
19710000 287
19735000 291
19760000 290
19785000 289
19810000 289
19835000 293
19860000 295
19885000 293
19910000 287
19935000 287
19960000 285
19985000 287
20010000 285
20035000 285
20060000 282
20085000 284
20110000 286
20135000 284
20160000 281
20185000 288
20210000 284
20235000 284
20260000 286
20285000 284
20310000 284
20335000 282
20360000 287
20385000 287
20410000 287
20435000 287
20460000 286
20485000 285
20510000 287
20535000 286
20560000 285
20585000 291
20610000 291
20635000 287
20660000 287
20685000 286
20710000 283
20735000 285
20760000 282
20785000 286
20810000 285
20835000 285
20860000 284
20885000 285
20910000 284
20935000 287
20960000 287
20985000 290
21010000 296
21035000 295
21060000 296
21085000 294
21110000 289
21135000 289
21160000 291
21185000 292
21210000 295
21235000 295
21260000 293
21285000 290
21310000 291
21335000 292
21360000 295
21385000 287
21410000 287
21435000 289
21460000 289
21485000 288
21510000 287
21535000 283
21560000 284
21585000 289
21610000 288
21635000 284
21660000 284
21685000 285
21710000 287
21735000 286
21760000 281
21785000 284
21810000 288
21835000 285
21860000 286
21885000 285
21910000 287
21935000 285
21960000 283
21985000 279
22010000 280
22035000 278
22060000 278
22085000 279
22110000 277
22135000 281
22160000 280
22185000 276
22210000 276
22235000 279
22260000 279
22285000 280
22310000 281
22335000 281
22360000 285
22385000 289
22410000 293
22435000 287
22460000 286
22485000 288
22510000 290
22535000 288
22560000 291
22585000 292
22610000 292
22635000 290
22660000 292
22685000 287
22710000 286
22735000 285
22760000 286
22785000 282
22810000 285
22835000 286
22860000 288
22885000 285
22910000 287
22935000 287
22960000 292
22985000 289
23010000 293
23035000 290
23060000 288
23085000 284
23110000 280
23135000 282
23160000 279
23185000 281
23210000 279
23235000 280
23260000 285
23285000 285
23310000 288
23335000 288
23360000 285
23385000 291
23410000 288
23435000 284
23460000 285
23485000 287
23510000 284
23535000 288
23560000 289
23585000 286
23610000 288
23635000 286
23660000 287
23685000 289
23710000 287
23735000 289
23760000 286
23785000 285
23810000 287
23835000 291
23860000 286
23885000 286
23910000 289
23935000 292
23960000 290
23985000 293
24010000 294
24035000 293
24060000 294
24085000 290
24110000 288
24135000 292
24160000 292
24185000 292
24210000 293
24235000 292
24260000 295
24285000 292
24310000 293
24335000 294
24360000 296
24385000 290
24410000 293
24435000 290
24460000 287
24485000 285
24510000 288
24535000 283
24560000 283
24585000 284
24610000 286
24635000 283
24660000 282
24685000 282
24710000 286
24735000 286
24760000 286
24785000 286
24810000 290
24835000 289
24860000 288
24885000 284
24910000 287
24935000 287
24960000 288
24985000 287
