approx eq2 point is 9035000 which is at step 361
Average PE: -2127.984442097026
Average Coordination Number: 241.42566510172145

std=4.41219084406003
distribution: [253 250 248 249 249 246 246 241 241 239 237 238 240 242 241 241 242 240
 242 240 241 237 239 240 239 242 242 243 245 244 242 243 239 241 240 243
 240 246 246 247 245 243 241 241 240 241 241 240 241 241 240 242 242 242
 242 243 241 241 241 240 239 243 238 236 236 238 239 239 238 238 239 238
 239 240 242 242 242 242 246 244 245 247 249 247 248 247 246 244 240 238
 238 237 237 238 239 237 240 241 240 240 239 238 239 235 235 235 237 237
 238 238 238 240 239 241 242 241 241 239 239 238 236 234 234 233 236 234
 232 235 234 236 239 234 233 235 233 234 233 234 234 233 232 232 233 233
 232 234 234 230 231 230 230 231 235 237 236 236 233 234 234 236 239 242
 241 241 240 242 241 240 238 238 239 237 238 236 235 236 238 237 238 245
 243 243 242 243 244 244 244 242 239 242 241 240 238 239 238 240 242 242
 244 246 248 244 246 247 246 243 245 243 243 241 244 246 247 248 250 248
 247 247 250 248 249 248 248 250 249 249 249 250 249 249 250 250 251 249
 248 246 246 246 243 244 246 243 244 242 244 241 241 244 245 243 245 244
 243 242 242 244 243 243 242 244 246 246 242 248 250 250 250 250 249 249
 249 248 248 249 251 249 249 247 248 245 243 246 247 248 247 244 245 244
 243 240 241 241 241 243 244 246 247 247 247 246 245 244 244 239 237 238
 240 241 242 241 240 241 243 244 241 240 241 239 240 239 235 237 239 239
 240 241 242 240 241 242 242 242 243 242 243 241 241 243 244 244 245 241
 241 246 246 245 243 242 239 236 237 236 233 235 235 239 241 240 238 240
 237 239 244 244 244 246 247 245 248 248 247 247 248 248 245 244 241 239
 239 242 245 244 246 246 245 246 246 247 245 241 242 241 244 245 245 245
 243 242 243 241 243 245 244 244 245 245 247 246 244 243 241 242 240 240
 241 241 242 241 243 244 245 245 245 244 244 243 245 245 245 241 243 245
 245 244 242 241 240 238 238 237 243 242 242 242 242 241 240 239 239 238
 239 240 237 236 236 238 239 240 241 243 245 245 244 246 244 243 243 242
 243 243 245 247 244 241 238 239 241 239 240 242 242 240 240 238 237 236
 239 239 241 242 241 244 244 245 246 247 245 245 245 247 249 247 248 247
 244 242 242 242 242 241 238 237 236 235 235 234 235 234 234 234 236 237
 238 241 241 239 236 237 236 235 233 235 237 237 237 238 237 240 240 235
 233 236 235 235 237 237 241 237 238 240 238 236 236 236 237 236 238 241
 239 238 239 239 240 241 244 241 242 241 240 239 235 234 231 231 230 229
 230 232 234 236 237 238 241 243 246 243 243 244 244 248 249 249 252 252
 251 249 249 246 244 244 246 245 245 243 244 245 244 239 240 241 242 241
 240 241 245 242 242 243 245 244 244 244 243 242 240 242 242 244 241 241
 240 240 242 242 237 236 237 236 239][ 9035000  9060000  9085000  9110000  9135000  9160000  9185000  9210000
  9235000  9260000  9285000  9310000  9335000  9360000  9385000  9410000
  9435000  9460000  9485000  9510000  9535000  9560000  9585000  9610000
  9635000  9660000  9685000  9710000  9735000  9760000  9785000  9810000
  9835000  9860000  9885000  9910000  9935000  9960000  9985000 10010000
 10035000 10060000 10085000 10110000 10135000 10160000 10185000 10210000
 10235000 10260000 10285000 10310000 10335000 10360000 10385000 10410000
 10435000 10460000 10485000 10510000 10535000 10560000 10585000 10610000
 10635000 10660000 10685000 10710000 10735000 10760000 10785000 10810000
 10835000 10860000 10885000 10910000 10935000 10960000 10985000 11010000
 11035000 11060000 11085000 11110000 11135000 11160000 11185000 11210000
 11235000 11260000 11285000 11310000 11335000 11360000 11385000 11410000
 11435000 11460000 11485000 11510000 11535000 11560000 11585000 11610000
 11635000 11660000 11685000 11710000 11735000 11760000 11785000 11810000
 11835000 11860000 11885000 11910000 11935000 11960000 11985000 12010000
 12035000 12060000 12085000 12110000 12135000 12160000 12185000 12210000
 12235000 12260000 12285000 12310000 12335000 12360000 12385000 12410000
 12435000 12460000 12485000 12510000 12535000 12560000 12585000 12610000
 12635000 12660000 12685000 12710000 12735000 12760000 12785000 12810000
 12835000 12860000 12885000 12910000 12935000 12960000 12985000 13010000
 13035000 13060000 13085000 13110000 13135000 13160000 13185000 13210000
 13235000 13260000 13285000 13310000 13335000 13360000 13385000 13410000
 13435000 13460000 13485000 13510000 13535000 13560000 13585000 13610000
 13635000 13660000 13685000 13710000 13735000 13760000 13785000 13810000
 13835000 13860000 13885000 13910000 13935000 13960000 13985000 14010000
 14035000 14060000 14085000 14110000 14135000 14160000 14185000 14210000
 14235000 14260000 14285000 14310000 14335000 14360000 14385000 14410000
 14435000 14460000 14485000 14510000 14535000 14560000 14585000 14610000
 14635000 14660000 14685000 14710000 14735000 14760000 14785000 14810000
 14835000 14860000 14885000 14910000 14935000 14960000 14985000 15010000
 15035000 15060000 15085000 15110000 15135000 15160000 15185000 15210000
 15235000 15260000 15285000 15310000 15335000 15360000 15385000 15410000
 15435000 15460000 15485000 15510000 15535000 15560000 15585000 15610000
 15635000 15660000 15685000 15710000 15735000 15760000 15785000 15810000
 15835000 15860000 15885000 15910000 15935000 15960000 15985000 16010000
 16035000 16060000 16085000 16110000 16135000 16160000 16185000 16210000
 16235000 16260000 16285000 16310000 16335000 16360000 16385000 16410000
 16435000 16460000 16485000 16510000 16535000 16560000 16585000 16610000
 16635000 16660000 16685000 16710000 16735000 16760000 16785000 16810000
 16835000 16860000 16885000 16910000 16935000 16960000 16985000 17010000
 17035000 17060000 17085000 17110000 17135000 17160000 17185000 17210000
 17235000 17260000 17285000 17310000 17335000 17360000 17385000 17410000
 17435000 17460000 17485000 17510000 17535000 17560000 17585000 17610000
 17635000 17660000 17685000 17710000 17735000 17760000 17785000 17810000
 17835000 17860000 17885000 17910000 17935000 17960000 17985000 18010000
 18035000 18060000 18085000 18110000 18135000 18160000 18185000 18210000
 18235000 18260000 18285000 18310000 18335000 18360000 18385000 18410000
 18435000 18460000 18485000 18510000 18535000 18560000 18585000 18610000
 18635000 18660000 18685000 18710000 18735000 18760000 18785000 18810000
 18835000 18860000 18885000 18910000 18935000 18960000 18985000 19010000
 19035000 19060000 19085000 19110000 19135000 19160000 19185000 19210000
 19235000 19260000 19285000 19310000 19335000 19360000 19385000 19410000
 19435000 19460000 19485000 19510000 19535000 19560000 19585000 19610000
 19635000 19660000 19685000 19710000 19735000 19760000 19785000 19810000
 19835000 19860000 19885000 19910000 19935000 19960000 19985000 20010000
 20035000 20060000 20085000 20110000 20135000 20160000 20185000 20210000
 20235000 20260000 20285000 20310000 20335000 20360000 20385000 20410000
 20435000 20460000 20485000 20510000 20535000 20560000 20585000 20610000
 20635000 20660000 20685000 20710000 20735000 20760000 20785000 20810000
 20835000 20860000 20885000 20910000 20935000 20960000 20985000 21010000
 21035000 21060000 21085000 21110000 21135000 21160000 21185000 21210000
 21235000 21260000 21285000 21310000 21335000 21360000 21385000 21410000
 21435000 21460000 21485000 21510000 21535000 21560000 21585000 21610000
 21635000 21660000 21685000 21710000 21735000 21760000 21785000 21810000
 21835000 21860000 21885000 21910000 21935000 21960000 21985000 22010000
 22035000 22060000 22085000 22110000 22135000 22160000 22185000 22210000
 22235000 22260000 22285000 22310000 22335000 22360000 22385000 22410000
 22435000 22460000 22485000 22510000 22535000 22560000 22585000 22610000
 22635000 22660000 22685000 22710000 22735000 22760000 22785000 22810000
 22835000 22860000 22885000 22910000 22935000 22960000 22985000 23010000
 23035000 23060000 23085000 23110000 23135000 23160000 23185000 23210000
 23235000 23260000 23285000 23310000 23335000 23360000 23385000 23410000
 23435000 23460000 23485000 23510000 23535000 23560000 23585000 23610000
 23635000 23660000 23685000 23710000 23735000 23760000 23785000 23810000
 23835000 23860000 23885000 23910000 23935000 23960000 23985000 24010000
 24035000 24060000 24085000 24110000 24135000 24160000 24185000 24210000
 24235000 24260000 24285000 24310000 24335000 24360000 24385000 24410000
 24435000 24460000 24485000 24510000 24535000 24560000 24585000 24610000
 24635000 24660000 24685000 24710000 24735000 24760000 24785000 24810000
 24835000 24860000 24885000 24910000 24935000 24960000 24985000]