timestep Temp E_pair E_mol TotEng Press
10000 137.42404 -11337.801 1178.1786 -7906.63 -0.76304045
15000 300.13617 -9360.027 2321.3986 -2118.0593 -2.2486015
20000 305.16491 -10280.518 2373.6918 -2903.8134 0.61762672
25000 299.59125 -11113.35 2345.8488 -3855.8662 -2.4856303
30000 300.89223 -12127.941 2340.5867 -4854.3905 -1.0238952
35000 301.09185 -12999.689 2292.254 -5771.1977 -5.6376178
40000 296.60092 -13624.873 2407.8134 -6354.4493 -0.52815776
45000 304.39632 -14262.724 2286.8252 -6985.4864 -1.7723691
50000 298.33959 -14911.74 2358.8815 -7661.7436 3.7322021
55000 302.10043 -15257.209 2356.6655 -7947.7713 -0.48465388
60000 302.17897 -15494.545 2242.7557 -8297.7295 -2.0690052
65000 301.64867 -15906.845 2251.3826 -8710.0971 -1.0376866
70000 297.64472 -16012.935 2316.367 -8816.8449 1.1348189
75000 306.02649 -15997.654 2236.716 -8743.8008 -1.9759725
80000 300.88864 -16203.508 2260.6659 -9009.9366 -0.250825
85000 303.29406 -16336.444 2182.1946 -9181.9082 2.4760183
90000 301.7877 -16353.757 2307.7256 -9098.3863 3.2392784
95000 300.78734 -16449.153 2259.389 -9258.5194 0.55050468
100000 297.54748 -16443.229 2207.1179 -9357.9823 -0.63464588
105000 299.26218 -16538.607 2301.4152 -9330.9517 0.26656341
110000 305.99014 -16535.071 2355.5665 -9162.9623 -0.92715698
115000 299.79267 -16519.14 2175.127 -9429.0749 0.064739246
120000 300.19551 -16407.743 2212.8151 -9273.3856 -2.3411748
125000 302.42517 -16541.263 2196.4299 -9386.7372 -4.1773242
130000 299.95671 -16560.285 2248.396 -9394.2623 -1.9395777
135000 306.56498 -16567.484 2245.4634 -9296.0545 -2.428941
140000 300.12375 -16647.847 2305.7137 -9421.7676 -4.4438955
145000 299.93342 -16668.068 2290.4247 -9460.3983 -3.617289
150000 303.82923 -16664.955 2287.5838 -9396.2561 -1.9946349
155000 300.40926 -16662.289 2306.5731 -9430.6698 0.86247254
160000 299.04131 -16663.83 2278.9769 -9482.234 1.5336797
165000 301.33624 -16650.126 2201.5752 -9508.3068 -1.350656
170000 300.56805 -16696.617 2303.4918 -9465.476 4.1356882
175000 301.48128 -16608.265 2297.4202 -9368.2238 0.11281405
180000 301.78513 -16682.405 2336.915 -9397.8876 3.7058895
185000 296.48799 -16629.756 2302.9775 -9466.0192 -3.2648484
190000 306.53319 -16738.449 2265.7656 -9447.239 1.2562605
195000 297.73208 -16695.043 2366.7709 -9447.1164 2.0979199
200000 297.7417 -16698.821 2253.5786 -9563.93 -2.1217892
205000 299.68394 -16603.332 2248.2905 -9441.887 1.8167449
210000 294.46129 -16739.615 2277.2415 -9634.841 7.6553622
215000 296.02729 -16622.69 2312.7088 -9456.7751 3.2196223
220000 295.67862 -16759.014 2272.8884 -9638.6353 2.6598537
225000 301.07374 -16787.434 2313.2259 -9538.2685 1.2218804
230000 298.03534 -16654.945 2296.7251 -9472.0926 3.4043397
235000 300.21429 -16675.262 2234.5305 -9518.8823 -0.054529241
240000 300.78439 -16667.842 2218.0208 -9518.6252 -0.90945841
245000 299.21063 -16830.647 2219.3365 -9705.9154 -3.0692302
250000 298.38022 -16756.191 2285.74 -9578.6702 -0.61885683
255000 300.48917 -16705.824 2263.4621 -9516.0053 1.3901631
260000 307.17168 -16796.44 2302.6345 -9457.8932 2.96538
265000 305.91003 -16801.548 2207.388 -9578.9314 5.0772111
270000 306.32982 -16677.566 2262.3268 -9393.1287 -0.46165542
275000 300.62932 -16829.964 2279.5051 -9621.8047 2.689854
280000 299.67912 -16742.921 2251.0377 -9578.8071 -1.1768355
285000 296.84261 -16762.054 2266.7956 -9628.6855 -1.0201311
290000 302.60089 -16781.558 2342.3655 -9478.2154 1.5474485
295000 301.67502 -16694.538 2211.3 -9537.4408 2.2906048
300000 298.69448 -16757.991 2283.1883 -9577.8696 -6.4892923
305000 301.56296 -16736.029 2237.9643 -9554.1039 0.072799826
310000 297.54499 -16797.867 2273.4818 -9646.2975 1.1491917
315000 301.06857 -16765.108 2231.2672 -9597.986 -2.4585519
320000 294.61264 -16809.22 2237.3556 -9741.8504 -2.4316339
325000 305.8388 -16812.046 2264.4558 -9533.5302 -2.1437128
330000 298.81965 -16855.801 2265.91 -9690.9052 -2.5695788
335000 304.38529 -16730.363 2309.8441 -9430.2884 1.9395963
340000 298.38264 -16642.298 2235.5321 -9514.9448 7.9632396
345000 302.4836 -16732.597 2243.7785 -9529.7649 -0.9303217
350000 303.09034 -16744.71 2258.1284 -9517.5801 -1.8267449
355000 298.91819 -16810.328 2315.6597 -9594.0676 0.084019942
360000 301.33874 -16719.157 2247.8202 -9531.0524 0.088792325
365000 305.54568 -16769.094 2299.1603 -9460.6786 -1.3863821
370000 299.7284 -16793.929 2324.1596 -9555.8851 -3.6105486
375000 292.71941 -16833.445 2293.5999 -9740.8695 1.5295753
380000 301.32098 -16783.373 2215.0985 -9628.2813 -1.6656023
385000 302.33318 -16893.794 2250.1282 -9687.0784 3.5891158
390000 293.94859 -16797.101 2205.6648 -9772.3094 1.0438198
395000 293.6544 -16814.105 2328.1398 -9671.6612 1.8121132
400000 297.20038 -16817.101 2202.1386 -9742.5244 -2.9487366
405000 300.45969 -16801.104 2280.1088 -9595.1223 1.2365776
410000 301.1965 -16759.944 2304.1922 -9517.7989 -0.75044778
415000 301.44942 -16750.695 2254.5793 -9554.0165 0.87548056
420000 300.78487 -16755.947 2252.0863 -9572.6568 -0.71896209
425000 293.92448 -16879.346 2236.7189 -9823.8953 0.9599025
430000 299.51043 -16757.164 2278.9718 -9567.8822 2.0450381
435000 300.27629 -16890.945 2278.131 -9689.9482 -0.96649118
440000 304.68711 -16817.123 2293.2019 -9528.7419 0.63008904
445000 303.87442 -16819.757 2290.8649 -9547.0364 2.7224026
450000 299.67161 -16742.586 2218.3039 -9611.3297 0.93679347
455000 304.5351 -16825.561 2228.7889 -9604.085 -2.3784139
460000 300.951 -16870.369 2247.5862 -9688.8549 2.2583718
465000 306.58027 -16785.409 2255.7042 -9503.4886 0.13630001
470000 309.79754 -16796.704 2249.7598 -9467.9821 3.7306278
475000 301.39417 -16774.631 2244.8951 -9588.5431 0.15939922
480000 297.26774 -16821.617 2217.5838 -9730.4905 1.006991
485000 303.07171 -16789.562 2304.4632 -9516.4037 -3.4069847
490000 303.08937 -16764.379 2310.5173 -9484.8762 -1.9532461
495000 301.67969 -16816.492 2213.0913 -9657.526 0.64644096
500000 303.56038 -16834.32 2254.2337 -9603.3787 0.44188856
505000 300.05217 -16792.235 2270.2853 -9602.7581 -2.3151827
510000 299.21363 -16987.171 2222.6407 -9859.0854 4.7145673
515000 306.72859 -16873.259 2221.3106 -9623.2998 -2.2806616
520000 303.63822 -16831.354 2214.8348 -9638.5363 -1.1600375
525000 295.94664 -16907.508 2263.3628 -9792.2612 0.36661394
530000 301.80368 -16828.128 2259.887 -9620.3339 -4.4019851
535000 300.38135 -16808.962 2304.0356 -9580.3376 -0.36508471
540000 299.40328 -16798.389 2270.8997 -9618.9359 1.9806957
545000 299.31384 -16776.047 2318.1556 -9550.8038 -0.92433485
550000 299.23034 -16802.772 2251.9938 -9645.06 1.608096
555000 305.83831 -16877.208 2265.052 -9598.1037 0.75099277
560000 299.41233 -16867.651 2279.5698 -9679.3789 -2.2917647
565000 304.76634 -16855.362 2248.654 -9610.2301 -3.806307
570000 299.85552 -16809.966 2208.9109 -9685.0876 -1.3713447
575000 301.36363 -16788.419 2275.3671 -9572.359 -1.9563531
580000 299.26249 -16669.956 2282.4561 -9481.2547 -4.6656541
585000 293.6923 -16994.005 2278.7908 -9900.2888 0.94075395
590000 299.85611 -16869.247 2235.8021 -9717.4672 3.3153974
595000 297.75093 -16938.767 2307.6563 -9749.6467 -0.68839388
600000 298.45401 -16852.947 2295.6983 -9664.2579 7.9088756
605000 301.0135 -16868.408 2306.4573 -9626.998 5.7807306
610000 302.47744 -16781.383 2338.3912 -9484.0386 -2.6229211
615000 305.2698 -16820.58 2198.1164 -9617.7311 0.37737896
620000 304.36243 -16710.888 2296.5716 -9424.4601 -2.7697971
625000 297.65225 -16787.59 2249.8541 -9657.8897 2.3920657
630000 290.99719 -16822.316 2207.8232 -9843.7522 -0.99766729
635000 300.61938 -16930.619 2307.3106 -9694.817 -1.0483954
640000 301.27565 -16882.04 2282.7284 -9660.0616 0.46784231
645000 294.27326 -16864.746 2282.4275 -9757.8688 -3.0648624
650000 298.37199 -16864.262 2246.6895 -9725.9258 -0.16551589
655000 303.35964 -16953.994 2267.7818 -9712.7957 0.91813307
660000 300.7073 -16943.22 2217.0527 -9796.2351 0.68761427
665000 297.36964 -16788.353 2176.5375 -9736.6026 1.042321
670000 299.96603 -16840.103 2227.2391 -9695.0841 1.4214239
675000 297.79803 -16916.967 2237.0939 -9797.6368 5.6510061
680000 299.34639 -16900.711 2252.5623 -9740.5272 1.9790428
685000 299.97316 -16760.133 2260.4594 -9581.7774 -0.650534
690000 303.12488 -16890.234 2288.8103 -9631.8565 7.4134437
695000 306.71768 -16824.152 2253.307 -9542.3755 3.2554576
700000 305.44844 -16967.213 2310.522 -9649.03 3.7735877
705000 304.20592 -17011.192 2196.4612 -9827.4402 -1.7741001
710000 299.68093 -16923.21 2184.9499 -9825.1548 -7.1528645
715000 302.03183 -16780.848 2289.2069 -9539.9942 1.8520844
720000 301.24365 -16919.839 2249.8581 -9731.2549 -2.5410784
725000 301.23764 -16769.465 2260.1897 -9570.6487 5.0270141
730000 300.10484 -16868.577 2310.3993 -9638.1227 1.0736522
735000 302.10665 -16886.605 2241.3648 -9692.3659 4.4676515
740000 302.18398 -16935.006 2273.9659 -9706.8981 2.2459265
745000 302.51316 -16923.734 2251.2738 -9712.9218 3.7914694
750000 295.38392 -16927.134 2320.3719 -9764.1039 0.99491221
755000 304.39318 -16823.311 2240.5378 -9592.4126 -5.369805
760000 299.5724 -16902.96 2260.9406 -9730.6926 5.1725513
765000 300.63429 -16880.246 2293.3489 -9658.1615 -0.078982498
770000 307.41922 -16838.34 2226.9084 -9571.4605 -4.2194404
775000 298.88965 -16882.715 2322.363 -9660.2187 -0.33490017
780000 300.35183 -16891.481 2343.4573 -9623.9191 -3.3555547
785000 300.91601 -17023.583 2324.9099 -9765.3191 -4.7201168
790000 299.68268 -16870.289 2261.7348 -9695.4196 -4.4227859
795000 304.41358 -16938.094 2272.4788 -9674.92 2.7710796
800000 305.89236 -16815.082 2307.1671 -9492.9766 -3.4793667
805000 307.74481 -16952.919 2235.4419 -9672.1684 -0.30956343
810000 300.04803 -16885.406 2275.0151 -9691.2669 1.4504053
815000 294.37171 -16879.467 2220.9237 -9832.479 -0.58590488
820000 300.73293 -16900.348 2296.5551 -9673.4406 1.2771025
825000 300.37239 -16836.847 2288.7721 -9623.6327 0.87887635
830000 301.57543 -16852.826 2262.6287 -9646.0328 2.2804085
835000 302.04694 -16846.056 2231.4657 -9662.6957 0.042397453
840000 299.67983 -16882.094 2315.4923 -9653.5143 -0.60613639
845000 301.62286 -16980.548 2162.3746 -9873.2313 -2.8133801
850000 299.26423 -16887.197 2239.7105 -9741.2126 3.4640119
855000 296.1031 -16872.685 2245.0736 -9773.1624 0.77971768
860000 302.45315 -16951.822 2225.476 -9767.7916 -6.6662519
865000 305.26965 -16990.774 2277.7323 -9708.3118 -1.1298492
870000 296.98534 -16812.586 2210.968 -9732.7053 -1.946834
875000 297.59833 -16856.224 2198.698 -9778.5638 -6.87379
880000 294.24754 -16985.59 2318.4834 -9843.0783 4.5775099
885000 297.52672 -16831.858 2261.8636 -9692.2063 -2.3749465
890000 297.99052 -16995.475 2277.2911 -9832.7912 2.7540102
895000 304.76488 -16841.852 2323.774 -9521.6241 0.49108168
900000 303.00658 -16850.711 2247.6859 -9635.3977 -2.3948331
905000 295.89695 -16934.905 2253.0735 -9830.7617 -2.9638618
910000 302.81532 -16936.924 2244.4729 -9727.9592 1.1508275
915000 307.21679 -16907.02 2209.9578 -9660.4101 -3.636144
920000 307.20994 -16905.989 2274.1903 -9595.2585 4.7545652
925000 299.52909 -16834.822 2276.0322 -9648.1737 -1.587496
930000 301.44252 -16883.599 2279.6102 -9662.0031 -3.0597912
935000 304.56291 -16954.387 2235.752 -9725.4922 0.61569535
940000 298.35408 -16878.405 2241.062 -9745.9904 2.1441262
945000 305.19419 -16866.591 2348.6066 -9514.4914 -2.2331041
950000 299.49001 -16855.955 2298.553 -9647.4262 -1.4479431
955000 301.27833 -16863.087 2238.415 -9685.3784 -2.4490685
960000 301.79922 -16813.691 2257.1342 -9608.7231 0.19083156
965000 298.5906 -16937.848 2300.9872 -9741.631 0.91501744
970000 304.05217 -16937.945 2285.9196 -9667.2555 2.1089926
975000 303.50974 -16910.439 2305.923 -9628.6387 0.69175305
980000 303.36707 -16857.864 2247.1312 -9637.1947 0.78775806
985000 299.22283 -16919.502 2187.9987 -9825.908 -3.2103674
990000 296.11427 -16784.381 2206.0403 -9723.7082 0.028728316
995000 295.90528 -16876.593 2210.7037 -9814.6832 -5.7070482
1000000 294.22008 -16877.839 2270.4256 -9783.8358 0.61017809
1005000 298.66652 -16885.624 2202.6551 -9786.4935 1.2267217
1010000 297.79658 -16968.771 2255.4894 -9831.0689 -1.0017747
1015000 300.12039 -16856.614 2211.8835 -9724.42 1.4739149
1020000 295.51951 -16950.047 2298.9208 -9806.2446 0.089255462
1025000 296.37004 -16931.4 2194.3616 -9878.213 -3.0691635
1030000 305.43637 -16990.32 2309.526 -9673.3311 -5.1758197
1035000 298.28069 -16982.099 2256.2714 -9835.6784 -0.24176502
1040000 307.62821 -16952.104 2229.498 -9679.2087 -5.6527334
1045000 304.70746 -16941.37 2246.096 -9699.7609 -0.24367235
1050000 299.69 -16969.793 2273.2037 -9783.3352 0.082009011
1055000 303.36765 -16989.934 2257.1095 -9759.2769 -0.91066246
1060000 303.18965 -16930.928 2275.4129 -9684.8859 0.3328263
1065000 298.76263 -16995.235 2254.1001 -9843.0847 -6.7432942
1070000 304.55902 -16815.178 2225.0538 -9597.0448 -2.392566
1075000 301.37645 -16984.141 2276.8645 -9766.3741 1.8995929
1080000 303.13109 -16911.121 2234.6367 -9706.8149 1.8316921
1085000 301.61028 -16835.853 2278.3927 -9612.7236 -3.0788285
1090000 298.03767 -16851.359 2247.5381 -9717.6561 -0.34996986
1095000 305.52649 -16968.913 2331.0356 -9628.9373 1.1265151
1100000 305.407 -16849.149 2261.3629 -9580.8051 4.6665715
1105000 301.82257 -17046.448 2261.3973 -9836.8346 -1.2349562
1110000 291.79487 -16868.724 2311.0338 -9773.8723 -2.218493
1115000 300.81462 -16923.627 2320.0677 -9671.8671 -1.1447682
1120000 302.48717 -16848.484 2285.8507 -9603.5209 -0.58477468
1125000 297.66559 -16925.918 2258.0886 -9787.7644 -2.3353735
1130000 301.87648 -16909.57 2232.0941 -9728.3751 -0.87395699
1135000 299.45074 -16963.234 2275.9221 -9777.9799 -1.283365
1140000 298.52595 -16958.107 2298.1194 -9765.8177 2.0848198
1145000 299.60619 -17018.875 2235.4591 -9871.5351 3.54189
1150000 296.30676 -16950.235 2241.7336 -9850.7132 -1.4642644
1155000 306.07709 -16852.096 2226.9004 -9607.2282 4.2543188
1160000 298.82627 -16927.152 2274.3591 -9753.6988 9.1141773
1165000 295.96793 -16950.132 2262.6964 -9835.2025 -0.011073197
1170000 299.51504 -16990.537 2234.0256 -9846.1252 0.52531071
1175000 295.7915 -16935.413 2250.9169 -9835.1555 0.15569434
1180000 301.54469 -16945.842 2249.6758 -9752.5057 -2.3512329
1185000 299.8828 -16923.769 2174.4673 -9832.8867 3.0810513
1190000 297.13041 -16873.311 2297.5801 -9704.4392 -0.85961504
1195000 303.58256 -16874.61 2227.0339 -9670.5056 -0.22796704
1200000 298.58771 -16988.368 2311.9166 -9781.2683 -0.48697916
1205000 302.76508 -16924.873 2280.2901 -9680.9138 -0.090938531
1210000 298.81437 -16824.865 2256.6682 -9669.298 -2.2702931
1215000 295.956 -16867.787 2296.0079 -9719.7418 1.5890923
1220000 302.05268 -17029.767 2292.0936 -9785.6846 -0.41338759
1225000 301.48958 -16837.134 2228.6105 -9665.7659 -2.9626606
1230000 295.82431 -16921.997 2293.3995 -9778.7197 -1.9877581
1235000 302.84217 -16948.597 2265.4201 -9718.2444 3.3505002
1240000 297.88618 -16973.001 2278.7166 -9810.603 2.6950853
1245000 297.05477 -17020.08 2195.2485 -9954.7807 -1.4981961
1250000 300.91548 -17003.408 2252.8854 -9817.1772 3.4236107
1255000 305.06647 -16971.614 2192.6423 -9777.5728 -0.9986992
1260000 295.50896 -17003.788 2222.4816 -9936.5983 0.27583812
1265000 299.20982 -16864.587 2236.099 -9723.1056 2.8473801
1270000 295.13153 -16990.071 2246.3384 -9905.2116 3.1224039
1275000 301.95264 -16881.332 2241.012 -9689.9711 4.9190255
1280000 300.86537 -17055.8 2192.2631 -9931.0133 -1.1953934
1285000 298.31726 -16767.152 2241.689 -9634.7141 -4.6189399
1290000 301.00099 -16851.835 2274.9149 -9642.1727 -4.2952312
1295000 298.97852 -16928.78 2155.6284 -9871.5616 3.104907
1300000 297.02941 -16773.138 2301.9697 -9601.5332 0.12596339
1305000 301.5282 -17022.861 2286.7223 -9792.7484 -1.9853228
1310000 302.47196 -16889.844 2279.2522 -9651.7289 -1.0548345
1315000 299.69442 -16973.397 2217.409 -9842.6609 1.8578349
1320000 299.89978 -17005.183 2265.4568 -9823.0324 3.0974332
1325000 302.31299 -16959.279 2234.342 -9768.6798 8.2037228
1330000 294.81442 -16921.129 2255.4295 -9832.3773 5.3486923
1335000 296.58469 -16890.289 2258.3683 -9769.5765 -3.2675571
1340000 299.71312 -16928.856 2241.9568 -9773.2661 -3.3864386
1345000 300.16184 -16968.185 2227.0693 -9820.1258 4.8430012
1350000 299.92394 -16963.689 2290.1918 -9756.4078 -1.027578
1355000 295.6385 -16907.235 2334.062 -9726.3409 0.02864184
1360000 302.75839 -16903.916 2305.1383 -9635.2186 4.4846463
1365000 299.186 -16919.922 2360.4666 -9654.4641 3.9796446
1370000 298.24827 -16957.036 2210.8216 -9856.5969 -2.420215
1375000 297.29733 -16849.78 2223.0083 -9752.744 0.3539458
1380000 300.93998 -16906.63 2192.2565 -9780.6267 2.3535868
1385000 299.69895 -16817.928 2227.6918 -9676.8351 1.4121084
1390000 296.06568 -16894.458 2276.0032 -9764.6188 2.223646
1395000 305.94682 -16955.412 2232.0558 -9707.5243 2.9606925
1400000 299.22357 -16974.313 2275.4123 -9793.2935 -0.96841549
1405000 295.3804 -16913.147 2285.5601 -9784.9859 -2.5521986
1410000 298.46049 -16942.496 2271.1631 -9778.236 -0.23835966
1415000 297.16978 -16956.312 2245.7692 -9838.6062 -2.8444335
1420000 295.14855 -16832.761 2241.1163 -9752.8452 1.3052119
1425000 301.85726 -16900.098 2266.9337 -9684.3788 -1.9387755
1430000 307.39202 -16974.185 2282.0238 -9652.6367 -0.8899432
1435000 301.27365 -16925.004 2296.7469 -9689.0397 -6.7249323
1440000 300.45369 -16780.419 2220.1447 -9634.4994 2.8890321
1445000 304.02313 -16954.589 2361.8963 -9608.3989 0.29526047
1450000 301.31037 -16940.997 2312.9826 -9688.1947 0.40908175
1455000 298.92864 -16960.584 2253.2495 -9806.5627 1.196176
1460000 298.06105 -16960.678 2253.2059 -9820.9239 -0.13967404
1465000 300.6513 -16956.048 2274.7962 -9752.2379 -2.5957261
1470000 297.22282 -16809.727 2229.0825 -9707.8387 2.6491692
1475000 300.23245 -16909.779 2324.3177 -9663.3141 -2.5303509
1480000 296.96452 -16920.394 2245.4038 -9806.4187 -2.4971667
1485000 298.98457 -16837.645 2335.4554 -9600.5002 0.43537384
1490000 299.5412 -16949.561 2200.5663 -9838.1803 -2.2022408
1495000 302.48099 -16906.836 2284.5265 -9663.2984 -0.77294224
1500000 296.5204 -16832.335 2284.9503 -9686.0948 -1.5800162
1505000 302.89368 -16935.195 2298.6519 -9670.7659 -0.73609265
1510000 302.34288 -16945.012 2245.3721 -9742.8934 -4.0497576
1515000 297.58923 -16985.012 2264.3223 -9841.8759 -1.8933932
1520000 296.60754 -17044.625 2254.4974 -9927.4089 -3.5861706
1525000 305.30189 -16843.228 2283.9931 -9553.9765 1.1104096
1530000 293.97596 -16906.723 2243.5909 -9843.5559 4.8321617
1535000 298.20886 -16889.894 2277.2732 -9723.6489 3.4094499
1540000 303.92988 -16920.51 2227.1372 -9710.6077 2.3791163
1545000 297.93888 -16944.534 2170.8485 -9889.1399 -1.9739886
1550000 303.34329 -16991.933 2263.3665 -9755.4182 1.3505836
1555000 303.1877 -16801.494 2255.7229 -9575.1737 0.62319445
1560000 302.95972 -16847.131 2236.4568 -9643.8143 4.7906651
1565000 301.98897 -16946.329 2238.5339 -9756.8502 3.0455302
1570000 296.6486 -16937.187 2321.9959 -9751.7989 -0.96511851
1575000 303.0644 -16949.54 2276.8901 -9704.0737 -0.1837488
1580000 297.97921 -16913.268 2349.3996 -9678.6617 -0.66178505
1585000 297.01022 -16977.249 2237.9072 -9870.0212 2.9073785
1590000 300.41214 -16853.152 2307.918 -9620.1403 1.3364563
1595000 303.36339 -17064.41 2279.747 -9811.1858 0.083715147
1600000 299.22359 -16845.543 2288.7216 -9651.2132 2.1441975
1605000 302.34978 -16809.531 2237.0306 -9615.6407 -2.5710442
1610000 298.33328 -16893.578 2236.0209 -9766.5458 -4.9135711
1615000 300.07325 -16813.772 2286.8467 -9607.3877 2.8968701
1620000 299.4348 -16910.665 2274.8436 -9726.7511 1.9526315
1625000 299.03922 -16881.35 2264.5224 -9714.2422 -0.00634849
1630000 303.3616 -16856.724 2249.3583 -9633.9178 5.3519213
1635000 301.13276 -16879.701 2164.086 -9778.7072 1.0833662
1640000 296.55799 -16935.732 2236.1348 -9837.6907 2.1424253
1645000 298.78284 -17017.764 2274.2211 -9845.1606 5.9703312
1650000 300.78139 -16990.395 2310.3841 -9748.8635 1.9127013
1655000 297.35668 -16877.013 2256.2618 -9745.75 -3.6905646
1660000 299.89764 -16998.294 2242.9834 -9838.6524 2.1324201
1665000 306.07259 -16912.609 2244.9241 -9649.7912 4.6567392
1670000 298.95292 -16912.061 2316.9065 -9693.9838 -6.6154168
1675000 299.65111 -16953.597 2260.535 -9780.4455 -0.9457073
1680000 301.45944 -17023.088 2299.3647 -9781.4602 -1.32468
1685000 301.2692 -16935.866 2273.6073 -9723.1139 6.9707669
1690000 293.19815 -16996.885 2268.4785 -9921.5822 1.656058
1695000 303.98121 -16930.128 2277.958 -9668.5636 0.61314228
1700000 303.74498 -16848.635 2256.4586 -9612.4425 -1.2033032
1705000 305.04556 -16920.884 2236.6856 -9683.1431 -1.4078347
1710000 297.58582 -16967.918 2257.7351 -9831.4253 0.17063841
1715000 302.15275 -16949.476 2256.5618 -9739.2843 6.8517743
1720000 303.07687 -17040.765 2276.5382 -9795.4467 2.0081927
1725000 303.00314 -16926.243 2276.9398 -9681.7317 -2.0402329
1730000 295.03489 -16914.5 2228.9264 -9848.6368 2.7781658
1735000 297.33424 -16762.236 2290.3436 -9597.2592 2.4096832
1740000 303.34025 -16788.56 2173.155 -9642.3067 -1.7415302
1745000 301.12679 -16955.736 2249.3782 -9769.548 -2.5023196
1750000 298.1678 -16961.124 2252.8512 -9819.9746 1.0364236
1755000 302.53771 -17007.812 2223.3851 -9824.4862 2.6482078
1760000 296.89651 -16981.785 2233.5024 -9880.8264 0.85867075
1765000 294.82497 -16873.086 2239.949 -9799.6421 1.3566732
1770000 301.69977 -16940.063 2239.3325 -9754.5276 -3.4596258
1775000 303.9355 -16887.903 2287.4158 -9617.63 -2.0910325
1780000 295.33151 -16862.642 2213.2312 -9807.6115 -5.9356594
1785000 302.7745 -16952.768 2285.9015 -9703.0434 -0.097313949
1790000 299.8406 -16750.069 2302.6213 -9531.7241 2.1185362
1795000 295.34002 -16925.902 2238.8435 -9845.1195 -2.50875
1800000 299.81478 -16846.596 2226.6202 -9704.6756 -4.7619206
1805000 291.10833 -16938.448 2297.2238 -9868.6617 -1.0395211
1810000 302.00809 -16888.962 2238.0105 -9699.693 3.6974939
1815000 298.35293 -16910.232 2270.0767 -9748.8214 0.24877453
1820000 297.53291 -17088.166 2252.2911 -9957.9845 0.86892951
1825000 298.77843 -17011.999 2281.9416 -9831.7481 -2.1019933
1830000 296.91555 -16956.815 2346.6573 -9742.3891 -0.72913405
1835000 298.43439 -16981.905 2220.9775 -9868.2582 0.92840104
1840000 293.47321 -16939.74 2261.6973 -9866.7091 -0.91217319
1845000 302.82015 -16971.819 2233.872 -9773.3754 -2.7256766
1850000 295.61627 -16985.522 2252.5768 -9886.4775 4.1189348
1855000 299.8663 -16866.166 2276.2589 -9673.7622 -1.8104482
1860000 302.03009 -17017.262 2325.1338 -9740.509 -2.1446636
1865000 301.01998 -16920.255 2295.8212 -9689.3755 2.263601
1870000 296.38647 -16835.606 2218.6067 -9757.9047 1.5847706
1875000 301.78145 -16939.615 2229.0024 -9763.0696 2.8696679
1880000 303.80096 -16888.503 2258.5074 -9649.3441 -0.66974657
1885000 298.94062 -16935.869 2325.3584 -9709.5422 -0.27162035
1890000 303.54183 -16925.405 2251.9485 -9697.0532 2.6843414
1895000 303.16285 -16863.64 2228.6678 -9664.7828 -2.200264
1900000 300.46151 -16918.965 2265.1327 -9727.9298 3.1874535
1905000 302.78928 -16849.809 2232.7985 -9652.9456 -4.8225795
1910000 300.31733 -16925.888 2232.2856 -9770.0632 -1.1063089
1915000 299.27095 -16959.844 2271.8346 -9781.6247 0.52155077
1920000 297.38311 -16852.351 2285.7499 -9691.1675 -1.4899566
1925000 300.83659 -16830.204 2229.0736 -9669.0782 1.778836
1930000 303.2372 -16868.705 2279.4012 -9617.8954 1.5340774
1935000 301.56575 -16970.009 2285.321 -9740.682 0.40302268
1940000 303.40864 -16934.388 2219.6335 -9740.5356 4.1082321
1945000 300.62345 -16969.493 2239.1735 -9801.7617 5.9704566
1950000 298.81378 -16916.135 2288.783 -9728.4632 -0.46803723
1955000 303.68668 -16927.844 2266.7797 -9682.2864 -0.031352796
1960000 294.65627 -16979.178 2239.5826 -9908.8669 -0.36725033
1965000 297.28707 -16938.653 2320.2964 -9744.4973 0.32405678
1970000 300.7075 -16859.805 2279.8907 -9649.9785 -4.7998782
1975000 298.94039 -16875.878 2300.5226 -9674.391 3.6633742
1980000 299.81035 -16822.575 2291.8021 -9615.5459 1.0789731
1985000 299.82862 -16972.661 2201.9766 -9855.1579 -0.34866136
1990000 298.75707 -16795.311 2266.5558 -9630.7955 -0.4170425
1995000 299.33685 -16879.281 2284.3452 -9687.4712 6.142055
2000000 302.38884 -16954.895 2225.6757 -9771.7195 -0.17917028
2005000 299.87352 -16912.431 2228.2146 -9767.9538 2.123817
2010000 301.29545 -16941.3 2234.953 -9766.7721 -1.3352137
2015000 293.07354 -17003.515 2249.0423 -9949.6918 -1.6497746
2020000 305.17056 -16894.529 2260.9308 -9630.4931 4.9514129
2025000 302.19903 -16899.293 2204.9694 -9739.9354 0.39438898
2030000 302.9094 -16952.254 2262.4498 -9723.7696 3.7040963
2035000 298.6487 -17012.264 2240.238 -9875.8432 1.5556774
2040000 296.94078 -17021.567 2246.3095 -9907.0752 -0.5506457
2045000 303.76425 -17041.341 2254.1163 -9807.1751 -1.6349907
2050000 298.40929 -16951.341 2260.3066 -9798.7761 2.9802175
2055000 305.32446 -16941.609 2196.8973 -9739.0839 -0.19559414
2060000 295.82907 -16850.926 2183.5803 -9817.3896 5.9630053
2065000 297.48603 -16851.367 2251.5788 -9722.6666 3.5444117
2070000 294.83723 -16943.242 2324.3587 -9785.1874 -3.5403934
2075000 297.3713 -16905.71 2262.5846 -9767.8851 -4.5450179
2080000 299.35131 -16806.031 2277.1453 -9621.1836 -1.7260149
2085000 298.79486 -16873.239 2256.5577 -9718.1027 -2.4097526
2090000 303.83497 -16892.823 2264.9174 -9646.6964 -1.3790191
2095000 298.57954 -16986.652 2193.342 -9898.2609 3.4778007
2100000 297.51578 -16849.991 2234.0877 -9738.2946 1.4296272
2105000 301.13148 -16985.721 2247.2304 -9801.604 -2.085703
2110000 302.78779 -16899.55 2257.802 -9677.7069 -2.3334191
2115000 297.56907 -16953.858 2301.734 -9773.6411 2.1586948
2120000 294.84436 -16877.205 2273.2455 -9770.1464 2.173846
2125000 301.88032 -16973.347 2208.6721 -9815.511 -0.99731106
2130000 298.91935 -16935.881 2197.7289 -9837.5323 -6.428846
2135000 290.73835 -16983.147 2281.5717 -9935.0785 -2.6356165
2140000 301.53198 -16836.162 2226.9389 -9665.7709 -2.9185437
2145000 304.65561 -16872.746 2288.8988 -9589.1844 -0.83155041
2150000 300.36938 -16940.242 2251.3414 -9764.5088 -4.2808227
2155000 295.43632 -16876.905 2270.8421 -9762.5452 0.95074643
2160000 296.96902 -16998.918 2257.5452 -9872.7279 3.6295298
2165000 305.08969 -16976.339 2247.0703 -9727.4894 -1.7377366
2170000 299.82487 -16933.213 2246.7766 -9770.9715 4.3859221
2175000 295.38007 -16964.845 2260.7689 -9861.4805 3.8157811
2180000 304.24378 -16784.065 2280.8194 -9515.334 -1.3650571
2185000 300.92678 -16834.858 2357.0891 -9544.2381 2.6137112
2190000 296.19581 -16841.48 2242.2088 -9743.3021 3.6067241
2195000 301.06288 -16965.627 2264.2175 -9765.648 1.828964
2200000 295.24508 -16891.575 2242.0954 -9809.0977 3.8417757
2205000 303.21175 -16911.275 2226.6904 -9713.5927 -3.0938151
2210000 298.20217 -16957.831 2323.4544 -9745.5145 0.67888592
2215000 300.12979 -16977.604 2310.6015 -9746.5379 -1.0602675
2220000 294.29601 -17001.684 2269.4921 -9907.3693 0.11139576
2225000 294.63974 -17031.287 2255.0252 -9945.804 -2.3675368
2230000 296.83058 -16903.936 2288.0376 -9749.5226 0.096128975
2235000 301.90926 -16896.564 2173.8018 -9773.1244 -1.122711
2240000 300.33061 -16862.994 2303.9993 -9635.2381 -5.328462
2245000 295.74399 -16911.155 2269.8871 -9792.7067 -4.0175177
2250000 303.56438 -16989.883 2248.2183 -9764.8923 -1.9895625
2255000 303.05483 -16929.284 2182.4298 -9778.4354 3.7739642
2260000 298.39845 -17002.28 2209.3914 -9900.8085 -2.6467783
2265000 299.38938 -16908.9 2227.8446 -9772.7292 1.2078748
2270000 299.95272 -16975.976 2308.0918 -9750.3225 0.56544278
2275000 301.0618 -17096.382 2281.5061 -9879.1317 2.4334075
2280000 301.36637 -16925.456 2236.295 -9748.4233 -4.3729347
2285000 301.34908 -16886.959 2323.6797 -9622.8257 -2.1169749
2290000 303.60655 -16928.691 2254.3658 -9696.8614 0.306561
2295000 293.73525 -17022.747 2246.5493 -9960.5681 0.20377506
2300000 298.7767 -16987.142 2272.6687 -9816.1921 5.803593
2305000 293.75039 -16993.623 2244.3181 -9933.4273 2.3348218
2310000 298.80451 -17006.25 2228.5704 -9878.942 -3.7490658
2315000 300.35625 -16904.405 2257.8105 -9722.4178 0.66759273
2320000 291.76979 -16944.48 2242.1495 -9918.9234 1.9331048
2325000 300.94194 -16886.046 2207.2485 -9745.0183 -1.5643416
2330000 296.77531 -16885.608 2271.2363 -9748.9016 -1.724303
2335000 298.89015 -16888.308 2287.3113 -9700.8559 -0.84653921
2340000 303.96921 -16883.629 2194.4085 -9705.8109 -0.51667717
2345000 303.40109 -16900.034 2264.7666 -9661.1719 -2.4423257
2350000 303.4162 -16913.834 2244.8497 -9694.6409 2.4747767
2355000 303.679 -16965.23 2284.9497 -9701.6291 5.0565585
2360000 297.23407 -16766.401 2213.3363 -9680.0746 -1.5071879
2365000 299.4285 -16959.543 2236.7881 -9813.7882 -0.36102267
2370000 298.61858 -16965.001 2279.2127 -9790.0991 1.7283067
2375000 300.84011 -16892.222 2209.0643 -9751.0482 3.737433
2380000 297.10564 -16988.283 2274.1829 -9843.215 -3.232601
2385000 298.27866 -16895.128 2298.1505 -9706.8613 2.3995046
2390000 303.48536 -16956.706 2261.304 -9719.9247 -0.63290629
2395000 299.35438 -16884.61 2229.0658 -9747.7921 -5.4373444
2400000 298.02095 -16940.404 2198.5522 -9855.9604 -2.8053977
2405000 307.32101 -16834.515 2307.8642 -9488.2906 -0.89360012
2410000 300.55051 -16940.012 2231.1281 -9781.5217 -2.5638117
2415000 302.40483 -16849.462 2249.5652 -9642.1344 -0.23984707
2420000 291.20006 -16861.684 2220.6535 -9866.9636 -2.8085106
2425000 304.00943 -16988.196 2272.9652 -9731.162 -4.3925238
2430000 303.2495 -16954.617 2235.8403 -9747.1664 -2.7709071
2435000 292.30827 -16991.537 2334.3641 -9864.9383 4.5591569
2440000 299.21388 -16866.107 2216.5105 -9744.1483 -1.9521702
2445000 306.21154 -16810.334 2300.8752 -9489.2878 2.1415223
2450000 295.85983 -16814.288 2246.9272 -9716.9004 -4.9548029
2455000 302.62086 -16910.271 2231.1345 -9717.832 2.6651334
2460000 296.01495 -16906.772 2252.7738 -9800.994 0.09356115
2465000 297.83176 -16903.534 2257.0057 -9763.7387 -1.9691317
2470000 303.17556 -16812.482 2279.8834 -9562.2003 2.9581966
2475000 299.65568 -16989.018 2267.9602 -9808.3666 -2.1358323
2480000 300.34783 -16863.272 2236.5255 -9702.7073 -0.034544435
2485000 299.87185 -16944.283 2230.597 -9797.4507 -2.2787439
2490000 298.78981 -17003.498 2276.5457 -9828.4562 0.38807178
2495000 299.74323 -16828.333 2244.6994 -9669.5061 3.9494112
2500000 303.56089 -16961.794 2254.497 -9730.581 0.35001699
2505000 296.61416 -17017.507 2325.4047 -9829.2744 -2.4387901
2510000 300.86353 -17067.508 2264.328 -9870.6861 -0.26285372
2515000 300.1619 -16992.874 2279.3301 -9792.5533 -1.8547081
2520000 298.47876 -16988.305 2265.1646 -9829.7441 3.489193
2525000 301.4219 -17030.011 2244.5188 -9843.8442 3.491126
2530000 306.56845 -17000.703 2279.3711 -9695.3089 -7.588089
2535000 301.76438 -16949.665 2271.2959 -9731.1063 -1.373549
2540000 302.8272 -17118.984 2233.4438 -9920.8535 -1.0870412
2545000 300.15739 -16947.361 2215.854 -9810.59 -0.10177297
2550000 302.66936 -16971.772 2223.0193 -9786.6531 0.38283769
2555000 303.38515 -17039.309 2248.2855 -9817.1897 2.4146446
2560000 296.31229 -17011.553 2243.4147 -9910.2598 -1.9761698
2565000 298.37648 -16968.92 2252.1789 -9825.0212 -0.12155316
2570000 296.94906 -16981.166 2269.1013 -9843.747 -5.4523201
2575000 303.6096 -16973.972 2289.0868 -9707.3712 1.0223526
2580000 294.50206 -16915.704 2258.1967 -9829.3065 0.77521164
2585000 298.73794 -17031.971 2185.2031 -9949.1219 3.82137
2590000 303.78609 -16999.249 2212.1869 -9806.6543 2.1273366
2595000 293.76246 -17011.612 2270.7244 -9924.8125 -2.1378393
2600000 303.672 -16924.349 2242.1824 -9703.6297 2.0108585
2605000 293.59876 -17007.952 2236.3883 -9958.1721 0.19986906
2610000 297.80772 -17002.544 2219.6963 -9900.4527 -2.2457439
2615000 297.27802 -16978.062 2324.3107 -9780.0402 -2.4275814
2620000 296.65627 -17033.078 2300.7102 -9868.8495 4.8339695
2625000 302.31934 -17009.126 2284.8402 -9767.9246 4.4354361
2630000 303.71422 -17003.459 2237.8531 -9786.3771 -2.2438363
2635000 300.07155 -17003.388 2303.8305 -9780.0481 -3.5467569
2640000 295.61857 -16952.226 2253.8713 -9851.8496 1.6395658
2645000 303.9426 -17077.068 2136.9539 -9957.141 0.27428537
2650000 302.45771 -16867.715 2238.7767 -9670.3089 -0.98226032
2655000 298.58359 -17043.548 2193.5685 -9954.8637 -7.5483938
2660000 300.4459 -17123.25 2299.1457 -9898.4573 -1.2496858
2665000 297.35572 -16990.096 2235.963 -9879.1476 -1.2398069
2670000 297.24435 -17002.476 2285.8115 -9843.5055 -2.7794284
2675000 306.21381 -16961.217 2206.0822 -9734.9258 -1.7010048
2680000 297.01407 -16961.907 2217.5945 -9874.9283 0.89046088
2685000 299.44646 -16936.108 2210.973 -9815.8732 1.6561776
2690000 293.7629 -16979.816 2194.6964 -9969.0364 1.3694844
2695000 298.05288 -16937.595 2287.9465 -9763.2343 3.9893398
2700000 305.09566 -16970.047 2202.9173 -9765.2527 1.4954912
2705000 296.22065 -16930.574 2177.5851 -9896.6122 3.7978491
2710000 297.9443 -16901.906 2272.154 -9745.1179 -2.2753993
2715000 300.43246 -16874.053 2260.7258 -9687.9003 0.69881
2720000 306.40151 -16878.545 2262.3352 -9592.9244 -1.7269108
2725000 296.99321 -16971.768 2299.4565 -9803.2698 0.10070005
2730000 299.07847 -16991.099 2239.8678 -9848.0023 4.2785353
2735000 297.95085 -16849.33 2263.8334 -9700.7543 -3.2170251
2740000 303.54273 -17076.044 2267.8535 -9831.773 3.2821358
2745000 296.29481 -16896.856 2232.4499 -9806.8137 -2.6668758
2750000 301.54454 -17083.299 2315.666 -9823.9747 2.1523832
2755000 300.69553 -17106.925 2285.6463 -9891.539 2.714417
2760000 302.71773 -17180.244 2210.2045 -10007.147 4.9613551
2765000 298.98819 -16947.492 2184.4865 -9861.2572 -2.7089197
2770000 303.77784 -16896.589 2257.7525 -9658.5642 -2.375742
2775000 302.1226 -17068.701 2329.1206 -9786.4445 3.7252892
2780000 297.24756 -16952.954 2252.9482 -9826.7945 -0.92056678
2785000 295.97349 -17066.941 2281.0763 -9933.5405 2.7979606
2790000 300.04241 -16968.762 2318.8702 -9730.8595 -0.5421316
2795000 303.80939 -16965.145 2218.4391 -9765.9166 -3.3501651
2800000 296.90875 -17004.488 2280.1522 -9856.6782 1.3385012
2805000 305.02117 -16959.115 2208.987 -9749.4717 5.4519841
2810000 309.59641 -17027.929 2199.6634 -9752.6009 -2.9549151
2815000 295.89447 -17143.555 2278.0187 -10014.507 -0.16795579
2820000 297.04247 -17005.779 2173.4702 -9962.4594 2.9276312
2825000 297.96029 -16979.426 2277.0349 -9817.4942 -1.2128322
2830000 299.74696 -16977.537 2269.4094 -9793.9393 2.4165022
2835000 298.44721 -17177.427 2269.8442 -10014.704 -2.2040612
2840000 294.80517 -16961.282 2308.8893 -9819.2221 -2.2204407
2845000 302.45015 -17042.044 2286.2119 -9797.3263 1.030458
2850000 302.26941 -16990.225 2263.3785 -9771.3042 0.89272945
2855000 299.37326 -16963.345 2253.2277 -9802.0553 1.2403456
2860000 300.56217 -16941.88 2250.8661 -9763.461 3.4959926
2865000 303.70905 -17189.578 2265.9512 -9944.4826 1.2365606
2870000 304.69841 -16986.148 2286.5186 -9704.2648 0.48367902
2875000 302.12138 -17033.705 2306.8374 -9773.7524 -2.3652531
2880000 293.05893 -16991.312 2265.8805 -9920.8895 -0.92318419
2885000 300.94765 -16969.981 2221.2097 -9814.8985 1.2472205
2890000 307.12072 -17046.325 2289.8182 -9721.4301 4.1951526
2895000 303.00764 -17031.055 2284.6832 -9778.7266 2.9084176
2900000 302.6416 -17003.732 2231.8969 -9810.1907 5.3751091
2905000 301.07758 -16961.758 2254.8492 -9770.9054 -2.5210943
2910000 301.65742 -16887.307 2235.4212 -9706.3765 -2.3408694
2915000 303.64376 -16953.108 2267.9907 -9707.0434 4.4834371
2920000 299.72356 -16923.106 2289.2576 -9720.0439 0.24423822
2925000 295.36283 -16898.873 2324.1014 -9732.4591 0.87746506
2930000 305.79125 -16913.539 2218.0285 -9682.2292 -4.2493935
2935000 304.06971 -17011.314 2276.9428 -9749.3138 0.95232402
2940000 298.42657 -17110.111 2293.3791 -9924.1907 4.0902989
2945000 300.47064 -16952.188 2300.4552 -9725.6807 -3.8306625
2950000 299.44614 -16826.779 2234.0312 -9683.4915 -6.6964821
2955000 301.44584 -16992.973 2280.9416 -9769.9912 1.6454245
2960000 296.7313 -16927.625 2223.9603 -9838.9171 -0.82719432
2965000 297.69597 -16900.796 2241.4992 -9778.7337 5.8458733
2970000 294.66219 -16991.024 2349.1986 -9810.9996 2.1241351
2975000 300.56777 -16837.882 2309.2425 -9600.9949 1.1824255
2980000 297.41523 -17129.986 2304.8713 -9949.1542 0.006780502
2985000 296.13245 -17032.792 2282.3683 -9895.4937 -0.3071106
2990000 303.07899 -16996.238 2266.7169 -9760.7063 -5.0845991
2995000 298.46885 -16963.892 2294.1774 -9776.4799 1.4609581
3000000 302.05014 -16960.2 2274.577 -9733.6754 0.64870883
3005000 303.66015 -16992.552 2250.0974 -9764.1114 5.9715098
3010000 298.84458 -17004.97 2272.5006 -9833.0752 3.5983011
3015000 301.3355 -16945.914 2268.4268 -9737.2563 -3.3447168
3020000 300.2473 -17038.846 2221.8095 -9894.6453 2.8677348
3025000 301.51961 -16851.143 2171.6808 -9736.2127 3.9441668
3030000 298.00219 -16974.581 2219.2185 -9869.7793 0.18408626
3035000 298.83353 -17044.369 2278.1949 -9866.9611 -1.6913793
3040000 299.49515 -17127.008 2322.0153 -9894.933 -1.1902588
3045000 305.46797 -17076.073 2310.1512 -9757.9413 0.97524153
3050000 293.66904 -17034.954 2288.2483 -9932.1619 2.0429262
3055000 300.08514 -17051.269 2260.0525 -9871.4836 0.084467989
3060000 299.77171 -16964.2 2229.2636 -9820.3422 1.6646292
3065000 296.43197 -17058.951 2301.1531 -9897.957 6.6929515
3070000 302.83915 -16997.277 2341.0535 -9691.3402 -0.47449155
3075000 300.62257 -16934.036 2213.9371 -9791.5555 -1.6011679
3080000 295.68545 -17043.166 2269.209 -9926.3552 -3.0504303
3085000 305.45613 -16995.426 2292.1506 -9695.4882 -4.6570738
3090000 291.85074 -16845.52 2237.1094 -9823.6763 2.4734554
3095000 303.1455 -16998.234 2214.7073 -9813.6211 -9.0474439
3100000 301.03913 -17024.7 2244.6316 -9844.6954 -1.3482187
3105000 297.94367 -17086.84 2294.1071 -9908.1086 -1.8065205
3110000 302.58186 -16893.824 2277.4222 -9655.7374 1.4766458
3115000 295.55611 -17069.725 2204.3099 -10019.934 -3.2400724
3120000 299.60858 -16918.873 2302.6445 -9704.3087 0.19350735
3125000 297.78262 -16960.728 2342.1251 -9736.6193 2.0903656
3130000 293.79016 -16923.929 2237.0741 -9870.3253 -1.0954399
3135000 305.13413 -16911.206 2234.4089 -9674.2894 1.6307228
3140000 305.68226 -17034.817 2273.8675 -9749.4554 -1.5459523
3145000 302.51493 -16826.287 2199.4396 -9667.2794 -0.048636868
3150000 297.74275 -17024.094 2246.3784 -9896.3857 -1.2701042
3155000 293.20834 -17087.818 2261.5566 -10019.27 -2.925817
3160000 300.05533 -16931.057 2220.7381 -9791.0748 -1.470894
3165000 306.34864 -17045.45 2140.266 -9882.7646 6.4500966
3170000 295.23912 -16909.222 2238.7102 -9830.2277 2.2824467
3175000 301.33469 -16944.941 2220.2112 -9784.5118 -0.2528438
3180000 304.92845 -16929.155 2276.8105 -9653.2089 -1.1022949
3185000 300.21682 -16987.0 2241.7081 -9823.4002 4.5380836
3190000 298.66593 -16940.444 2269.5111 -9774.4682 4.5398718
3195000 299.04738 -17049.238 2287.8325 -9858.6865 0.19631475
3200000 296.81751 -16998.097 2287.2209 -9844.7151 -1.6593572
3205000 298.34612 -17013.215 2205.6411 -9916.3514 -3.2050578
3210000 297.94768 -17012.67 2239.2892 -9888.6912 0.89677209
3215000 300.26975 -17067.098 2232.1545 -9912.1841 3.0819356
3220000 298.34239 -17092.011 2284.0359 -9916.8143 -2.7068892
3225000 300.74843 -16883.863 2275.8036 -9677.4527 -1.339517
3230000 301.87221 -16956.587 2188.0211 -9819.5356 0.57288686
3235000 305.25684 -17032.532 2214.6425 -9813.3697 3.3172468
3240000 302.94641 -17040.716 2225.0375 -9849.0372 0.56910469
3245000 302.69131 -17078.573 2305.543 -9810.5706 3.3292099
3250000 302.61715 -16934.645 2304.0132 -9669.3889 -1.1596976
3255000 300.07764 -16966.474 2217.6424 -9829.2223 1.1302858
3260000 296.89672 -17009.288 2245.5696 -9896.2587 -0.19513924
3265000 297.91256 -16865.934 2240.5844 -9741.2358 0.80128771
3270000 298.44216 -17039.24 2253.0205 -9893.4232 -3.5991907
3275000 303.99921 -16938.851 2258.1127 -9696.8365 0.44659124
3280000 301.70138 -17009.057 2323.2732 -9739.5534 0.29333696
3285000 300.50948 -17057.797 2238.1085 -9892.9989 -0.50238964
3290000 300.58851 -16861.905 2275.308 -9658.6124 -2.9400746
3295000 301.8914 -17038.398 2257.1761 -9831.8763 3.0074369
3300000 299.53098 -16939.079 2277.6822 -9750.7499 -1.6463017
3305000 300.88691 -17018.324 2218.4694 -9866.9779 3.5606166
3310000 299.32312 -17021.062 2255.8054 -9858.0166 1.8076
3315000 303.23868 -16893.457 2200.5133 -9721.5112 -4.2459883
3320000 297.67572 -17007.369 2235.2822 -9891.856 2.1828071
3325000 300.36653 -16966.528 2298.3752 -9743.8069 1.7228307
3330000 305.32243 -16982.043 2320.1012 -9656.3466 1.8449602
3335000 294.93631 -17052.179 2270.9881 -9945.8707 0.30868344
3340000 311.91302 -16925.872 2227.4253 -9584.803 1.1525961
3345000 299.7859 -16866.257 2258.7728 -9692.6582 1.7211005
3350000 296.60784 -16872.15 2248.5689 -9760.8568 2.9390512
3355000 294.74842 -16887.314 2232.9899 -9822.0841 -0.70302981
3360000 298.77159 -16912.98 2335.5611 -9679.2212 -0.4919306
3365000 301.39816 -16880.718 2324.7445 -9614.7148 -1.2300437
3370000 302.97611 -17030.58 2195.3558 -9868.096 -0.28449643
3375000 300.70257 -16930.065 2232.9617 -9767.2489 -1.2235712
3380000 300.56642 -16851.034 2176.6029 -9746.8089 -0.7852554
3385000 301.57655 -17048.608 2294.536 -9809.8891 0.22544017
3390000 296.74273 -17007.193 2256.9122 -9885.3458 -3.7690613
3395000 308.46625 -16904.607 2187.8357 -9659.6354 -1.0940655
3400000 302.04258 -16967.096 2245.7131 -9769.5591 1.0765139
3405000 290.91195 -17035.374 2261.6067 -10004.425 -2.3072725
3410000 302.50364 -16976.758 2261.3279 -9756.0471 0.58588229
3415000 301.67175 -16872.121 2305.2662 -9621.1112 -2.5943286
3420000 303.62313 -17006.727 2194.1478 -9834.8435 -2.7833937
3425000 305.71311 -16924.389 2278.3845 -9634.0046 -1.6081078
3430000 298.37506 -16892.351 2273.5323 -9727.1222 -1.0706468
3435000 303.9171 -17002.032 2216.871 -9802.606 -2.9485689
3440000 305.5207 -17033.232 2236.3697 -9788.0172 1.9422329
3445000 297.20662 -16963.266 2314.1499 -9776.5759 0.30999145
3450000 300.97944 -17060.857 2267.7462 -9858.717 -1.2716948
3455000 298.58262 -16948.618 2313.9 -9739.6189 -0.052265762
3460000 305.80816 -17115.734 2204.4064 -9897.7692 2.9100847
3465000 301.715 -16965.12 2329.0058 -9689.661 3.1236435
3470000 306.17514 -16962.737 2275.9287 -9667.234 1.3791456
3475000 293.5243 -16920.153 2258.6544 -9849.3271 -3.3594664
3480000 300.3545 -17049.041 2254.8342 -9870.0584 -1.8209738
3485000 303.32468 -17031.364 2219.9083 -9838.613 -1.3995167
3490000 304.44002 -16958.772 2214.4566 -9753.187 -1.2837912
3495000 301.52244 -16970.176 2301.8417 -9725.0384 1.4510277
3500000 299.3824 -17262.321 2238.0179 -10116.092 2.6437285
3505000 302.19225 -17042.792 2230.6855 -9857.8288 1.438813
3510000 297.83168 -17031.378 2250.5118 -9898.0776 5.3851747
3515000 299.6974 -17012.61 2315.327 -9783.9075 5.3563643
3520000 298.30873 -17002.985 2309.1205 -9803.2552 2.359362
3525000 295.1197 -17037.954 2239.7338 -9959.8936 -5.1340213
3530000 300.81353 -17047.998 2298.4045 -9817.9195 -3.8512735
3535000 307.27238 -17044.293 2263.4163 -9743.3135 -1.3116793
3540000 300.18696 -16976.098 2269.9572 -9784.7396 -1.8639598
3545000 300.71709 -17116.348 2248.9188 -9937.3368 1.1920668
3550000 302.02517 -17001.254 2255.9581 -9793.7582 -4.9044186
3555000 297.87152 -17004.641 2215.7847 -9905.4153 1.9725967
3560000 296.16373 -16981.978 2301.188 -9825.3468 -1.3171232
3565000 303.18858 -17012.534 2244.8964 -9797.026 1.6266519
3570000 302.24589 -17019.002 2195.3976 -9868.4478 0.77950865
3575000 295.56323 -16951.733 2263.5035 -9842.6316 1.967222
3580000 295.85406 -16979.173 2254.3855 -9874.4218 1.2092562
3585000 301.15021 -16988.916 2190.9276 -9860.7945 -5.3785405
3590000 300.97813 -16892.726 2206.8981 -9751.4553 0.73819809
3595000 296.33635 -16925.775 2241.5005 -9826.0011 1.2522862
3600000 296.59194 -16900.622 2251.8539 -9786.3047 0.91665027
3605000 301.00863 -17015.468 2223.5227 -9857.0731 0.84569606
3610000 299.00119 -16923.353 2261.1469 -9760.2447 5.2095123
3615000 294.1049 -17005.534 2274.0358 -9909.8089 -2.1169391
3620000 301.97065 -16949.724 2182.9991 -9816.0801 -3.2037877
3625000 305.95082 -17044.214 2266.1642 -9762.1524 1.9446385
3630000 293.46996 -16991.306 2308.1886 -9871.8373 -2.8875153
3635000 295.00343 -17055.223 2289.1702 -9929.6327 1.5748553
3640000 300.44697 -16963.065 2251.3438 -9786.0568 -0.63192614
3645000 297.84961 -17043.346 2219.2748 -9940.989 0.28155516
3650000 302.98193 -16889.313 2224.9457 -9697.1441 0.56429958
3655000 299.52198 -16905.971 2190.5312 -9804.9403 0.71631458
3660000 298.45164 -16890.046 2220.8693 -9776.2251 0.68025806
3665000 296.13589 -17047.381 2200.3088 -9992.0853 3.5613956
3670000 296.70812 -17057.972 2203.0223 -9990.5814 -0.54353139
3675000 296.19312 -16922.743 2201.056 -9865.7625 1.8309931
3680000 299.29101 -16903.897 2238.1185 -9759.065 -5.112424
3685000 302.6006 -16920.988 2212.9147 -9747.1015 -5.7069433
3690000 305.16357 -16956.247 2272.8155 -9680.4413 -2.0475858
3695000 297.58778 -17039.92 2310.8459 -9850.2841 2.7578272
3700000 299.38213 -16992.223 2235.2004 -9848.8154 2.2408407
3705000 301.98544 -16945.778 2282.3189 -9712.5721 -4.2246426
3710000 301.26176 -16987.294 2295.4178 -9752.8534 -2.4935281
3715000 296.34761 -17022.843 2288.4815 -9875.9036 -0.15534927
3720000 300.42475 -17219.553 2259.7015 -10034.552 1.9442027
3725000 302.61321 -17015.938 2187.6693 -9867.0895 -1.7174841
3730000 297.32788 -17043.866 2271.3429 -9897.9943 -3.6358542
3735000 300.92943 -17006.28 2307.4839 -9765.222 -1.3256462
3740000 296.10604 -17021.123 2230.7575 -9935.8684 -1.9378484
3745000 301.05704 -16951.743 2246.1791 -9769.898 0.23772117
3750000 301.85863 -17040.302 2257.0489 -9834.4453 -5.3586177
3755000 298.33483 -16873.548 2244.5405 -9737.9709 0.61744435
3760000 304.41291 -16985.376 2275.5586 -9719.1339 1.0303191
3765000 297.68502 -17114.565 2257.59 -9976.5916 1.2152189
3770000 299.38606 -16949.916 2203.2104 -9838.4343 -1.5130021
3775000 297.3944 -17020.154 2249.2201 -9895.3151 -2.3417954
3780000 298.29288 -17009.087 2287.276 -9831.4619 2.9434134
3785000 299.53704 -16912.409 2276.7494 -9724.9131 2.8645576
3790000 305.73571 -16924.273 2339.1612 -9572.7417 0.5818147
3795000 295.13713 -16978.198 2267.6751 -9871.9099 2.1816752
3800000 296.31437 -16984.406 2198.7847 -9927.7087 0.001322359
3805000 307.05975 -16980.571 2285.9594 -9660.5347 1.2257843
3810000 304.38847 -16872.924 2221.5584 -9661.0823 3.436661
3815000 297.61651 -16997.955 2220.0132 -9898.6811 0.18869185
3820000 303.66775 -16901.417 2250.4991 -9672.4507 1.2704054
3825000 299.39288 -17078.305 2242.5207 -9927.4013 1.4633941
3830000 295.83161 -17009.112 2239.4002 -9919.7133 0.59689601
3835000 299.32749 -16953.635 2250.6047 -9795.7187 -1.3401365
3840000 300.19408 -17021.307 2215.4793 -9884.309 3.559187
3845000 296.92156 -16927.806 2267.0173 -9792.9214 -3.0370988
3850000 305.67236 -16832.846 2244.3182 -9577.1959 3.5652462
3855000 298.62965 -16909.562 2253.8672 -9759.8241 -1.9874881
3860000 298.34976 -16888.133 2253.4835 -9743.3681 -1.6814228
3865000 301.20832 -16951.007 2280.4581 -9732.4022 0.63556837
3870000 298.90224 -16969.058 2223.533 -9845.186 4.2086776
3875000 305.91493 -16938.741 2246.0514 -9677.3813 -0.68779631
3880000 305.47993 -16952.636 2258.4035 -9686.0551 -0.5152142
3885000 303.40722 -16969.741 2271.5271 -9724.0177 -4.6259202
3890000 299.37869 -16949.241 2330.025 -9711.0653 2.5257279
3895000 295.1371 -16892.604 2190.1796 -9863.812 2.8887827
3900000 299.99893 -16916.425 2347.0 -9651.1061 4.1502573
3905000 297.19271 -16923.792 2252.4089 -9799.0702 0.23038849
3910000 301.55576 -16962.588 2187.6945 -9831.0516 -2.0934256
3915000 300.63802 -17005.464 2238.4107 -9838.2566 1.1512263
3920000 294.80963 -16811.405 2273.4663 -9704.6956 -2.5185266
3925000 298.66123 -16922.566 2282.9742 -9743.2037 -0.51642294
3930000 298.94254 -17027.083 2238.9676 -9887.1156 0.84197707
3935000 295.88356 -16893.956 2223.4729 -9819.6333 2.7385137
3940000 297.65715 -16897.463 2253.7217 -9763.8148 -2.4711759
3945000 299.35524 -17061.562 2270.8463 -9882.9491 -5.5454529
3950000 297.37706 -16987.825 2267.7677 -9844.7227 0.34818901
3955000 300.78563 -16988.812 2239.2589 -9818.337 2.6560321
3960000 299.53784 -16947.186 2224.4042 -9812.0215 -3.6613068
3965000 301.89488 -17017.13 2242.2829 -9825.4448 2.5467645
3970000 296.11401 -17020.338 2239.9539 -9925.7565 0.54038024
3975000 299.51922 -17036.775 2258.782 -9867.539 0.77698016
3980000 303.55721 -16983.225 2235.0875 -9771.4824 3.9781767
3985000 306.32981 -16987.293 2227.5721 -9737.6104 -3.7201006
3990000 298.81992 -16996.392 2301.4653 -9795.9371 0.38108902
3995000 299.74199 -16945.715 2320.5746 -9711.0337 -1.3378376
4000000 303.39725 -16993.412 2242.9526 -9776.4273 1.931734
4005000 295.88995 -17029.777 2287.5904 -9891.2322 -1.0584114
4010000 299.74344 -17012.427 2233.8824 -9864.4144 2.720862
4015000 304.85765 -16911.289 2255.9685 -9657.3457 -1.2801186
4020000 307.4462 -16970.493 2282.1769 -9647.9032 -2.7118763
4025000 299.25722 -16879.469 2219.3374 -9753.9724 0.31013734
4030000 297.15205 -16997.227 2312.8929 -9812.6884 -0.95250956
4035000 301.60298 -16976.916 2232.2914 -9800.0083 -1.1940497
4040000 303.44744 -16956.105 2264.2039 -9717.0455 -5.2734165
4045000 304.27883 -16907.924 2252.2461 -9667.1923 3.0648107
4050000 301.84452 -16996.954 2230.1955 -9818.1814 -1.4737359
4055000 301.10848 -16982.866 2230.351 -9816.0059 3.9259401
4060000 296.49175 -16907.623 2274.5941 -9772.2082 0.52583936
4065000 298.43005 -17044.253 2293.0097 -9858.6455 -2.9978192
4070000 298.33684 -17047.482 2281.0995 -9875.3128 -0.28432772
4075000 303.05654 -17038.358 2266.1059 -9803.8051 2.3113489
4080000 301.6064 -17024.038 2235.4166 -9843.9482 -1.8621783
4085000 301.7102 -16971.244 2224.969 -9799.9004 0.37420468
4090000 295.79409 -16894.208 2375.701 -9669.124 -0.77856789
4095000 304.07367 -16844.165 2307.3044 -9551.7382 0.5867267
4100000 302.20678 -16986.409 2244.1497 -9787.7438 0.14372363
4105000 305.14592 -17028.514 2256.6623 -9769.1502 2.5659958
4110000 293.0507 -16983.318 2253.6978 -9925.2139 -1.2009518
4115000 302.75542 -16858.423 2276.838 -9618.0743 -2.307554
4120000 301.15718 -16910.56 2242.384 -9730.8684 -2.628854
4125000 301.81665 -16979.282 2256.6487 -9774.5142 -1.7371176
4130000 293.99186 -17091.053 2248.229 -10022.987 -2.2180054
4135000 302.32714 -17012.327 2222.2089 -9833.6298 2.260227
4140000 298.17792 -16896.892 2242.585 -9765.842 3.0283377
4145000 306.12486 -17013.46 2233.6216 -9761.088 0.33218446
4150000 296.82745 -17001.165 2273.8582 -9860.9825 1.0827701
4155000 293.5643 -16956.297 2277.4745 -9865.9956 -2.8201069
4160000 305.63736 -17110.853 2281.8391 -9818.2555 -2.6847017
4165000 299.28129 -16893.541 2256.8672 -9730.1201 1.348166
4170000 291.79238 -17038.527 2213.6913 -10041.059 3.3630153
4175000 295.20992 -16995.823 2258.7716 -9897.2451 -0.8407002
4180000 297.01505 -16958.372 2201.5392 -9887.4324 1.9240504
4185000 301.67514 -16910.864 2253.1446 -9711.92 -1.1392784
4190000 299.91288 -16846.317 2191.981 -9737.4276 1.9092878
4195000 305.6123 -17001.671 2196.9964 -9794.3271 1.4591869
4200000 299.44085 -16975.895 2344.1606 -9722.565 -1.9382888
4205000 298.88778 -16909.524 2301.3909 -9708.0309 -1.1556491
4210000 303.52188 -16946.515 2254.9359 -9715.5029 4.8234126
4215000 298.07363 -16907.668 2310.0721 -9710.8411 3.8604562
4220000 302.46248 -16969.516 2245.5792 -9765.2295 3.836778
4225000 304.1706 -16899.197 2272.8104 -9639.6754 -1.4989155
4230000 300.83989 -16909.496 2222.9015 -9754.4882 1.4630766
4235000 302.65422 -16943.465 2279.9099 -9701.7041 1.1265211
4240000 298.43799 -17039.952 2246.5493 -9900.6744 3.3111636
4245000 299.10143 -16933.792 2303.9557 -9726.2317 -4.0280383
4250000 302.57197 -16947.12 2221.2427 -9765.3752 1.9321733
4255000 301.18926 -17071.023 2292.8476 -9840.342 2.4525197
4260000 301.33033 -17079.434 2274.0265 -9865.2606 -3.7661564
4265000 300.82194 -17023.727 2238.9782 -9852.9373 -1.4453714
4270000 304.03887 -16873.86 2236.3677 -9652.9409 1.3849692
4275000 299.77786 -16968.655 2266.657 -9787.3033 1.2102054
4280000 300.43607 -17018.298 2302.7495 -9790.0625 -0.17145533
4285000 293.67102 -16996.865 2255.0321 -9927.2564 -1.3907271
4290000 298.67734 -17057.104 2227.1779 -9933.2741 -3.3445899
4295000 305.44401 -16991.178 2236.6964 -9746.8933 -3.0636384
4300000 300.88741 -16983.241 2279.0909 -9771.2652 3.1263455
4305000 302.18043 -17008.058 2226.4541 -9827.5207 5.1730357
4310000 300.1631 -16997.485 2274.0067 -9802.4679 -1.8809307
4315000 300.84042 -17011.042 2175.932 -9902.9956 0.74963335
4320000 303.81503 -16929.506 2207.17 -9741.4539 -1.1847943
4325000 308.03123 -16933.009 2256.5528 -9626.4521 -0.92566524
4330000 295.44983 -16974.177 2231.3564 -9899.082 0.61634991
4335000 296.23477 -17096.724 2234.9036 -10005.213 3.8183843
4340000 301.40508 -17055.37 2192.393 -9921.6051 0.45070911
4345000 295.67552 -17075.505 2285.4355 -9942.6304 -0.65505302
4350000 305.34237 -16925.008 2228.1466 -9690.9397 3.2789911
4355000 298.69303 -16903.676 2277.9257 -9728.8409 0.089460882
4360000 298.4742 -17151.115 2292.3362 -9965.4566 -4.8659125
4365000 298.73327 -17035.502 2227.1561 -9910.777 -3.854375
4370000 299.62624 -17004.278 2237.2316 -9854.8373 -0.26746523
4375000 303.60478 -17059.816 2214.7127 -9867.6688 -1.8436306
4380000 296.02696 -17038.131 2250.1745 -9934.7562 -2.2489332
4385000 302.19984 -17021.919 2210.6513 -9856.8662 0.36521017
4390000 302.96892 -17019.449 2286.2895 -9766.1485 -2.023768
4395000 301.20206 -17020.957 2288.0101 -9794.9036 1.1587512
4400000 297.39953 -17055.451 2196.7338 -9983.0143 -0.069464521
4405000 303.07973 -17061.303 2213.9871 -9878.4884 -1.1913208
4410000 302.73533 -16961.76 2284.2072 -9714.372 -1.6181208
4415000 298.18962 -17046.981 2244.5416 -9913.7828 -5.3470104
4420000 300.40137 -16936.801 2269.223 -9742.6608 4.546699
4425000 299.66175 -17068.598 2304.4837 -9851.3228 -2.5954349
4430000 305.47885 -16985.29 2261.0027 -9716.1279 -0.18658196
4435000 298.74164 -17035.732 2226.8943 -9911.1313 -2.5093605
4440000 298.29615 -16973.38 2215.2686 -9867.7081 2.5688727
4445000 300.74241 -16938.433 2276.8299 -9731.0952 4.3870032
4450000 296.42189 -16967.824 2294.8284 -9813.3199 1.184988
4455000 296.33324 -17117.433 2254.9038 -10004.308 -1.837812
4460000 295.44799 -16943.751 2243.6055 -9856.437 0.57397083
4465000 301.1129 -16903.772 2199.2885 -9767.9019 0.089165265
4470000 299.55631 -17022.599 2264.7775 -9846.759 1.0772826
4475000 298.79915 -17081.871 2274.0622 -9909.1593 -1.603318
4480000 300.18185 -16929.47 2206.977 -9801.1752 0.87615625
4485000 297.25069 -16927.385 2289.4964 -9764.6253 1.0028981
4490000 299.6146 -17019.336 2216.1399 -9891.1774 3.6828807
4495000 298.33878 -17043.39 2237.9305 -9914.3582 -0.81200187
4500000 301.97241 -16888.525 2236.1928 -9701.6589 -3.8338018
4505000 296.89906 -16951.204 2245.3201 -9838.3851 0.010894701
4510000 298.01848 -17036.703 2197.2601 -9953.592 -2.3299556
4515000 298.05334 -17031.424 2234.5558 -9910.4455 -2.3859273
4520000 300.96609 -16998.65 2269.4534 -9795.0215 1.6501837
4525000 299.33638 -17057.07 2286.5553 -9863.058 0.005925801
4530000 299.25727 -17089.219 2143.7825 -10039.277 -1.4528022
4535000 297.03606 -16898.305 2313.6502 -9714.9101 -3.503482
4540000 299.66994 -17051.786 2252.1869 -9886.6732 -1.997527
4545000 295.48405 -17088.891 2226.0729 -10018.518 -0.079724461
4550000 295.17869 -16987.465 2209.4744 -9938.6968 -5.3824033
4555000 302.80126 -17018.501 2305.1154 -9749.1241 -0.80673645
4560000 298.05662 -17059.876 2268.7715 -9904.6285 0.36683798
4565000 304.0164 -17094.365 2282.0287 -9828.1532 -1.0508011
4570000 297.53131 -16947.26 2325.9846 -9743.412 0.20118515
4575000 302.22039 -16982.524 2262.6672 -9765.1186 -1.3178888
4580000 296.08682 -16940.045 2245.692 -9840.1709 3.0872192
4585000 296.87372 -16990.939 2274.6093 -9849.2465 -0.81067368
4590000 300.36637 -17000.113 2328.2109 -9747.5594 3.5955936
4595000 300.53939 -16998.024 2251.931 -9818.9129 -2.8744089
4600000 298.59941 -16927.421 2271.1704 -9760.8763 -5.6821617
4605000 294.59027 -16955.656 2287.6193 -9838.3894 4.0264409
4610000 296.76495 -16996.67 2292.2404 -9839.13 -1.3536071
4615000 301.80429 -17078.138 2302.6826 -9827.5384 1.3016602
4620000 303.45954 -17050.908 2216.616 -9859.2384 -1.535984
4625000 301.96745 -16965.342 2221.2541 -9793.496 -2.8176477
4630000 298.4223 -16958.12 2237.237 -9828.4121 -1.858945
4635000 298.7235 -16874.859 2292.8156 -9684.634 -1.7121039
4640000 300.498 -16995.504 2298.3438 -9770.6592 0.29945141
4645000 297.79357 -17022.099 2244.4268 -9895.5089 -2.4826934
4650000 298.25557 -16967.286 2262.5803 -9814.9684 2.3439695
4655000 304.09568 -17163.027 2255.8475 -9921.6963 1.3363438
4660000 302.18409 -16981.306 2239.2681 -9787.8943 -0.45749463
4665000 302.3153 -16945.857 2258.429 -9731.1338 2.0603578
4670000 297.13515 -17069.526 2241.7316 -9956.4253 -3.5138115
4675000 295.39594 -16936.231 2203.2174 -9890.1583 -4.065965
4680000 306.19316 -17022.932 2285.5808 -9717.4808 0.33465878
4685000 295.82944 -16978.458 2276.8109 -9851.6846 -4.3928206
4690000 298.37732 -16984.642 2240.8843 -9852.0239 1.5189921
4695000 297.15733 -16937.517 2194.9936 -9870.7907 1.8433033
4700000 302.16908 -16865.591 2261.3894 -9650.3036 3.4609884
4705000 309.32611 -16911.259 2315.3895 -9524.6364 -1.6746354
4710000 298.65328 -16922.237 2229.1326 -9796.8464 -2.7461438
4715000 300.4266 -16944.77 2310.8413 -9708.5979 2.9764468
4720000 301.21042 -16917.118 2298.225 -9680.7125 2.9770442
4725000 299.84056 -17071.433 2249.6626 -9906.0482 -1.4896555
4730000 297.55141 -16979.776 2208.5994 -9892.9828 0.50748614
4735000 302.3638 -16982.55 2250.5341 -9774.9262 -3.0170371
4740000 307.09186 -16914.986 2181.5204 -9698.8619 1.0561204
4745000 300.08619 -16978.321 2250.0832 -9808.4885 1.2101505
4750000 299.46328 -16903.407 2205.2746 -9788.5946 -3.4537016
4755000 301.31133 -17033.584 2291.6691 -9802.0794 -7.1048242
4760000 305.06548 -17059.257 2278.6905 -9779.1838 -3.7522149
4765000 300.01494 -16879.145 2282.8369 -9677.7261 -1.4832966
4770000 297.19301 -16975.634 2247.6953 -9855.6208 1.7725161
4775000 301.64748 -16918.975 2255.1674 -9718.4611 0.35393283
4780000 298.62527 -17003.056 2222.9513 -9884.3063 3.6584347
4785000 297.73811 -16979.242 2272.8253 -9825.1629 3.7823995
4790000 296.7577 -16968.4 2264.024 -9839.195 1.8703527
4795000 299.40908 -17048.511 2248.6075 -9891.2543 -0.7376171
4800000 300.06686 -16946.379 2285.5198 -9741.4263 0.28713391
4805000 296.85046 -16851.368 2271.2886 -9713.3776 -0.52509217
4810000 302.21527 -16918.397 2238.1207 -9725.621 2.8181847
4815000 297.99918 -17022.876 2274.2269 -9863.1151 0.80792933
4820000 303.92651 -17016.634 2292.3749 -9741.55 1.2001637
4825000 301.07684 -17062.03 2287.8867 -9838.1521 -5.2311131
4830000 303.6873 -16998.896 2227.4505 -9792.6574 0.087985114
4835000 294.72861 -17072.273 2255.1214 -9985.2362 -1.5913469
4840000 299.0195 -16972.358 2252.6294 -9817.467 -2.8004942
4845000 295.39131 -17070.744 2300.3133 -9927.6512 3.7609336
4850000 301.44022 -17070.478 2282.8458 -9845.6844 -4.6645588
4855000 298.14821 -16939.726 2283.521 -9768.2272 -5.7795355
4860000 301.5331 -17053.208 2242.1894 -9867.548 1.942492
4865000 299.53479 -16939.596 2271.6626 -9757.2237 -2.5039525
4870000 293.61726 -16941.737 2271.1788 -9856.8631 -3.9995276
4875000 301.32484 -16964.293 2216.3405 -9807.8963 5.2768602
4880000 297.80238 -16989.482 2218.065 -9889.1088 -2.5204761
4885000 300.14136 -16901.758 2277.7441 -9703.3603 -1.2464207
4890000 298.80809 -17003.643 2298.8823 -9805.9647 -0.47348226
4895000 303.07103 -17029.489 2202.0917 -9858.7131 -0.9395611
4900000 296.33862 -17037.024 2288.8861 -9889.8273 -3.248933
4905000 295.63647 -16945.324 2230.0689 -9868.4561 0.44749267
4910000 308.76087 -17011.238 2302.2803 -9646.9911 2.7428931
4915000 301.11848 -17082.687 2229.4094 -9916.6039 3.075362
4920000 295.60421 -17056.097 2244.5903 -9965.2368 0.7429441
4925000 303.35905 -17156.371 2249.0075 -9933.9575 0.20146569
4930000 307.01618 -16937.826 2264.5339 -9639.9286 2.9986819
4935000 303.10896 -17095.096 2233.5346 -9892.2548 3.806898
4940000 304.02209 -17027.328 2251.0991 -9791.9519 0.49652755
4945000 298.41076 -17023.629 2201.2613 -9930.0858 0.33447175
4950000 297.29775 -17002.88 2275.5972 -9853.2482 -1.4161572
4955000 304.29606 -17010.172 2222.0585 -9799.3458 -0.02805312
4960000 303.1569 -16882.037 2264.4079 -9647.5365 2.4247264
4965000 298.45777 -17163.318 2222.4492 -10047.816 -1.4190614
4970000 299.55801 -17115.861 2224.6294 -9980.1414 -0.66119183
4975000 303.7952 -16974.456 2301.3238 -9692.576 1.7753834
4980000 295.80796 -16911.436 2257.2257 -9804.5995 -4.045757
4985000 297.97272 -16954.8 2302.6645 -9767.035 -5.5797356
4990000 297.38607 -17066.045 2318.6888 -9871.8734 -5.3240574
4995000 301.66645 -16987.601 2246.7157 -9795.2286 -0.79947427
5000000 301.82737 -17063.179 2223.1559 -9891.728 2.5819438
5005000 302.61398 -16965.524 2282.7006 -9721.6321 -1.4338797
5010000 302.91698 -16969.344 2253.1229 -9750.062 1.8040966
