3830000 369
3835000 368
3840000 368
3845000 368
3850000 367
3855000 367
3860000 366
3865000 366
3870000 366
3875000 366
3880000 366
3885000 366
3890000 366
3895000 367
3900000 367
3905000 367
3910000 366
3915000 366
3920000 366
3925000 366
3930000 366
3935000 366
3940000 366
3945000 366
3950000 366
3955000 366
3960000 366
3965000 366
3970000 366
3975000 366
3980000 366
3985000 366
3990000 366
3995000 366
4000000 366
4005000 366
4010000 366
4015000 367
4020000 367
4025000 367
4030000 366
4035000 367
4040000 367
4045000 366
4050000 365
4055000 367
4060000 367
4065000 367
4070000 368
4075000 368
4080000 368
4085000 368
4090000 368
4095000 368
4100000 368
4105000 368
4110000 368
4115000 368
4120000 368
4125000 368
4130000 368
4135000 368
4140000 368
4145000 368
4150000 368
4155000 368
4160000 368
4165000 368
4170000 368
4175000 368
4180000 368
4185000 368
4190000 368
4195000 368
4200000 367
4205000 367
4210000 367
4215000 367
4220000 367
4225000 367
4230000 367
4235000 367
4240000 367
4245000 367
4250000 367
4255000 367
4260000 367
4265000 367
4270000 367
4275000 367
4280000 367
4285000 367
4290000 367
4295000 367
4300000 367
4305000 367
4310000 367
4315000 366
4320000 367
4325000 367
4330000 367
4335000 367
4340000 367
4345000 367
4350000 368
4355000 368
4360000 368
4365000 368
4370000 368
4375000 368
4380000 368
4385000 368
4390000 368
4395000 368
4400000 368
4405000 368
4410000 368
4415000 368
4420000 368
4425000 368
4430000 368
4435000 368
4440000 368
4445000 368
4450000 368
4455000 368
4460000 368
4465000 368
4470000 368
4475000 368
4480000 368
4485000 368
4490000 368
4495000 368
4500000 367
4505000 367
4510000 367
4515000 367
4520000 367
4525000 367
4530000 367
4535000 367
4540000 367
4545000 367
4550000 367
4555000 367
4560000 367
4565000 367
4570000 367
4575000 367
4580000 367
4585000 367
4590000 367
4595000 367
4600000 367
4605000 367
4610000 367
4615000 368
4620000 368
4625000 367
4630000 368
4635000 368
4640000 368
4645000 368
4650000 368
4655000 368
4660000 368
4665000 368
4670000 368
4675000 368
4680000 368
4685000 368
4690000 368
4695000 368
4700000 368
4705000 368
4710000 368
4715000 368
4720000 368
4725000 367
4730000 368
4735000 368
4740000 368
4745000 368
4750000 368
4755000 368
4760000 368
4765000 368
4770000 368
4775000 367
4780000 368
4785000 368
4790000 368
4795000 368
4800000 368
4805000 368
4810000 368
4815000 369
4820000 369
4825000 369
4830000 369
4835000 369
4840000 369
4845000 369
4850000 369
4855000 369
4860000 369
4865000 369
4870000 369
4875000 369
4880000 369
4885000 369
4890000 369
4895000 369
4900000 368
4905000 368
4910000 368
4915000 368
4920000 368
4925000 368
4930000 367
4935000 367
4940000 367
4945000 367
4950000 367
4955000 368
4960000 368
4965000 368
4970000 367
4975000 367
4980000 367
4985000 367
4990000 367
4995000 367
5000000 367
5005000 368
5010000 368
5015000 368
5020000 368
5025000 368
5030000 367
5035000 367
5040000 366
5045000 366
5050000 366
5055000 366
5060000 366
5065000 366
5070000 366
5075000 366
5080000 366
5085000 366
5090000 367
5095000 367
5100000 367
5105000 367
5110000 367
5115000 367
5120000 367
5125000 367
5130000 367
5135000 367
5140000 367
5145000 367
5150000 367
5155000 367
5160000 367
5165000 367
5170000 367
5175000 367
5180000 367
5185000 367
5190000 367
5195000 367
5200000 367
5205000 367
5210000 367
5215000 367
5220000 367
5225000 367
5230000 367
5235000 367
5240000 367
5245000 367
5250000 367
5255000 367
5260000 367
5265000 367
5270000 367
5275000 367
5280000 367
5285000 367
5290000 367
5295000 367
5300000 367
5305000 367
5310000 367
5315000 367
5320000 367
5325000 367
5330000 367
5335000 367
5340000 367
5345000 367
5350000 367
5355000 367
5360000 367
5365000 367
5370000 368
5375000 368
5380000 368
5385000 368
5390000 368
5395000 368
5400000 367
5405000 367
5410000 367
5415000 367
5420000 367
5425000 367
5430000 367
5435000 365
5440000 365
5445000 365
5450000 365
5455000 365
5460000 365
5465000 365
5470000 365
5475000 365
5480000 365
5485000 365
5490000 365
5495000 365
5500000 365
5505000 365
5510000 365
5515000 365
5520000 365
5525000 365
5530000 365
5535000 365
5540000 365
5545000 365
5550000 365
5555000 365
5560000 365
5565000 365
5570000 365
5575000 365
5580000 365
5585000 365
5590000 365
5595000 365
5600000 365
5605000 366
5610000 366
5615000 367
5620000 368
5625000 368
5630000 368
5635000 368
5640000 368
5645000 368
5650000 368
5655000 368
5660000 368
5665000 368
5670000 368
5675000 368
5680000 369
5685000 369
5690000 369
5695000 369
5700000 369
5705000 369
5710000 369
5715000 369
5720000 369
5725000 370
5730000 370
5735000 370
5740000 370
5745000 370
5750000 370
5755000 370
5760000 370
5765000 370
5770000 370
5775000 370
5780000 370
5785000 370
5790000 370
5795000 370
5800000 370
5805000 370
5810000 370
5815000 370
5820000 370
5825000 370
5830000 370
5835000 370
5840000 370
5845000 370
5850000 370
5855000 370
5860000 370
5865000 370
5870000 370
5875000 371
5880000 371
5885000 371
5890000 371
5895000 371
5900000 371
5905000 371
5910000 371
5915000 371
5920000 371
5925000 371
5930000 370
5935000 370
5940000 370
5945000 370
5950000 370
5955000 370
5960000 370
5965000 370
5970000 370
5975000 370
5980000 370
5985000 370
5990000 370
5995000 370
6000000 369
6005000 369
6010000 369
6015000 369
6020000 369
6025000 369
6030000 369
6035000 369
6040000 369
6045000 369
6050000 369
6055000 369
6060000 369
6065000 369
6070000 369
6075000 369
6080000 369
6085000 370
6090000 370
6095000 370
6100000 370
6105000 370
6110000 370
6115000 370
6120000 370
6125000 370
6130000 370
6135000 370
6140000 370
6145000 370
6150000 370
6155000 370
6160000 370
6165000 370
6170000 370
6175000 370
6180000 370
6185000 370
6190000 370
6195000 370
6200000 370
6205000 370
6210000 370
6215000 370
6220000 370
6225000 369
6230000 369
6235000 369
6240000 369
6245000 369
6250000 369
6255000 369
6260000 369
6265000 369
6270000 369
6275000 369
6280000 369
6285000 369
6290000 369
6295000 369
6300000 369
6305000 369
6310000 369
6315000 369
6320000 369
6325000 369
6330000 369
6335000 368
6340000 368
6345000 368
6350000 368
6355000 368
6360000 368
6365000 368
6370000 368
6375000 368
6380000 368
6385000 368
6390000 368
6395000 368
6400000 368
6405000 368
6410000 368
6415000 368
6420000 368
6425000 368
6430000 368
6435000 368
6440000 368
6445000 368
6450000 368
6455000 368
6460000 368
6465000 369
6470000 370
6475000 369
6480000 370
6485000 370
6490000 370
6495000 370
6500000 370
6505000 370
6510000 370
6515000 370
6520000 370
6525000 370
6530000 370
6535000 370
6540000 370
6545000 369
6550000 371
6555000 371
6560000 371
6565000 371
6570000 371
6575000 371
6580000 371
6585000 371
6590000 371
6595000 371
6600000 371
6605000 371
6610000 371
6615000 371
6620000 371
6625000 371
6630000 371
6635000 371
6640000 371
6645000 371
6650000 371
6655000 371
6660000 371
6665000 371
6670000 371
6675000 371
6680000 372
6685000 372
6690000 371
6695000 371
6700000 371
6705000 371
6710000 371
6715000 371
6720000 371
6725000 371
6730000 371
6735000 371
6740000 371
6745000 371
6750000 371
6755000 371
6760000 371
6765000 371
6770000 371
6775000 371
6780000 371
6785000 371
6790000 371
6795000 371
6800000 371
6805000 370
6810000 370
6815000 370
6820000 370
6825000 370
6830000 371
6835000 371
6840000 371
6845000 371
6850000 371
6855000 371
6860000 371
6865000 371
6870000 370
6875000 370
6880000 370
6885000 370
6890000 370
6895000 370
6900000 370
6905000 370
6910000 370
6915000 370
6920000 369
6925000 369
6930000 369
6935000 369
6940000 369
6945000 369
6950000 369
6955000 369
6960000 369
6965000 369
6970000 369
6975000 369
6980000 369
6985000 368
6990000 368
6995000 367
7000000 368
7005000 368
7010000 367
7015000 367
7020000 367
7025000 367
7030000 367
7035000 368
7040000 369
7045000 369
7050000 369
7055000 369
7060000 370
7065000 370
7070000 370
7075000 370
7080000 370
7085000 370
7090000 370
7095000 370
7100000 370
7105000 370
7110000 370
7115000 370
7120000 370
7125000 370
7130000 370
7135000 370
7140000 370
7145000 370
7150000 370
7155000 370
7160000 370
7165000 370
7170000 370
7175000 370
7180000 370
7185000 370
7190000 370
7195000 370
7200000 370
7205000 370
7210000 370
7215000 370
7220000 370
7225000 370
7230000 370
7235000 370
7240000 370
7245000 370
7250000 370
7255000 369
7260000 368
7265000 368
7270000 368
7275000 368
7280000 368
7285000 367
7290000 367
7295000 367
7300000 366
7305000 367
7310000 367
7315000 368
7320000 368
7325000 368
7330000 368
7335000 367
7340000 368
7345000 368
7350000 368
7355000 368
7360000 368
7365000 368
7370000 368
7375000 368
7380000 368
7385000 368
7390000 368
7395000 368
7400000 368
7405000 368
7410000 368
7415000 367
7420000 367
7425000 367
7430000 367
7435000 367
7440000 367
7445000 367
7450000 367
7455000 368
7460000 368
7465000 368
7470000 368
7475000 368
7480000 368
7485000 368
7490000 368
7495000 367
7500000 368
7505000 368
7510000 368
7515000 368
7520000 368
7525000 368
7530000 368
7535000 368
7540000 368
7545000 368
7550000 368
7555000 368
7560000 368
7565000 368
7570000 368
7575000 367
7580000 367
7585000 367
7590000 366
7595000 366
7600000 366
7605000 366
7610000 366
7615000 366
7620000 366
7625000 366
7630000 366
7635000 365
7640000 365
7645000 365
7650000 365
7655000 364
7660000 364
7665000 365
7670000 365
7675000 366
7680000 367
7685000 367
7690000 367
7695000 367
7700000 367
7705000 367
7710000 367
7715000 367
7720000 367
7725000 367
7730000 367
7735000 367
7740000 367
7745000 367
7750000 367
7755000 367
7760000 367
7765000 368
7770000 368
7775000 368
7780000 368
7785000 368
7790000 368
7795000 368
7800000 368
7805000 368
7810000 368
7815000 368
7820000 368
7825000 368
7830000 368
7835000 368
7840000 368
7845000 368
7850000 368
7855000 368
7860000 367
7865000 367
7870000 367
7875000 367
7880000 367
7885000 367
7890000 367
7895000 367
7900000 367
7905000 367
7910000 367
7915000 366
7920000 366
7925000 366
7930000 366
7935000 366
7940000 366
7945000 365
7950000 366
7955000 365
7960000 366
7965000 366
7970000 367
7975000 367
7980000 367
7985000 367
7990000 367
7995000 367
8000000 367
8005000 367
8010000 367
8015000 367
8020000 367
8025000 367
8030000 367
8035000 367
8040000 367
8045000 367
8050000 367
8055000 367
8060000 367
8065000 367
8070000 367
8075000 367
8080000 366
8085000 367
8090000 367
8095000 367
8100000 366
8105000 367
8110000 367
8115000 367
8120000 367
8125000 367
8130000 367
8135000 367
8140000 367
8145000 367
8150000 367
8155000 366
8160000 367
8165000 367
8170000 367
8175000 367
8180000 367
8185000 367
8190000 367
8195000 367
8200000 367
8205000 367
8210000 367
8215000 367
8220000 367
8225000 367
8230000 367
8235000 367
8240000 367
8245000 367
8250000 367
8255000 367
8260000 367
8265000 367
8270000 367
8275000 367
8280000 367
8285000 367
8290000 367
8295000 367
8300000 367
8305000 367
8310000 367
8315000 367
8320000 367
8325000 367
8330000 368
8335000 368
8340000 368
8345000 368
8350000 368
8355000 368
8360000 368
8365000 368
8370000 368
8375000 368
8380000 368
8385000 368
8390000 367
8395000 367
8400000 367
8405000 367
8410000 367
8415000 367
8420000 367
8425000 367
8430000 367
8435000 367
8440000 367
8445000 367
8450000 367
8455000 367
8460000 368
8465000 368
8470000 368
8475000 368
8480000 368
8485000 368
8490000 368
8495000 367
8500000 368
8505000 368
8510000 368
8515000 368
8520000 368
8525000 368
8530000 368
8535000 368
8540000 368
8545000 369
8550000 369
8555000 369
8560000 369
8565000 369
8570000 369
8575000 369
8580000 369
8585000 369
8590000 369
8595000 369
8600000 369
8605000 369
8610000 369
8615000 369
8620000 369
8625000 369
8630000 369
8635000 368
8640000 368
8645000 368
8650000 368
8655000 368
8660000 368
8665000 368
8670000 368
8675000 369
8680000 369
8685000 369
8690000 369
8695000 369
8700000 369
8705000 369
8710000 369
8715000 369
8720000 369
8725000 369
8730000 369
8735000 369
8740000 369
8745000 369
8750000 369
8755000 369
8760000 370
8765000 370
8770000 370
8775000 370
8780000 370
8785000 370
8790000 370
8795000 370
8800000 370
8805000 370
8810000 370
8815000 370
8820000 370
8825000 370
8830000 370
8835000 370
8840000 369
8845000 369
8850000 369
8855000 369
8860000 369
8865000 369
8870000 369
8875000 369
8880000 369
8885000 369
8890000 370
8895000 370
8900000 370
8905000 370
8910000 370
8915000 371
8920000 370
8925000 371
8930000 371
8935000 371
8940000 371
8945000 371
8950000 371
8955000 371
8960000 371
8965000 371
8970000 371
8975000 370
8980000 370
8985000 370
8990000 370
8995000 369
9000000 370
9005000 370
9010000 370
9015000 370
9020000 370
9025000 370
9030000 370
9035000 370
9040000 370
9045000 370
9050000 369
9055000 369
9060000 369
9065000 369
9070000 369
9075000 369
9080000 368
9085000 368
9090000 368
9095000 368
9100000 368
9105000 368
9110000 368
9115000 367
9120000 367
9125000 367
9130000 367
9135000 367
9140000 367
9145000 367
9150000 367
9155000 367
9160000 367
9165000 367
9170000 366
9175000 366
9180000 367
9185000 367
9190000 367
9195000 367
9200000 367
9205000 367
9210000 367
9215000 367
9220000 367
9225000 367
9230000 366
9235000 366
9240000 366
9245000 365
9250000 366
9255000 366
9260000 366
9265000 366
9270000 366
9275000 366
9280000 366
9285000 366
9290000 366
9295000 366
9300000 366
9305000 366
9310000 365
9315000 365
9320000 365
9325000 365
9330000 365
9335000 365
9340000 365
9345000 365
9350000 365
9355000 365
9360000 365
9365000 365
9370000 365
9375000 365
9380000 365
9385000 365
9390000 365
9395000 366
9400000 365
9405000 366
9410000 366
9415000 367
9420000 367
9425000 367
9430000 367
9435000 367
9440000 367
9445000 367
9450000 367
9455000 367
9460000 367
9465000 367
9470000 367
9475000 367
9480000 367
9485000 367
9490000 367
9495000 367
9500000 367
9505000 367
9510000 367
9515000 367
9520000 367
9525000 367
9530000 367
9535000 367
9540000 367
9545000 366
9550000 366
9555000 366
9560000 366
9565000 366
9570000 366
9575000 366
9580000 366
9585000 366
9590000 366
9595000 366
9600000 366
9605000 365
9610000 365
9615000 365
9620000 366
9625000 366
9630000 366
9635000 366
9640000 366
9645000 366
9650000 366
9655000 366
9660000 366
9665000 366
9670000 366
9675000 366
9680000 366
9685000 366
9690000 366
9695000 366
9700000 366
9705000 366
9710000 366
9715000 366
9720000 366
9725000 366
9730000 367
9735000 367
9740000 367
9745000 367
9750000 367
9755000 367
9760000 367
9765000 367
9770000 367
9775000 367
9780000 367
9785000 367
9790000 367
9795000 367
9800000 367
9805000 368
9810000 368
9815000 367
9820000 367
9825000 368
9830000 368
9835000 368
9840000 368
9845000 368
9850000 368
9855000 368
9860000 368
9865000 368
9870000 368
9875000 368
9880000 368
9885000 368
9890000 368
9895000 368
9900000 368
9905000 368
9910000 368
9915000 368
9920000 368
9925000 368
9930000 368
9935000 368
9940000 369
9945000 369
9950000 369
9955000 369
9960000 368
9965000 369
9970000 369
9975000 369
9980000 369
9985000 369
9990000 369
9995000 369
10000000 369
10005000 369
10010000 369
10015000 369
10020000 369
10025000 369
10030000 369
10035000 368
10040000 369
10045000 369
10050000 369
10055000 369
10060000 368
10065000 369
10070000 369
10075000 368
10080000 368
10085000 368
10090000 368
10095000 367
10100000 367
10105000 367
10110000 367
10115000 367
10120000 367
10125000 367
10130000 367
10135000 367
10140000 367
10145000 367
10150000 367
10155000 367
10160000 367
10165000 367
10170000 366
10175000 366
10180000 366
10185000 366
10190000 366
10195000 367
10200000 367
10205000 367
10210000 368
10215000 368
10220000 368
10225000 368
10230000 368
10235000 368
10240000 368
10245000 368
10250000 368
10255000 369
10260000 369
10265000 369
10270000 369
10275000 369
10280000 369
10285000 369
10290000 369
10295000 369
10300000 369
10305000 369
10310000 369
10315000 369
10320000 369
10325000 369
10330000 369
10335000 369
10340000 369
10345000 369
10350000 369
10355000 369
10360000 369
10365000 369
10370000 369
10375000 369
10380000 369
10385000 369
10390000 369
10395000 369
10400000 369
10405000 369
10410000 369
10415000 369
10420000 369
10425000 369
10430000 369
10435000 369
10440000 370
10445000 370
10450000 370
10455000 370
10460000 370
10465000 370
10470000 370
10475000 370
10480000 370
10485000 370
10490000 370
10495000 369
10500000 369
10505000 369
10510000 369
10515000 369
10520000 369
10525000 368
10530000 368
10535000 368
10540000 368
10545000 368
10550000 368
10555000 368
10560000 368
10565000 368
10570000 368
10575000 368
10580000 368
10585000 368
10590000 368
10595000 368
10600000 367
10605000 368
10610000 368
10615000 368
10620000 368
10625000 368
10630000 368
10635000 368
10640000 369
10645000 369
10650000 369
10655000 369
10660000 369
10665000 369
10670000 369
10675000 369
10680000 369
10685000 369
10690000 369
10695000 369
10700000 369
10705000 369
10710000 369
10715000 369
10720000 369
10725000 369
10730000 369
10735000 369
10740000 368
10745000 368
10750000 368
10755000 368
10760000 367
10765000 367
10770000 365
10775000 365
10780000 366
10785000 366
10790000 366
10795000 366
10800000 366
10805000 366
10810000 366
10815000 366
10820000 366
10825000 366
10830000 366
10835000 366
10840000 366
10845000 366
10850000 365
10855000 366
10860000 366
10865000 366
10870000 366
10875000 365
10880000 365
10885000 365
10890000 366
10895000 366
10900000 366
10905000 365
10910000 364
10915000 364
10920000 364
10925000 364
10930000 365
10935000 365
10940000 365
10945000 365
10950000 365
10955000 365
10960000 365
10965000 365
10970000 365
10975000 365
10980000 366
10985000 366
10990000 366
10995000 366
11000000 366
11005000 366
11010000 366
11015000 366
11020000 366
11025000 366
11030000 366
11035000 366
11040000 366
11045000 366
11050000 366
11055000 366
11060000 366
11065000 366
11070000 366
11075000 366
11080000 366
11085000 367
11090000 367
11095000 367
11100000 367
11105000 366
11110000 366
11115000 367
11120000 366
11125000 366
11130000 366
11135000 366
11140000 366
11145000 366
11150000 366
11155000 366
11160000 366
11165000 366
11170000 366
11175000 366
11180000 366
11185000 367
11190000 367
11195000 367
11200000 367
11205000 367
11210000 367
11215000 367
11220000 367
11225000 367
11230000 367
11235000 367
11240000 368
11245000 368
11250000 368
11255000 368
11260000 368
11265000 368
11270000 368
11275000 368
11280000 368
11285000 368
11290000 368
11295000 368
11300000 368
11305000 368
11310000 368
11315000 368
11320000 368
11325000 368
11330000 368
11335000 368
11340000 368
11345000 368
11350000 368
11355000 368
11360000 369
11365000 370
11370000 369
11375000 369
11380000 369
11385000 369
11390000 369
11395000 369
11400000 369
11405000 369
11410000 369
11415000 369
11420000 369
11425000 369
11430000 369
11435000 369
11440000 369
11445000 369
11450000 369
11455000 369
11460000 369
11465000 369
11470000 369
11475000 369
11480000 369
11485000 369
11490000 369
11495000 369
11500000 369
11505000 369
11510000 369
11515000 369
11520000 369
11525000 369
11530000 369
11535000 369
11540000 369
11545000 369
11550000 369
11555000 369
11560000 369
11565000 369
11570000 370
11575000 370
11580000 370
11585000 371
11590000 371
11595000 372
11600000 371
11605000 372
11610000 372
11615000 372
11620000 371
11625000 371
11630000 370
11635000 370
11640000 370
11645000 370
11650000 371
11655000 371
11660000 371
11665000 371
11670000 371
11675000 371
11680000 371
11685000 371
11690000 371
11695000 371
11700000 371
11705000 371
11710000 371
11715000 371
11720000 371
11725000 371
11730000 371
11735000 371
11740000 371
11745000 371
11750000 371
11755000 371
11760000 371
11765000 371
11770000 371
11775000 371
11780000 371
11785000 371
11790000 371
11795000 371
11800000 371
11805000 371
11810000 371
11815000 371
11820000 371
11825000 371
11830000 371
11835000 371
11840000 371
11845000 371
11850000 371
11855000 371
11860000 371
11865000 371
11870000 371
11875000 370
11880000 370
11885000 370
11890000 369
11895000 370
11900000 370
11905000 370
11910000 370
11915000 370
11920000 370
11925000 370
11930000 370
11935000 370
11940000 370
11945000 369
11950000 369
11955000 368
11960000 368
11965000 368
11970000 368
11975000 368
11980000 368
11985000 368
11990000 368
11995000 368
12000000 368
12005000 368
12010000 368
12015000 368
12020000 368
12025000 368
12030000 368
12035000 369
12040000 368
12045000 369
12050000 369
12055000 369
12060000 369
12065000 369
12070000 369
12075000 369
12080000 369
12085000 369
12090000 369
12095000 368
12100000 368
12105000 368
12110000 368
12115000 368
12120000 368
12125000 368
12130000 368
12135000 368
12140000 368
12145000 368
12150000 368
12155000 367
12160000 368
12165000 368
12170000 368
12175000 368
12180000 368
12185000 367
12190000 368
12195000 368
12200000 367
12205000 366
12210000 367
12215000 368
12220000 368
12225000 368
12230000 368
12235000 368
12240000 369
12245000 369
12250000 369
12255000 369
12260000 369
12265000 370
12270000 370
12275000 370
12280000 370
12285000 370
12290000 370
12295000 370
12300000 370
12305000 369
12310000 370
12315000 370
12320000 370
12325000 370
12330000 370
12335000 370
12340000 370
12345000 370
12350000 370
12355000 368
12360000 368
12365000 368
12370000 368
12375000 368
12380000 367
12385000 367
12390000 366
12395000 366
12400000 366
12405000 366
12410000 366
12415000 366
12420000 367
12425000 367
12430000 367
12435000 367
12440000 367
12445000 367
12450000 367
12455000 367
12460000 367
12465000 367
12470000 367
12475000 367
12480000 367
12485000 367
12490000 367
12495000 367
12500000 367
12505000 367
12510000 367
12515000 367
12520000 366
12525000 366
12530000 366
12535000 366
12540000 366
12545000 366
12550000 366
12555000 366
12560000 367
12565000 367
12570000 367
12575000 367
12580000 367
12585000 367
12590000 367
12595000 367
12600000 367
12605000 367
12610000 367
12615000 367
12620000 367
12625000 367
12630000 367
12635000 367
12640000 367
12645000 367
12650000 367
12655000 367
12660000 367
12665000 367
12670000 367
12675000 367
12680000 367
12685000 367
12690000 367
12695000 367
12700000 367
12705000 367
12710000 367
12715000 367
12720000 367
12725000 366
12730000 367
12735000 366
12740000 366
12745000 367
12750000 367
12755000 367
12760000 367
12765000 367
12770000 367
12775000 367
12780000 367
12785000 367
12790000 367
12795000 367
12800000 367
12805000 367
12810000 367
12815000 367
12820000 367
12825000 367
12830000 367
12835000 367
12840000 366
12845000 366
12850000 366
12855000 366
12860000 366
12865000 366
12870000 366
12875000 366
12880000 366
12885000 366
12890000 367
12895000 367
12900000 367
12905000 367
12910000 367
12915000 367
12920000 367
12925000 367
12930000 367
12935000 367
12940000 367
12945000 367
12950000 366
12955000 367
12960000 367
12965000 367
12970000 367
12975000 367
12980000 367
12985000 367
12990000 367
12995000 367
13000000 367
13005000 367
13010000 367
13015000 366
13020000 367
13025000 367
13030000 367
13035000 367
13040000 368
13045000 368
13050000 368
13055000 368
13060000 368
13065000 368
13070000 368
13075000 368
13080000 368
13085000 367
13090000 368
13095000 368
13100000 368
13105000 367
13110000 367
13115000 367
13120000 367
13125000 367
13130000 367
13135000 367
13140000 367
13145000 367
13150000 367
13155000 366
13160000 366
13165000 367
13170000 367
13175000 367
13180000 367
13185000 367
13190000 367
13195000 367
13200000 367
13205000 367
13210000 366
13215000 366
13220000 366
13225000 366
13230000 366
13235000 366
13240000 366
13245000 366
13250000 366
13255000 366
13260000 366
13265000 366
13270000 368
13275000 368
13280000 368
13285000 368
13290000 368
13295000 368
13300000 368
13305000 368
13310000 368
13315000 369
13320000 369
13325000 369
13330000 369
13335000 368
13340000 369
13345000 369
13350000 369
13355000 369
13360000 369
13365000 369
13370000 369
13375000 369
13380000 369
13385000 369
13390000 369
13395000 369
13400000 369
13405000 369
13410000 369
13415000 369
13420000 369
13425000 369
13430000 369
13435000 369
13440000 369
13445000 369
13450000 369
13455000 369
13460000 370
13465000 370
13470000 370
13475000 370
13480000 369
13485000 370
13490000 370
13495000 370
13500000 371
13505000 371
13510000 371
13515000 372
13520000 372
13525000 372
13530000 372
13535000 372
13540000 372
13545000 372
13550000 372
13555000 372
13560000 372
13565000 372
13570000 372
13575000 372
13580000 372
13585000 372
13590000 372
13595000 372
13600000 372
13605000 372
13610000 372
13615000 372
13620000 372
13625000 372
13630000 372
13635000 372
13640000 371
13645000 371
13650000 371
13655000 372
13660000 372
13665000 371
13670000 371
13675000 371
13680000 371
13685000 370
13690000 370
13695000 370
13700000 369
13705000 369
13710000 369
13715000 369
13720000 369
13725000 369
13730000 369
13735000 369
13740000 369
13745000 369
13750000 369
13755000 369
13760000 369
13765000 370
13770000 370
13775000 370
13780000 370
13785000 370
13790000 372
13795000 372
13800000 372
13805000 372
13810000 372
13815000 372
13820000 372
13825000 372
13830000 372
13835000 372
13840000 372
13845000 372
13850000 372
13855000 372
13860000 372
13865000 372
13870000 372
13875000 372
13880000 372
13885000 372
13890000 372
13895000 372
13900000 372
13905000 372
13910000 372
13915000 372
13920000 372
13925000 371
13930000 371
13935000 371
13940000 371
13945000 372
13950000 372
13955000 372
13960000 372
13965000 372
13970000 372
13975000 372
13980000 372
13985000 372
13990000 372
13995000 371
14000000 372
14005000 372
14010000 372
14015000 372
14020000 372
14025000 372
14030000 372
14035000 372
14040000 373
14045000 373
14050000 373
14055000 373
14060000 373
14065000 373
14070000 373
14075000 373
14080000 373
14085000 373
14090000 373
14095000 373
14100000 373
14105000 373
14110000 372
14115000 373
14120000 373
14125000 373
14130000 373
14135000 373
14140000 373
14145000 373
14150000 373
14155000 373
14160000 373
14165000 373
14170000 373
14175000 373
14180000 373
14185000 373
14190000 373
14195000 373
14200000 373
14205000 373
14210000 373
14215000 373
14220000 373
14225000 373
14230000 373
14235000 373
14240000 373
14245000 373
14250000 373
14255000 373
14260000 373
14265000 373
14270000 373
14275000 373
14280000 373
14285000 373
14290000 373
14295000 373
14300000 373
14305000 372
14310000 372
14315000 373
14320000 372
14325000 373
14330000 373
14335000 372
14340000 372
14345000 372
14350000 372
14355000 372
14360000 372
14365000 372
14370000 372
14375000 372
14380000 371
14385000 371
14390000 371
14395000 371
14400000 371
14405000 371
14410000 371
14415000 371
14420000 371
14425000 371
14430000 371
14435000 371
14440000 371
14445000 371
14450000 371
14455000 371
14460000 372
14465000 372
14470000 372
14475000 372
14480000 372
14485000 372
14490000 372
14495000 372
14500000 372
14505000 372
14510000 372
14515000 372
14520000 372
14525000 372
14530000 372
14535000 372
14540000 372
14545000 372
14550000 373
14555000 373
14560000 373
14565000 373
14570000 373
14575000 372
14580000 373
14585000 372
14590000 373
14595000 373
14600000 373
14605000 372
14610000 372
14615000 372
14620000 372
14625000 372
14630000 371
14635000 370
14640000 370
14645000 370
14650000 369
14655000 370
14660000 370
14665000 370
14670000 370
14675000 368
14680000 368
14685000 368
14690000 367
14695000 367
14700000 367
14705000 367
14710000 367
14715000 367
14720000 367
14725000 367
14730000 367
14735000 367
14740000 367
14745000 367
14750000 367
14755000 367
14760000 367
14765000 367
14770000 367
14775000 367
14780000 367
14785000 368
14790000 368
14795000 368
14800000 368
14805000 368
14810000 368
14815000 368
14820000 368
14825000 368
14830000 368
14835000 368
14840000 368
14845000 368
14850000 368
14855000 368
14860000 367
14865000 367
14870000 367
14875000 367
14880000 367
14885000 367
14890000 367
14895000 368
14900000 368
14905000 368
14910000 368
14915000 368
14920000 368
14925000 367
14930000 369
14935000 369
14940000 369
14945000 369
14950000 369
14955000 369
14960000 369
14965000 369
14970000 369
14975000 369
14980000 369
14985000 369
14990000 369
14995000 369
15000000 369
15005000 369
15010000 369
15015000 369
15020000 369
15025000 369
15030000 368
15035000 368
15040000 368
15045000 368
15050000 368
15055000 368
15060000 368
15065000 368
15070000 368
15075000 368
15080000 368
15085000 368
15090000 368
15095000 368
15100000 368
15105000 367
15110000 367
15115000 367
15120000 366
15125000 366
15130000 366
15135000 366
15140000 366
15145000 366
15150000 366
15155000 366
15160000 366
15165000 366
15170000 366
15175000 366
15180000 366
15185000 366
15190000 367
15195000 367
15200000 367
15205000 367
15210000 367
15215000 367
15220000 367
15225000 367
15230000 367
15235000 367
15240000 367
15245000 367
15250000 368
15255000 369
15260000 369
15265000 368
15270000 368
15275000 367
15280000 368
15285000 368
15290000 368
15295000 368
15300000 368
15305000 368
15310000 368
15315000 368
15320000 368
15325000 368
15330000 368
15335000 368
15340000 368
15345000 368
15350000 367
15355000 367
15360000 367
15365000 367
15370000 367
15375000 365
15380000 365
15385000 365
15390000 365
15395000 365
15400000 365
15405000 365
15410000 365
15415000 366
15420000 366
15425000 366
15430000 366
15435000 366
15440000 366
15445000 366
15450000 366
15455000 366
15460000 366
15465000 366
15470000 366
15475000 366
15480000 366
15485000 366
15490000 366
15495000 366
15500000 366
15505000 366
15510000 366
15515000 366
15520000 366
15525000 366
15530000 366
15535000 366
15540000 366
15545000 367
15550000 366
15555000 367
15560000 367
15565000 367
15570000 367
15575000 366
15580000 367
15585000 367
15590000 367
15595000 367
15600000 366
15605000 366
15610000 366
15615000 366
15620000 366
15625000 366
15630000 366
15635000 366
15640000 366
15645000 366
15650000 366
15655000 366
15660000 366
15665000 366
15670000 366
15675000 366
15680000 366
15685000 366
15690000 366
15695000 366
15700000 366
15705000 366
15710000 366
15715000 366
15720000 365
15725000 366
15730000 366
15735000 366
15740000 366
15745000 367
15750000 367
15755000 367
15760000 367
15765000 367
15770000 367
15775000 367
15780000 367
15785000 367
15790000 367
15795000 367
15800000 367
15805000 367
15810000 367
15815000 368
15820000 368
15825000 368
15830000 368
15835000 368
15840000 368
15845000 368
15850000 368
15855000 368
15860000 368
15865000 368
15870000 368
15875000 368
15880000 368
15885000 368
15890000 368
15895000 367
15900000 367
15905000 367
15910000 367
15915000 367
15920000 367
15925000 367
15930000 367
15935000 367
15940000 367
15945000 367
15950000 367
15955000 367
15960000 367
15965000 367
15970000 367
15975000 367
15980000 367
15985000 367
15990000 367
15995000 367
16000000 366
16005000 366
16010000 366
16015000 366
16020000 366
16025000 366
16030000 366
16035000 366
16040000 366
16045000 366
16050000 366
16055000 366
16060000 366
16065000 364
16070000 364
16075000 364
16080000 364
16085000 364
16090000 363
16095000 364
16100000 364
16105000 366
16110000 367
16115000 367
16120000 367
16125000 367
16130000 367
16135000 368
16140000 368
16145000 368
16150000 368
16155000 368
16160000 368
16165000 368
16170000 368
16175000 368
16180000 368
16185000 368
16190000 368
16195000 368
16200000 368
16205000 368
16210000 368
16215000 368
16220000 368
16225000 367
16230000 367
16235000 367
16240000 367
16245000 367
16250000 367
16255000 367
16260000 367
16265000 367
16270000 367
16275000 367
16280000 367
16285000 367
16290000 367
16295000 367
16300000 367
16305000 367
16310000 367
16315000 367
16320000 367
16325000 367
16330000 367
16335000 367
16340000 367
16345000 367
16350000 367
16355000 367
16360000 367
16365000 367
16370000 367
16375000 367
16380000 367
16385000 367
16390000 367
16395000 367
16400000 367
16405000 367
16410000 367
16415000 367
16420000 367
16425000 367
16430000 367
16435000 367
16440000 367
16445000 368
16450000 368
16455000 368
16460000 368
16465000 368
16470000 368
16475000 368
16480000 368
16485000 368
16490000 368
16495000 368
16500000 368
16505000 368
16510000 368
16515000 368
16520000 368
16525000 368
16530000 368
16535000 368
16540000 368
16545000 368
16550000 368
16555000 369
16560000 369
16565000 369
16570000 369
16575000 369
16580000 369
16585000 369
16590000 369
16595000 368
16600000 367
16605000 367
16610000 367
16615000 367
16620000 368
16625000 368
16630000 367
16635000 368
16640000 368
16645000 368
16650000 369
16655000 369
16660000 369
16665000 369
16670000 369
16675000 369
16680000 369
16685000 369
16690000 369
16695000 369
16700000 368
16705000 369
16710000 370
16715000 370
16720000 370
16725000 370
16730000 370
16735000 369
16740000 369
16745000 369
16750000 369
16755000 369
16760000 369
16765000 369
16770000 369
16775000 369
16780000 369
16785000 369
16790000 369
16795000 369
16800000 368
16805000 369
16810000 369
16815000 369
16820000 369
16825000 369
16830000 369
16835000 369
16840000 369
16845000 369
16850000 369
16855000 369
16860000 369
16865000 369
16870000 368
16875000 369
16880000 369
16885000 369
16890000 369
16895000 369
16900000 369
16905000 369
16910000 369
16915000 369
16920000 369
16925000 369
16930000 370
16935000 371
16940000 371
16945000 371
16950000 371
16955000 371
16960000 371
16965000 371
16970000 371
16975000 371
16980000 371
16985000 371
16990000 370
16995000 371
17000000 371
17005000 371
17010000 371
17015000 371
17020000 371
17025000 371
17030000 371
17035000 371
17040000 371
17045000 371
17050000 371
17055000 371
17060000 371
17065000 371
17070000 371
17075000 371
17080000 371
17085000 371
17090000 371
17095000 371
17100000 371
17105000 371
17110000 371
17115000 371
17120000 371
17125000 371
17130000 371
17135000 370
17140000 370
17145000 370
17150000 370
17155000 370
17160000 370
17165000 370
17170000 369
17175000 369
17180000 369
17185000 369
17190000 369
17195000 369
17200000 368
17205000 368
17210000 368
17215000 368
17220000 368
17225000 368
17230000 368
17235000 368
17240000 368
17245000 368
17250000 367
17255000 367
17260000 367
17265000 366
17270000 366
17275000 366
17280000 366
17285000 366
17290000 366
17295000 366
17300000 366
17305000 366
17310000 366
17315000 366
17320000 366
17325000 366
17330000 366
17335000 366
17340000 366
17345000 366
17350000 366
17355000 366
17360000 366
17365000 366
17370000 366
17375000 366
17380000 366
17385000 366
17390000 366
17395000 366
17400000 366
17405000 366
17410000 366
17415000 366
17420000 366
17425000 366
17430000 366
17435000 366
17440000 366
17445000 366
17450000 366
17455000 366
17460000 366
17465000 366
17470000 365
17475000 365
17480000 364
17485000 366
17490000 366
17495000 366
17500000 366
17505000 366
17510000 366
17515000 365
17520000 366
17525000 366
17530000 366
17535000 366
17540000 366
17545000 366
17550000 366
17555000 366
17560000 366
17565000 366
17570000 366
17575000 366
17580000 366
17585000 366
17590000 366
17595000 366
17600000 366
17605000 366
17610000 366
17615000 366
17620000 366
17625000 366
17630000 366
17635000 365
17640000 365
17645000 365
17650000 365
17655000 364
17660000 364
17665000 364
17670000 364
17675000 364
17680000 363
17685000 363
17690000 363
17695000 363
17700000 363
17705000 363
17710000 363
17715000 363
17720000 363
17725000 363
17730000 363
17735000 363
17740000 363
17745000 363
17750000 363
17755000 363
17760000 363
17765000 363
17770000 363
17775000 363
17780000 363
17785000 363
17790000 363
17795000 363
17800000 363
17805000 363
17810000 363
17815000 363
17820000 363
17825000 363
17830000 363
17835000 363
17840000 363
17845000 363
17850000 363
17855000 363
17860000 363
17865000 363
17870000 363
17875000 363
17880000 363
17885000 363
17890000 363
17895000 363
17900000 363
17905000 363
17910000 363
17915000 363
17920000 363
17925000 363
17930000 363
17935000 363
17940000 363
17945000 363
17950000 362
17955000 362
17960000 362
17965000 362
17970000 362
17975000 362
17980000 362
17985000 362
17990000 362
17995000 362
18000000 362
18005000 361
18010000 361
18015000 361
18020000 361
18025000 361
18030000 361
18035000 361
18040000 361
18045000 361
18050000 361
18055000 361
18060000 362
18065000 363
18070000 362
18075000 363
18080000 363
18085000 363
18090000 363
18095000 363
18100000 363
18105000 363
18110000 363
18115000 365
18120000 365
18125000 365
18130000 365
18135000 365
18140000 365
18145000 365
18150000 365
18155000 365
18160000 365
18165000 366
18170000 367
18175000 367
18180000 367
18185000 367
18190000 367
18195000 367
18200000 367
18205000 367
18210000 367
18215000 367
18220000 367
18225000 367
18230000 367
18235000 367
18240000 367
18245000 367
18250000 367
18255000 367
18260000 367
18265000 367
18270000 367
18275000 367
18280000 367
18285000 367
18290000 367
18295000 367
18300000 367
18305000 368
18310000 368
18315000 368
18320000 368
18325000 368
18330000 369
18335000 369
18340000 369
18345000 368
18350000 368
18355000 368
18360000 369
18365000 369
18370000 369
18375000 368
18380000 369
18385000 369
18390000 369
18395000 369
18400000 369
18405000 369
18410000 369
18415000 369
18420000 369
18425000 369
18430000 369
18435000 369
18440000 369
18445000 369
18450000 369
18455000 369
18460000 369
18465000 369
18470000 369
18475000 369
18480000 369
18485000 369
18490000 369
18495000 368
18500000 368
18505000 368
18510000 368
18515000 368
18520000 368
18525000 368
18530000 368
18535000 368
18540000 368
18545000 368
18550000 368
18555000 368
18560000 368
18565000 369
18570000 369
18575000 369
18580000 369
18585000 369
18590000 369
18595000 368
18600000 368
18605000 368
18610000 368
18615000 368
18620000 368
18625000 368
18630000 368
18635000 368
18640000 368
18645000 368
18650000 368
18655000 368
18660000 368
18665000 368
18670000 368
18675000 368
18680000 368
18685000 368
18690000 368
18695000 368
18700000 368
18705000 368
18710000 368
18715000 368
18720000 368
18725000 368
18730000 368
18735000 368
18740000 368
18745000 368
18750000 368
18755000 368
18760000 368
18765000 368
18770000 368
18775000 369
18780000 369
18785000 369
18790000 369
18795000 369
18800000 369
18805000 369
18810000 369
18815000 369
18820000 369
18825000 369
18830000 369
18835000 368
18840000 368
18845000 368
18850000 368
18855000 368
18860000 368
18865000 369
18870000 369
18875000 369
18880000 369
18885000 369
18890000 369
18895000 368
18900000 368
18905000 368
18910000 368
18915000 368
18920000 368
18925000 368
18930000 368
18935000 368
18940000 368
18945000 368
18950000 368
18955000 368
18960000 368
18965000 368
18970000 368
18975000 368
18980000 368
18985000 368
18990000 368
18995000 368
19000000 368
19005000 368
19010000 368
19015000 368
19020000 368
19025000 368
19030000 368
19035000 368
19040000 368
19045000 368
19050000 368
19055000 368
19060000 367
19065000 367
19070000 367
19075000 367
19080000 367
19085000 367
19090000 367
19095000 367
19100000 367
19105000 367
19110000 367
19115000 367
19120000 367
19125000 367
19130000 367
19135000 367
19140000 367
19145000 366
19150000 367
19155000 367
19160000 367
19165000 367
19170000 367
19175000 367
19180000 367
19185000 367
19190000 367
19195000 367
19200000 367
19205000 367
19210000 367
19215000 366
19220000 366
19225000 366
19230000 366
19235000 366
19240000 366
19245000 366
19250000 366
19255000 366
19260000 366
19265000 366
19270000 366
19275000 366
19280000 366
19285000 365
19290000 365
19295000 365
19300000 364
19305000 364
19310000 364
19315000 364
19320000 363
19325000 364
19330000 364
19335000 364
19340000 364
19345000 364
19350000 364
19355000 364
19360000 364
19365000 364
19370000 365
19375000 365
19380000 365
19385000 365
19390000 365
19395000 365
19400000 365
19405000 365
19410000 365
19415000 365
19420000 365
19425000 366
19430000 366
19435000 366
19440000 366
19445000 366
19450000 366
19455000 366
19460000 366
19465000 365
19470000 366
19475000 366
19480000 366
19485000 365
19490000 364
19495000 365
19500000 365
19505000 364
19510000 365
19515000 365
19520000 365
19525000 365
19530000 365
19535000 365
19540000 366
19545000 366
19550000 366
19555000 366
19560000 366
19565000 366
19570000 366
19575000 366
19580000 366
19585000 366
19590000 366
19595000 366
19600000 366
19605000 366
19610000 366
19615000 366
19620000 366
19625000 366
19630000 366
19635000 367
19640000 367
19645000 368
19650000 368
19655000 368
19660000 368
19665000 368
19670000 368
19675000 368
19680000 368
19685000 368
19690000 368
19695000 368
19700000 368
19705000 368
19710000 368
19715000 368
19720000 368
19725000 368
19730000 368
19735000 368
19740000 368
19745000 368
19750000 367
19755000 367
19760000 367
19765000 367
19770000 367
19775000 367
19780000 367
19785000 366
19790000 366
19795000 366
19800000 366
19805000 366
19810000 367
19815000 367
19820000 367
19825000 367
19830000 367
19835000 367
19840000 367
19845000 367
19850000 367
19855000 366
19860000 366
19865000 366
19870000 366
19875000 366
19880000 366
19885000 366
19890000 366
19895000 366
19900000 366
19905000 366
19910000 366
19915000 366
19920000 366
19925000 365
19930000 366
19935000 366
19940000 366
19945000 366
19950000 366
19955000 366
19960000 366
19965000 366
19970000 366
19975000 366
19980000 366
19985000 366
19990000 366
19995000 366
20000000 366
20005000 366
20010000 366
20015000 366
20020000 366
20025000 366
20030000 366
20035000 366
20040000 366
20045000 366
20050000 366
20055000 366
20060000 365
20065000 365
20070000 365
20075000 365
20080000 365
20085000 365
20090000 365
20095000 365
20100000 365
20105000 366
20110000 366
20115000 366
20120000 365
20125000 366
20130000 366
20135000 366
20140000 366
20145000 366
20150000 366
20155000 365
20160000 365
20165000 365
20170000 365
20175000 366
20180000 366
20185000 366
20190000 366
20195000 366
20200000 366
20205000 365
20210000 365
20215000 365
20220000 365
20225000 365
20230000 365
20235000 365
20240000 365
20245000 365
20250000 365
20255000 366
20260000 366
20265000 366
20270000 366
20275000 366
20280000 366
20285000 366
20290000 366
20295000 366
20300000 367
20305000 368
20310000 368
20315000 368
20320000 368
20325000 368
20330000 368
20335000 368
20340000 368
20345000 368
20350000 368
20355000 368
20360000 368
20365000 368
20370000 368
20375000 368
20380000 368
20385000 368
20390000 368
20395000 368
20400000 368
20405000 368
20410000 368
20415000 368
20420000 368
20425000 368
20430000 368
20435000 368
20440000 368
20445000 368
20450000 368
20455000 368
20460000 368
20465000 368
20470000 368
20475000 368
20480000 368
20485000 368
20490000 368
20495000 367
20500000 367
20505000 367
20510000 367
20515000 367
20520000 367
20525000 367
20530000 367
20535000 367
20540000 367
20545000 367
20550000 367
20555000 367
20560000 367
20565000 367
20570000 368
20575000 368
20580000 368
20585000 368
20590000 368
20595000 368
20600000 367
20605000 367
20610000 367
20615000 367
20620000 367
20625000 367
20630000 367
20635000 368
20640000 368
20645000 368
20650000 368
20655000 368
20660000 368
20665000 368
20670000 368
20675000 368
20680000 369
20685000 369
20690000 369
20695000 369
20700000 368
20705000 370
20710000 370
20715000 370
20720000 370
20725000 370
20730000 370
20735000 370
20740000 370
20745000 370
20750000 370
20755000 370
20760000 370
20765000 370
20770000 370
20775000 370
20780000 370
20785000 370
20790000 370
20795000 370
20800000 370
20805000 369
20810000 369
20815000 369
20820000 367
20825000 366
20830000 365
20835000 365
20840000 364
20845000 365
20850000 365
20855000 365
20860000 365
20865000 365
20870000 365
20875000 365
20880000 365
20885000 365
20890000 365
20895000 365
20900000 365
20905000 365
20910000 365
20915000 366
20920000 366
20925000 366
20930000 366
20935000 366
20940000 366
20945000 366
20950000 365
20955000 366
20960000 365
20965000 364
20970000 364
20975000 364
20980000 364
20985000 364
20990000 364
20995000 364
21000000 364
21005000 364
21010000 364
21015000 365
21020000 365
21025000 365
21030000 365
21035000 365
21040000 365
21045000 365
21050000 365
21055000 365
21060000 365
21065000 365
21070000 366
21075000 366
21080000 366
21085000 366
21090000 366
21095000 366
21100000 365
21105000 366
21110000 366
21115000 366
21120000 366
21125000 366
21130000 366
21135000 366
21140000 367
21145000 367
21150000 367
21155000 367
21160000 367
21165000 367
21170000 367
21175000 365
21180000 366
21185000 366
21190000 366
21195000 366
21200000 366
21205000 365
21210000 366
21215000 367
21220000 367
21225000 367
21230000 367
21235000 367
21240000 367
21245000 367
21250000 367
21255000 367
21260000 367
21265000 367
21270000 367
21275000 367
21280000 367
21285000 365
21290000 365
21295000 365
21300000 365
21305000 365
21310000 365
21315000 366
21320000 366
21325000 366
21330000 366
21335000 366
21340000 366
21345000 366
21350000 366
21355000 366
21360000 366
21365000 366
21370000 366
21375000 366
21380000 366
21385000 366
21390000 365
21395000 365
21400000 365
21405000 365
21410000 365
21415000 365
21420000 365
21425000 364
21430000 364
21435000 363
21440000 364
21445000 365
21450000 365
21455000 365
21460000 365
21465000 365
21470000 365
21475000 365
21480000 365
21485000 365
21490000 365
21495000 366
21500000 367
21505000 367
21510000 367
21515000 367
21520000 367
21525000 367
21530000 367
21535000 366
21540000 365
21545000 365
21550000 365
21555000 365
21560000 365
21565000 365
21570000 366
21575000 366
21580000 366
21585000 366
21590000 366
21595000 366
21600000 366
21605000 366
21610000 366
21615000 365
21620000 365
21625000 365
21630000 365
21635000 365
21640000 365
21645000 365
21650000 365
21655000 365
21660000 365
21665000 365
21670000 365
21675000 365
21680000 365
21685000 365
21690000 365
21695000 365
21700000 365
21705000 365
21710000 365
21715000 365
21720000 365
21725000 364
21730000 364
21735000 364
21740000 364
21745000 364
21750000 364
21755000 364
21760000 364
21765000 364
21770000 365
21775000 365
21780000 365
21785000 365
21790000 365
21795000 365
21800000 365
21805000 365
21810000 365
21815000 365
21820000 365
21825000 365
21830000 365
21835000 365
21840000 365
21845000 365
21850000 365
21855000 365
21860000 365
21865000 365
21870000 365
21875000 365
21880000 365
21885000 365
21890000 365
21895000 365
21900000 365
21905000 365
21910000 365
21915000 365
21920000 365
21925000 365
21930000 365
21935000 366
21940000 366
21945000 366
21950000 366
21955000 366
21960000 366
21965000 365
21970000 365
21975000 364
21980000 365
21985000 365
21990000 365
21995000 365
22000000 365
22005000 364
22010000 364
22015000 364
22020000 364
22025000 364
22030000 364
22035000 364
22040000 364
22045000 364
22050000 364
22055000 364
22060000 364
22065000 364
22070000 364
22075000 364
22080000 363
22085000 363
22090000 363
22095000 363
22100000 363
22105000 363
22110000 363
22115000 363
22120000 363
22125000 363
22130000 363
22135000 363
22140000 363
22145000 362
22150000 363
22155000 363
22160000 364
22165000 364
22170000 364
22175000 364
22180000 364
22185000 364
22190000 365
22195000 365
22200000 366
22205000 366
22210000 366
22215000 366
22220000 366
22225000 366
22230000 366
22235000 366
22240000 366
22245000 366
22250000 366
22255000 366
22260000 366
22265000 366
22270000 366
22275000 366
22280000 366
22285000 366
22290000 366
22295000 367
22300000 367
22305000 367
22310000 367
22315000 367
22320000 367
22325000 367
22330000 367
22335000 367
22340000 367
22345000 367
22350000 367
22355000 367
22360000 367
22365000 368
22370000 368
22375000 368
22380000 368
22385000 368
22390000 368
22395000 368
22400000 368
22405000 368
22410000 368
22415000 369
22420000 369
22425000 369
22430000 369
22435000 369
22440000 369
22445000 370
22450000 370
22455000 370
22460000 370
22465000 369
22470000 369
22475000 369
22480000 370
22485000 370
22490000 370
22495000 370
22500000 370
22505000 370
22510000 370
22515000 370
22520000 370
22525000 369
22530000 370
22535000 370
22540000 369
22545000 369
22550000 369
22555000 368
22560000 368
22565000 368
22570000 368
22575000 368
22580000 368
22585000 368
22590000 368
22595000 368
22600000 368
22605000 369
22610000 369
22615000 369
22620000 369
22625000 369
22630000 369
22635000 369
22640000 368
22645000 369
22650000 369
22655000 368
22660000 369
22665000 369
22670000 369
22675000 369
22680000 369
22685000 369
22690000 368
22695000 368
22700000 367
22705000 368
22710000 368
22715000 368
22720000 368
22725000 368
22730000 368
22735000 368
22740000 367
22745000 367
22750000 367
22755000 367
22760000 367
22765000 367
22770000 367
22775000 367
22780000 367
22785000 367
22790000 367
22795000 367
22800000 367
22805000 367
22810000 367
22815000 367
22820000 367
22825000 366
22830000 367
22835000 367
22840000 368
22845000 368
22850000 368
22855000 368
22860000 367
22865000 367
22870000 367
22875000 367
22880000 367
22885000 367
22890000 367
22895000 367
22900000 368
22905000 368
22910000 368
22915000 368
22920000 368
22925000 368
22930000 368
22935000 368
22940000 368
22945000 368
22950000 368
22955000 368
22960000 368
22965000 368
22970000 368
22975000 367
22980000 366
22985000 367
22990000 367
22995000 367
23000000 368
23005000 368
23010000 368
23015000 368
23020000 368
23025000 368
23030000 369
23035000 369
23040000 369
23045000 369
23050000 369
23055000 368
23060000 368
23065000 368
23070000 368
23075000 368
23080000 368
23085000 368
23090000 368
23095000 368
23100000 368
23105000 369
23110000 369
23115000 369
23120000 369
23125000 369
23130000 369
23135000 369
23140000 369
23145000 369
23150000 369
23155000 369
23160000 369
23165000 369
23170000 369
23175000 369
23180000 369
23185000 369
23190000 368
23195000 369
23200000 369
23205000 369
23210000 368
23215000 368
23220000 368
23225000 368
23230000 368
23235000 368
23240000 368
23245000 369
23250000 369
23255000 369
23260000 369
23265000 369
23270000 369
23275000 369
23280000 369
23285000 369
23290000 369
23295000 369
23300000 368
23305000 368
23310000 368
23315000 368
23320000 368
23325000 368
23330000 368
23335000 368
23340000 368
23345000 368
23350000 368
23355000 368
23360000 368
23365000 369
23370000 369
23375000 369
23380000 369
23385000 369
23390000 369
23395000 369
23400000 369
23405000 369
23410000 369
23415000 369
23420000 369
23425000 369
23430000 369
23435000 369
23440000 369
23445000 369
23450000 369
23455000 369
23460000 369
23465000 369
23470000 369
23475000 368
23480000 369
23485000 369
23490000 369
23495000 369
23500000 368
23505000 369
23510000 369
23515000 369
23520000 369
23525000 369
23530000 369
23535000 369
23540000 370
23545000 370
23550000 370
23555000 371
23560000 371
23565000 371
23570000 371
23575000 371
23580000 371
23585000 371
23590000 371
23595000 371
23600000 371
23605000 371
23610000 371
23615000 371
23620000 371
23625000 371
23630000 371
23635000 371
23640000 371
23645000 372
23650000 372
23655000 372
23660000 372
23665000 372
23670000 372
23675000 372
23680000 372
23685000 372
23690000 372
23695000 372
23700000 372
23705000 372
23710000 372
23715000 372
23720000 372
23725000 372
23730000 372
23735000 372
23740000 372
23745000 372
23750000 372
23755000 372
23760000 372
23765000 372
23770000 372
23775000 372
23780000 371
23785000 370
23790000 369
23795000 369
23800000 369
23805000 369
23810000 369
23815000 369
23820000 369
23825000 369
23830000 369
23835000 369
23840000 369
23845000 369
23850000 369
23855000 369
23860000 369
23865000 369
23870000 369
23875000 369
23880000 369
23885000 369
23890000 369
23895000 369
23900000 369
23905000 368
23910000 368
23915000 368
23920000 368
23925000 368
23930000 368
23935000 368
23940000 368
23945000 368
23950000 368
23955000 368
23960000 369
23965000 370
23970000 370
23975000 371
23980000 371
23985000 371
23990000 371
23995000 371
24000000 370
24005000 370
24010000 370
24015000 370
24020000 370
24025000 370
24030000 370
24035000 370
24040000 370
24045000 370
24050000 370
24055000 370
24060000 371
24065000 371
24070000 371
24075000 371
24080000 371
24085000 371
24090000 371
24095000 371
24100000 371
24105000 370
24110000 370
24115000 370
24120000 370
24125000 370
24130000 370
24135000 370
24140000 370
24145000 370
24150000 370
24155000 371
24160000 371
24165000 371
24170000 371
24175000 370
24180000 371
24185000 371
24190000 371
24195000 371
24200000 371
24205000 371
24210000 371
24215000 371
24220000 372
24225000 371
24230000 371
24235000 371
24240000 371
24245000 371
24250000 371
24255000 371
24260000 371
24265000 371
24270000 370
24275000 370
24280000 370
24285000 370
24290000 370
24295000 370
24300000 370
24305000 370
24310000 370
24315000 370
24320000 369
24325000 370
24330000 371
24335000 370
24340000 370
24345000 370
24350000 370
24355000 370
24360000 370
24365000 370
24370000 371
24375000 370
24380000 370
24385000 370
24390000 370
24395000 370
24400000 370
24405000 370
24410000 370
24415000 371
24420000 371
24425000 371
24430000 371
24435000 371
24440000 371
24445000 372
24450000 372
24455000 372
24460000 372
24465000 372
24470000 372
24475000 372
24480000 372
24485000 372
24490000 372
24495000 372
24500000 372
24505000 372
24510000 372
24515000 372
24520000 371
24525000 371
24530000 371
24535000 371
24540000 370
24545000 370
24550000 370
24555000 370
24560000 370
24565000 370
24570000 370
24575000 370
24580000 370
24585000 370
24590000 370
24595000 371
24600000 371
24605000 371
24610000 371
24615000 371
24620000 371
24625000 371
24630000 371
24635000 371
24640000 371
24645000 371
24650000 371
24655000 371
24660000 371
24665000 371
24670000 371
24675000 371
24680000 371
24685000 371
24690000 371
24695000 372
24700000 372
24705000 371
24710000 371
24715000 371
24720000 371
24725000 371
24730000 370
24735000 370
24740000 370
24745000 370
24750000 370
24755000 370
24760000 370
24765000 370
24770000 370
24775000 370
24780000 370
24785000 370
24790000 371
24795000 371
24800000 371
24805000 371
24810000 371
24815000 371
24820000 371
24825000 371
24830000 371
24835000 371
24840000 371
24845000 371
24850000 371
24855000 371
24860000 371
24865000 371
24870000 371
24875000 371
24880000 371
24885000 371
24890000 371
24895000 371
24900000 371
24905000 370
24910000 370
24915000 370
24920000 370
24925000 370
24930000 370
24935000 370
24940000 370
24945000 370
24950000 370
24955000 370
24960000 370
24965000 370
24970000 370
24975000 369
24980000 369
24985000 369
24990000 369
24995000 369
25000000 369
25005000 369
25010000 368
