timestep c_coords
10000 47
15000 66
20000 79
25000 95
30000 108
35000 124
40000 132
45000 146
50000 158
55000 167
60000 176
65000 181
70000 186
75000 193
80000 201
85000 203
90000 205
95000 209
100000 210
105000 215
110000 220
115000 221
120000 223
125000 227
130000 229
135000 233
140000 237
145000 240
150000 249
155000 254
160000 255
165000 256
170000 257
175000 258
180000 261
185000 267
190000 268
195000 271
200000 274
205000 275
210000 276
215000 278
220000 279
225000 280
230000 280
235000 281
240000 281
245000 282
250000 283
255000 283
260000 284
265000 285
270000 285
275000 287
280000 287
285000 288
290000 288
295000 288
300000 289
305000 288
310000 289
315000 291
320000 291
325000 292
330000 293
335000 293
340000 293
345000 292
350000 294
355000 294
360000 295
365000 296
370000 296
375000 295
380000 295
385000 294
390000 297
395000 297
400000 297
405000 297
410000 298
415000 299
420000 300
425000 300
430000 302
435000 302
440000 302
445000 302
450000 305
455000 305
460000 305
465000 305
470000 305
475000 306
480000 306
485000 307
490000 307
495000 307
500000 307
505000 310
510000 310
515000 312
520000 313
525000 313
530000 313
535000 313
540000 314
545000 313
550000 313
555000 313
560000 313
565000 315
570000 315
575000 315
580000 315
585000 316
590000 316
595000 315
600000 316
605000 317
610000 317
615000 316
620000 316
625000 316
630000 316
635000 316
640000 316
645000 318
650000 317
655000 317
660000 318
665000 318
670000 317
675000 318
680000 318
685000 317
690000 317
695000 317
700000 316
705000 316
710000 316
715000 318
720000 318
725000 317
730000 318
735000 317
740000 319
745000 319
750000 319
755000 319
760000 319
765000 319
770000 320
775000 320
780000 320
785000 320
790000 320
795000 320
800000 321
805000 320
810000 321
815000 321
820000 321
825000 321
830000 321
835000 321
840000 322
845000 321
850000 321
855000 321
860000 321
865000 321
870000 321
875000 320
880000 322
885000 322
890000 325
895000 325
900000 325
905000 325
910000 325
915000 326
920000 326
925000 326
930000 326
935000 326
940000 326
945000 326
950000 327
955000 327
960000 328
965000 328
970000 327
975000 327
980000 327
985000 327
990000 327
995000 327
1000000 327
1005000 327
1010000 327
1015000 326
1020000 326
1025000 326
1030000 326
1035000 326
1040000 326
1045000 325
1050000 327
1055000 327
1060000 326
1065000 325
1070000 326
1075000 326
1080000 324
1085000 325
1090000 325
1095000 325
1100000 326
1105000 326
1110000 328
1115000 329
1120000 328
1125000 328
1130000 327
1135000 327
1140000 327
1145000 327
1150000 326
1155000 326
1160000 326
1165000 327
1170000 326
1175000 327
1180000 327
1185000 327
1190000 327
1195000 325
1200000 326
1205000 326
1210000 326
1215000 325
1220000 326
1225000 326
1230000 325
1235000 328
1240000 326
1245000 328
1250000 328
1255000 328
1260000 328
1265000 329
1270000 329
1275000 328
1280000 328
1285000 329
1290000 328
1295000 329
1300000 329
1305000 329
1310000 329
1315000 329
1320000 329
1325000 330
1330000 331
1335000 331
1340000 331
1345000 331
1350000 331
1355000 330
1360000 329
1365000 330
1370000 329
1375000 329
1380000 331
1385000 331
1390000 331
1395000 331
1400000 331
1405000 331
1410000 331
1415000 331
1420000 331
1425000 329
1430000 330
1435000 330
1440000 332
1445000 333
1450000 333
1455000 333
1460000 332
1465000 332
1470000 332
1475000 334
1480000 334
1485000 335
1490000 335
1495000 335
1500000 336
1505000 335
1510000 336
1515000 335
1520000 335
1525000 335
1530000 335
1535000 335
1540000 335
1545000 335
1550000 336
1555000 335
1560000 333
1565000 333
1570000 333
1575000 332
1580000 332
1585000 332
1590000 332
1595000 332
1600000 332
1605000 332
1610000 332
1615000 332
1620000 332
1625000 332
1630000 331
1635000 331
1640000 331
1645000 331
1650000 331
1655000 331
1660000 332
1665000 331
1670000 331
1675000 332
1680000 332
1685000 332
1690000 330
1695000 332
1700000 332
1705000 333
1710000 333
1715000 333
1720000 333
1725000 333
1730000 333
1735000 333
1740000 333
1745000 333
1750000 333
1755000 333
1760000 332
1765000 331
1770000 331
1775000 330
1780000 330
1785000 330
1790000 330
1795000 330
1800000 330
1805000 330
1810000 330
1815000 330
1820000 330
1825000 331
1830000 331
1835000 331
1840000 329
1845000 329
1850000 329
1855000 328
1860000 327
1865000 328
1870000 328
1875000 328
1880000 328
1885000 328
1890000 328
1895000 329
1900000 329
1905000 329
1910000 329
1915000 329
1920000 329
1925000 329
1930000 328
1935000 328
1940000 328
1945000 327
1950000 327
1955000 327
1960000 325
1965000 327
1970000 325
1975000 324
1980000 324
1985000 323
1990000 324
1995000 325
2000000 325
2005000 326
2010000 326
2015000 325
2020000 325
2025000 325
2030000 326
2035000 324
2040000 324
2045000 324
2050000 324
2055000 325
2060000 324
2065000 324
2070000 325
2075000 324
2080000 323
2085000 322
2090000 323
2095000 323
2100000 322
2105000 323
2110000 324
2115000 324
2120000 324
2125000 325
2130000 325
2135000 326
2140000 326
2145000 326
2150000 326
2155000 326
2160000 326
2165000 327
2170000 327
2175000 327
2180000 328
2185000 328
2190000 329
2195000 329
2200000 329
2205000 330
2210000 330
2215000 330
2220000 331
2225000 331
2230000 330
2235000 330
2240000 329
2245000 330
2250000 331
2255000 331
2260000 331
2265000 331
2270000 330
2275000 331
2280000 331
2285000 330
2290000 332
2295000 332
2300000 332
2305000 332
2310000 332
2315000 332
2320000 333
2325000 334
2330000 334
2335000 334
2340000 333
2345000 332
2350000 330
2355000 329
2360000 327
2365000 328
2370000 328
2375000 328
2380000 328
2385000 329
2390000 329
2395000 329
2400000 329
2405000 329
2410000 329
2415000 329
2420000 330
2425000 330
2430000 330
2435000 330
2440000 329
2445000 329
2450000 328
2455000 328
2460000 328
2465000 329
2470000 328
2475000 329
2480000 329
2485000 329
2490000 329
2495000 328
2500000 327
2505000 327
2510000 326
2515000 327
2520000 326
2525000 325
2530000 326
2535000 326
2540000 326
2545000 326
2550000 326
2555000 326
2560000 326
2565000 327
2570000 327
2575000 326
2580000 326
2585000 327
2590000 327
2595000 327
2600000 327
2605000 327
2610000 327
2615000 325
2620000 324
2625000 324
2630000 324
2635000 324
2640000 322
2645000 323
2650000 323
2655000 323
2660000 323
2665000 324
2670000 324
2675000 324
2680000 324
2685000 323
2690000 323
2695000 323
2700000 321
2705000 322
2710000 323
2715000 325
2720000 325
2725000 325
2730000 325
2735000 325
2740000 324
2745000 323
2750000 323
2755000 322
2760000 323
2765000 323
2770000 324
2775000 324
2780000 326
2785000 326
2790000 327
2795000 327
2800000 327
2805000 328
2810000 327
2815000 327
2820000 328
2825000 327
2830000 327
2835000 327
2840000 327
2845000 327
2850000 327
2855000 327
2860000 328
2865000 328
2870000 328
2875000 328
2880000 327
2885000 328
2890000 328
2895000 328
2900000 329
2905000 329
2910000 329
2915000 329
2920000 329
2925000 328
2930000 328
2935000 327
2940000 328
2945000 328
2950000 328
2955000 327
2960000 327
2965000 328
2970000 327
2975000 325
2980000 327
2985000 327
2990000 327
2995000 328
3000000 328
3005000 328
3010000 326
3015000 328
3020000 328
3025000 329
3030000 329
3035000 329
3040000 329
3045000 329
3050000 329
3055000 330
3060000 331
3065000 331
3070000 331
3075000 331
3080000 332
3085000 333
3090000 333
3095000 333
3100000 333
3105000 333
3110000 333
3115000 333
3120000 332
3125000 332
3130000 331
3135000 332
3140000 332
3145000 332
3150000 332
3155000 331
3160000 331
3165000 333
3170000 333
3175000 332
3180000 331
3185000 331
3190000 331
3195000 332
3200000 332
3205000 332
3210000 332
3215000 332
3220000 332
3225000 332
3230000 331
3235000 332
3240000 332
3245000 332
3250000 333
3255000 333
3260000 333
3265000 333
3270000 333
3275000 332
3280000 333
3285000 333
3290000 333
3295000 333
3300000 333
3305000 332
3310000 333
3315000 334
3320000 334
3325000 333
3330000 333
3335000 333
3340000 333
3345000 334
3350000 334
3355000 333
3360000 333
3365000 333
3370000 332
3375000 331
3380000 332
3385000 332
3390000 331
3395000 331
3400000 331
3405000 330
3410000 331
3415000 331
3420000 331
3425000 329
3430000 330
3435000 331
3440000 331
3445000 330
3450000 329
3455000 330
3460000 330
3465000 329
3470000 329
3475000 329
3480000 329
3485000 330
3490000 330
3495000 331
3500000 331
3505000 332
3510000 331
3515000 331
3520000 331
3525000 331
3530000 332
3535000 331
3540000 331
3545000 331
3550000 331
3555000 331
3560000 331
3565000 331
3570000 332
3575000 331
3580000 332
3585000 333
3590000 333
3595000 332
3600000 332
3605000 332
3610000 333
3615000 332
3620000 334
3625000 334
3630000 332
3635000 333
3640000 332
3645000 331
3650000 332
3655000 332
3660000 333
3665000 333
3670000 333
3675000 334
3680000 333
3685000 333
3690000 333
3695000 333
3700000 333
3705000 333
3710000 332
3715000 332
3720000 332
3725000 332
3730000 332
3735000 332
3740000 333
3745000 332
3750000 333
3755000 333
3760000 334
3765000 335
3770000 335
3775000 334
3780000 337
3785000 337
3790000 337
3795000 337
3800000 337
3805000 336
3810000 335
3815000 337
3820000 336
3825000 337
3830000 337
3835000 337
3840000 335
3845000 336
3850000 336
3855000 336
3860000 336
3865000 336
3870000 336
3875000 336
3880000 336
3885000 335
3890000 334
3895000 335
3900000 335
3905000 334
3910000 335
3915000 336
3920000 335
3925000 338
3930000 337
3935000 337
3940000 336
3945000 335
3950000 336
3955000 335
3960000 335
3965000 334
3970000 334
3975000 334
3980000 334
3985000 335
3990000 333
3995000 333
4000000 333
4005000 332
4010000 331
4015000 332
4020000 332
4025000 332
4030000 332
4035000 332
4040000 332
4045000 333
4050000 333
4055000 333
4060000 333
4065000 333
4070000 333
4075000 333
4080000 333
4085000 332
4090000 332
4095000 332
4100000 332
4105000 332
4110000 332
4115000 332
4120000 332
4125000 331
4130000 330
4135000 330
4140000 331
4145000 331
4150000 331
4155000 330
4160000 329
4165000 329
4170000 329
4175000 329
4180000 330
4185000 332
4190000 333
4195000 333
4200000 332
4205000 333
4210000 333
4215000 333
4220000 333
4225000 332
4230000 333
4235000 332
4240000 333
4245000 333
4250000 334
4255000 335
4260000 334
4265000 335
4270000 335
4275000 335
4280000 337
4285000 337
4290000 337
4295000 336
4300000 336
4305000 335
4310000 335
4315000 335
4320000 337
4325000 337
4330000 337
4335000 338
4340000 338
4345000 339
4350000 339
4355000 339
4360000 338
4365000 339
4370000 340
4375000 339
4380000 338
4385000 338
4390000 337
4395000 337
4400000 337
4405000 337
4410000 337
4415000 337
4420000 337
4425000 338
4430000 339
4435000 339
4440000 341
4445000 341
4450000 340
4455000 341
4460000 341
4465000 342
4470000 341
4475000 341
4480000 341
4485000 341
4490000 341
4495000 341
4500000 341
4505000 341
4510000 341
4515000 340
4520000 341
4525000 340
4530000 340
4535000 341
4540000 340
4545000 340
4550000 340
4555000 340
4560000 340
4565000 337
4570000 337
4575000 338
4580000 338
4585000 338
4590000 337
4595000 337
4600000 337
4605000 335
4610000 336
4615000 336
4620000 336
4625000 335
4630000 335
4635000 335
4640000 333
4645000 334
4650000 334
4655000 334
4660000 333
4665000 332
4670000 333
4675000 333
4680000 331
4685000 331
4690000 331
4695000 330
4700000 330
4705000 330
4710000 331
4715000 331
4720000 331
4725000 331
4730000 331
4735000 331
4740000 332
4745000 332
4750000 332
4755000 331
4760000 331
4765000 331
4770000 331
4775000 331
4780000 332
4785000 332
4790000 331
4795000 331
4800000 331
4805000 331
4810000 332
4815000 332
4820000 332
4825000 331
4830000 332
4835000 332
4840000 331
4845000 331
4850000 330
4855000 331
4860000 331
4865000 330
4870000 330
4875000 332
4880000 332
4885000 332
4890000 332
4895000 331
4900000 331
4905000 332
4910000 333
4915000 332
4920000 332
4925000 332
4930000 332
4935000 332
4940000 332
4945000 332
4950000 331
4955000 331
4960000 331
4965000 331
4970000 331
4975000 332
4980000 331
4985000 332
4990000 332
4995000 332
5000000 331
5005000 331
5010000 331
5015000 331
5020000 331
5025000 331
5030000 331
5035000 330
5040000 331
5045000 331
5050000 331
5055000 332
5060000 332
5065000 333
5070000 333
5075000 333
5080000 334
5085000 334
5090000 333
5095000 334
5100000 334
5105000 334
5110000 334
5115000 333
5120000 334
5125000 335
5130000 336
5135000 337
5140000 338
5145000 337
5150000 337
5155000 338
5160000 338
5165000 337
5170000 337
5175000 336
5180000 336
5185000 335
5190000 336
5195000 336
5200000 336
5205000 336
5210000 336
5215000 335
5220000 335
5225000 335
5230000 335
5235000 335
5240000 336
5245000 336
5250000 336
5255000 336
5260000 336
5265000 336
5270000 336
5275000 336
5280000 336
5285000 336
5290000 336
5295000 336
5300000 336
5305000 334
5310000 334
5315000 333
5320000 333
5325000 333
5330000 334
5335000 335
5340000 335
5345000 336
5350000 338
5355000 338
5360000 338
5365000 337
5370000 339
5375000 338
5380000 338
5385000 338
5390000 337
5395000 337
5400000 336
5405000 336
5410000 336
5415000 335
5420000 335
5425000 336
5430000 337
5435000 337
5440000 337
5445000 337
5450000 337
5455000 337
5460000 336
5465000 336
5470000 336
5475000 336
5480000 336
5485000 336
5490000 337
5495000 337
5500000 338
5505000 339
5510000 338
5515000 339
5520000 339
5525000 339
5530000 339
5535000 338
5540000 339
5545000 337
5550000 338
5555000 337
5560000 337
5565000 337
5570000 338
5575000 338
5580000 338
5585000 338
5590000 338
5595000 339
5600000 339
5605000 338
5610000 335
5615000 337
5620000 337
5625000 336
5630000 337
5635000 337
5640000 338
5645000 337
5650000 337
5655000 337
5660000 336
5665000 335
5670000 335
5675000 335
5680000 334
5685000 335
5690000 334
5695000 335
5700000 337
5705000 337
5710000 337
5715000 337
5720000 336
5725000 336
5730000 337
5735000 337
5740000 337
5745000 337
5750000 337
5755000 338
5760000 338
5765000 338
5770000 338
5775000 337
5780000 338
5785000 338
5790000 336
5795000 336
5800000 337
5805000 337
5810000 337
5815000 336
5820000 336
5825000 336
5830000 335
5835000 335
5840000 335
5845000 333
5850000 334
5855000 333
5860000 333
5865000 333
5870000 332
5875000 331
5880000 332
5885000 333
5890000 333
5895000 333
5900000 333
5905000 333
5910000 333
5915000 332
5920000 332
5925000 333
5930000 334
5935000 334
5940000 334
5945000 334
5950000 334
5955000 334
5960000 334
5965000 333
5970000 332
5975000 332
5980000 331
5985000 333
5990000 332
5995000 334
6000000 333
6005000 333
6010000 333
6015000 333
6020000 334
6025000 334
6030000 334
6035000 335
6040000 335
6045000 335
6050000 335
6055000 335
6060000 335
6065000 334
6070000 332
6075000 332
6080000 331
6085000 331
6090000 329
6095000 330
6100000 330
6105000 329
6110000 329
6115000 328
6120000 328
6125000 329
6130000 329
6135000 329
6140000 329
6145000 327
6150000 326
6155000 325
6160000 325
6165000 325
6170000 325
6175000 324
6180000 324
6185000 324
6190000 324
6195000 325
6200000 325
6205000 325
6210000 325
6215000 324
6220000 323
6225000 324
6230000 324
6235000 324
6240000 325
6245000 326
6250000 325
6255000 325
6260000 325
6265000 325
6270000 325
6275000 325
6280000 325
6285000 325
6290000 324
6295000 325
6300000 326
6305000 326
6310000 326
6315000 327
6320000 327
6325000 327
6330000 327
6335000 328
6340000 328
6345000 329
6350000 330
6355000 330
6360000 329
6365000 330
6370000 330
6375000 329
6380000 328
6385000 329
6390000 329
6395000 329
6400000 329
6405000 330
6410000 329
6415000 330
6420000 330
6425000 330
6430000 330
6435000 330
6440000 330
6445000 329
6450000 329
6455000 330
6460000 329
6465000 329
6470000 329
6475000 328
6480000 328
6485000 328
6490000 328
6495000 328
6500000 328
6505000 329
6510000 329
6515000 329
6520000 329
6525000 330
6530000 329
6535000 330
6540000 329
6545000 329
6550000 329
6555000 329
6560000 329
6565000 329
6570000 329
6575000 328
6580000 331
6585000 331
6590000 328
6595000 330
6600000 330
6605000 330
6610000 330
6615000 330
6620000 330
6625000 329
6630000 329
6635000 330
6640000 330
6645000 331
6650000 331
6655000 331
6660000 333
6665000 332
6670000 332
6675000 332
6680000 332
6685000 331
6690000 330
6695000 330
6700000 329
6705000 329
6710000 330
6715000 329
6720000 328
6725000 328
6730000 328
6735000 328
6740000 328
6745000 328
6750000 326
6755000 326
6760000 326
6765000 325
6770000 326
6775000 326
6780000 326
6785000 325
6790000 327
6795000 327
6800000 326
6805000 326
6810000 327
6815000 327
6820000 327
6825000 327
6830000 327
6835000 329
6840000 329
6845000 328
6850000 327
6855000 328
6860000 329
6865000 329
6870000 328
6875000 328
6880000 328
6885000 328
6890000 328
6895000 328
6900000 328
6905000 328
6910000 328
6915000 328
6920000 327
6925000 329
6930000 329
6935000 329
6940000 330
6945000 330
6950000 332
6955000 332
6960000 332
6965000 332
6970000 333
6975000 333
6980000 333
6985000 333
6990000 334
6995000 335
7000000 335
7005000 335
7010000 335
7015000 335
7020000 334
7025000 333
7030000 332
7035000 335
7040000 335
7045000 336
7050000 336
7055000 337
7060000 338
7065000 336
7070000 336
7075000 336
7080000 336
7085000 335
7090000 334
7095000 334
7100000 334
7105000 334
7110000 334
7115000 334
7120000 335
7125000 335
7130000 335
7135000 335
7140000 335
7145000 335
7150000 334
7155000 335
7160000 335
7165000 335
7170000 335
7175000 335
7180000 334
7185000 334
7190000 334
7195000 335
7200000 335
7205000 332
7210000 332
7215000 333
7220000 333
7225000 333
7230000 333
7235000 334
7240000 335
7245000 335
7250000 335
7255000 335
7260000 335
7265000 335
7270000 335
7275000 335
7280000 335
7285000 335
7290000 335
7295000 336
7300000 336
7305000 336
7310000 336
7315000 336
7320000 335
7325000 336
7330000 336
7335000 335
7340000 335
7345000 336
7350000 335
7355000 335
7360000 334
7365000 335
7370000 334
7375000 335
7380000 336
7385000 336
7390000 336
7395000 336
7400000 336
7405000 335
7410000 337
7415000 337
7420000 337
7425000 336
7430000 336
7435000 336
7440000 336
7445000 336
7450000 334
7455000 334
7460000 335
7465000 336
7470000 336
7475000 335
7480000 335
7485000 336
7490000 336
7495000 336
7500000 336
7505000 336
7510000 336
7515000 336
7520000 336
7525000 336
7530000 335
7535000 336
7540000 336
7545000 335
7550000 334
7555000 335
7560000 334
7565000 333
7570000 334
7575000 333
7580000 333
7585000 332
7590000 332
7595000 331
7600000 332
7605000 332
7610000 331
7615000 332
7620000 332
7625000 330
7630000 331
7635000 330
7640000 331
7645000 331
7650000 331
7655000 331
7660000 332
7665000 331
7670000 331
7675000 331
7680000 330
7685000 330
7690000 331
7695000 328
7700000 329
7705000 330
7710000 330
7715000 331
7720000 330
7725000 330
7730000 330
7735000 330
7740000 328
7745000 328
7750000 327
7755000 327
7760000 327
7765000 326
7770000 326
7775000 327
7780000 327
7785000 327
7790000 328
7795000 328
7800000 328
7805000 328
7810000 328
7815000 328
7820000 327
7825000 328
7830000 328
7835000 327
7840000 327
7845000 328
7850000 329
7855000 329
7860000 328
7865000 328
7870000 328
7875000 329
7880000 329
7885000 328
7890000 328
7895000 329
7900000 329
7905000 328
7910000 329
7915000 330
7920000 330
7925000 330
7930000 330
7935000 331
7940000 330
7945000 331
7950000 331
7955000 331
7960000 331
7965000 331
7970000 331
7975000 330
7980000 331
7985000 331
7990000 331
7995000 330
8000000 331
8005000 330
8010000 331
8015000 331
8020000 332
8025000 332
8030000 331
8035000 333
8040000 333
8045000 333
8050000 332
8055000 332
8060000 333
8065000 332
8070000 333
8075000 333
8080000 332
8085000 332
8090000 332
8095000 331
8100000 331
8105000 332
8110000 332
8115000 331
8120000 332
8125000 331
8130000 332
8135000 333
8140000 332
8145000 332
8150000 332
8155000 331
8160000 333
8165000 333
8170000 332
8175000 332
8180000 332
8185000 332
8190000 332
8195000 333
8200000 333
8205000 332
8210000 331
8215000 331
8220000 332
8225000 332
8230000 332
8235000 332
8240000 332
8245000 331
8250000 332
8255000 332
8260000 332
8265000 332
8270000 332
8275000 331
8280000 330
8285000 331
8290000 331
8295000 331
8300000 329
8305000 329
8310000 330
8315000 330
8320000 330
8325000 331
8330000 330
8335000 329
8340000 328
8345000 327
8350000 327
8355000 327
8360000 326
8365000 327
8370000 327
8375000 327
8380000 327
8385000 327
8390000 327
8395000 326
8400000 325
8405000 325
8410000 325
8415000 325
8420000 325
8425000 325
8430000 325
8435000 326
8440000 327
8445000 327
8450000 327
8455000 327
8460000 326
8465000 326
8470000 326
8475000 325
8480000 327
8485000 327
8490000 327
8495000 327
8500000 326
8505000 326
8510000 326
8515000 326
8520000 327
8525000 327
8530000 327
8535000 327
8540000 326
8545000 328
8550000 328
8555000 328
8560000 328
8565000 328
8570000 328
8575000 328
8580000 329
8585000 327
8590000 327
8595000 326
8600000 329
8605000 329
8610000 329
8615000 329
8620000 330
8625000 330
8630000 330
8635000 330
8640000 331
8645000 332
8650000 332
8655000 332
8660000 333
8665000 333
8670000 333
8675000 333
8680000 333
8685000 333
8690000 333
8695000 331
8700000 331
8705000 330
8710000 330
8715000 330
8720000 329
8725000 330
8730000 330
8735000 331
8740000 332
8745000 332
8750000 331
8755000 332
8760000 332
8765000 332
8770000 330
8775000 329
8780000 327
8785000 328
8790000 327
8795000 328
8800000 327
8805000 328
8810000 330
8815000 331
8820000 332
8825000 332
8830000 332
8835000 332
8840000 332
8845000 332
8850000 332
8855000 331
8860000 330
8865000 330
8870000 330
8875000 330
8880000 329
8885000 330
8890000 330
8895000 330
8900000 331
8905000 331
8910000 331
8915000 330
8920000 329
8925000 329
8930000 330
8935000 330
8940000 328
8945000 328
8950000 327
8955000 329
8960000 329
8965000 328
8970000 328
8975000 327
8980000 327
8985000 328
8990000 329
8995000 328
9000000 329
9005000 330
9010000 330
9015000 329
9020000 329
9025000 329
9030000 329
9035000 330
9040000 330
9045000 330
9050000 330
9055000 330
9060000 330
9065000 330
9070000 330
9075000 330
9080000 330
9085000 330
9090000 329
9095000 330
9100000 329
9105000 329
9110000 330
9115000 330
9120000 330
9125000 330
9130000 330
9135000 330
9140000 331
9145000 331
9150000 330
9155000 331
9160000 330
9165000 331
9170000 331
9175000 331
9180000 330
9185000 330
9190000 330
9195000 329
9200000 329
9205000 328
9210000 330
9215000 330
9220000 330
9225000 329
9230000 329
9235000 330
9240000 330
9245000 330
9250000 330
9255000 330
9260000 331
9265000 331
9270000 332
9275000 332
9280000 331
9285000 330
9290000 328
9295000 329
9300000 329
9305000 329
9310000 329
9315000 329
9320000 330
9325000 330
9330000 330
9335000 330
9340000 331
9345000 330
9350000 330
9355000 329
9360000 331
9365000 331
9370000 331
9375000 331
9380000 330
9385000 331
9390000 331
9395000 331
9400000 331
9405000 332
9410000 333
9415000 333
9420000 333
9425000 333
9430000 332
9435000 331
9440000 331
9445000 332
9450000 332
9455000 333
9460000 332
9465000 332
9470000 331
9475000 330
9480000 330
9485000 330
9490000 329
9495000 331
9500000 331
9505000 331
9510000 332
9515000 332
9520000 332
9525000 332
9530000 332
9535000 332
9540000 332
9545000 332
9550000 333
9555000 332
9560000 334
9565000 334
9570000 333
9575000 333
9580000 332
9585000 333
9590000 333
9595000 333
9600000 333
9605000 331
9610000 333
9615000 334
9620000 334
9625000 335
9630000 336
9635000 336
9640000 336
9645000 336
9650000 337
9655000 337
9660000 337
9665000 337
9670000 338
9675000 338
9680000 338
9685000 338
9690000 337
9695000 337
9700000 336
9705000 335
9710000 336
9715000 335
9720000 335
9725000 334
9730000 334
9735000 334
9740000 333
9745000 333
9750000 333
9755000 333
9760000 332
9765000 332
9770000 333
9775000 333
9780000 331
9785000 331
9790000 332
9795000 333
9800000 332
9805000 333
9810000 332
9815000 333
9820000 335
9825000 335
9830000 335
9835000 336
9840000 337
9845000 337
9850000 338
9855000 338
9860000 338
9865000 338
9870000 337
9875000 338
9880000 339
9885000 339
9890000 338
9895000 339
9900000 339
9905000 339
9910000 339
9915000 339
9920000 339
9925000 338
9930000 338
9935000 338
9940000 339
9945000 339
9950000 339
9955000 339
9960000 339
9965000 339
9970000 339
9975000 339
9980000 339
9985000 338
9990000 338
9995000 338
10000000 338
10005000 337
10010000 337
10015000 338
10020000 339
10025000 338
10030000 338
10035000 337
10040000 336
10045000 336
10050000 337
10055000 337
10060000 338
10065000 338
10070000 338
10075000 338
10080000 336
10085000 337
10090000 337
10095000 336
10100000 336
10105000 336
10110000 334
10115000 335
10120000 336
10125000 336
10130000 336
10135000 337
10140000 337
10145000 337
10150000 338
10155000 338
10160000 338
10165000 339
10170000 340
10175000 340
10180000 339
10185000 339
10190000 339
10195000 337
10200000 339
10205000 338
10210000 338
10215000 338
10220000 338
10225000 337
10230000 337
10235000 337
10240000 337
10245000 337
10250000 337
10255000 337
10260000 337
10265000 338
10270000 338
10275000 337
10280000 336
10285000 337
10290000 335
10295000 336
10300000 336
10305000 337
10310000 337
10315000 336
10320000 336
10325000 336
10330000 336
10335000 336
10340000 336
10345000 336
10350000 336
10355000 336
10360000 336
10365000 335
10370000 334
10375000 334
10380000 335
10385000 335
10390000 336
10395000 336
10400000 336
10405000 336
10410000 336
10415000 336
10420000 337
10425000 338
10430000 338
10435000 338
10440000 337
10445000 338
10450000 338
10455000 338
10460000 338
10465000 337
10470000 339
10475000 339
10480000 339
10485000 339
10490000 339
10495000 339
10500000 339
10505000 339
10510000 339
10515000 340
10520000 340
10525000 339
10530000 337
10535000 338
10540000 337
10545000 338
10550000 339
10555000 339
10560000 339
10565000 339
10570000 339
10575000 338
10580000 338
10585000 339
10590000 339
10595000 339
10600000 339
10605000 339
10610000 338
10615000 338
10620000 339
10625000 339
10630000 339
10635000 339
10640000 339
10645000 339
10650000 339
10655000 339
10660000 338
10665000 338
10670000 337
10675000 338
10680000 338
10685000 336
10690000 336
10695000 336
10700000 335
10705000 335
10710000 336
10715000 336
10720000 335
10725000 335
10730000 334
10735000 334
10740000 335
10745000 335
10750000 335
10755000 334
10760000 334
10765000 334
10770000 334
10775000 334
10780000 334
10785000 334
10790000 334
10795000 334
10800000 334
10805000 334
10810000 333
10815000 334
10820000 333
10825000 331
10830000 332
10835000 332
10840000 333
10845000 333
10850000 332
10855000 332
10860000 333
10865000 333
10870000 333
10875000 332
10880000 332
10885000 332
10890000 332
10895000 332
10900000 332
10905000 332
10910000 332
10915000 331
10920000 329
10925000 329
10930000 329
10935000 331
10940000 331
10945000 331
10950000 329
10955000 329
10960000 329
10965000 329
10970000 329
10975000 330
10980000 329
10985000 329
10990000 328
10995000 328
11000000 327
11005000 328
11010000 328
11015000 328
11020000 327
11025000 329
11030000 329
11035000 328
11040000 329
11045000 328
11050000 326
11055000 326
11060000 326
11065000 326
11070000 326
11075000 325
11080000 325
11085000 325
11090000 325
11095000 325
11100000 323
11105000 325
11110000 325
11115000 325
11120000 325
11125000 326
11130000 326
11135000 325
11140000 326
11145000 326
11150000 326
11155000 326
11160000 326
11165000 326
11170000 325
11175000 326
11180000 326
11185000 325
11190000 326
11195000 327
11200000 328
11205000 329
11210000 329
11215000 328
11220000 329
11225000 329
11230000 329
11235000 328
11240000 329
11245000 328
11250000 329
11255000 327
11260000 328
11265000 328
11270000 328
11275000 327
11280000 328
11285000 328
11290000 327
11295000 327
11300000 329
11305000 329
11310000 329
11315000 329
11320000 329
11325000 328
11330000 329
11335000 329
11340000 330
11345000 330
11350000 330
11355000 329
11360000 329
11365000 329
11370000 331
11375000 331
11380000 332
11385000 332
11390000 332
11395000 332
11400000 332
11405000 332
11410000 332
11415000 330
11420000 330
11425000 331
11430000 330
11435000 330
11440000 330
11445000 330
11450000 330
11455000 330
11460000 330
11465000 330
11470000 330
11475000 331
11480000 331
11485000 330
11490000 330
11495000 331
11500000 331
11505000 331
11510000 331
11515000 331
11520000 331
11525000 331
11530000 331
11535000 331
11540000 331
11545000 331
11550000 331
11555000 330
11560000 331
11565000 331
11570000 331
11575000 330
11580000 332
11585000 333
11590000 333
11595000 333
11600000 333
11605000 333
11610000 332
11615000 332
11620000 332
11625000 332
11630000 332
11635000 332
11640000 332
11645000 332
11650000 332
11655000 333
11660000 333
11665000 333
11670000 333
11675000 333
11680000 334
11685000 333
11690000 333
11695000 332
11700000 332
11705000 332
11710000 333
11715000 332
11720000 332
11725000 332
11730000 332
11735000 331
11740000 332
11745000 332
11750000 331
11755000 331
11760000 332
11765000 331
11770000 331
11775000 332
11780000 332
11785000 331
11790000 332
11795000 331
11800000 330
11805000 330
11810000 330
11815000 330
11820000 328
11825000 330
11830000 330
11835000 330
11840000 331
11845000 331
11850000 331
11855000 331
11860000 329
11865000 330
11870000 329
11875000 329
11880000 327
11885000 329
11890000 329
11895000 329
11900000 329
11905000 329
11910000 329
11915000 329
11920000 329
11925000 330
11930000 330
11935000 330
11940000 330
11945000 331
11950000 332
11955000 332
11960000 331
11965000 331
11970000 331
11975000 331
11980000 329
11985000 329
11990000 330
11995000 329
12000000 329
12005000 329
12010000 329
12015000 329
12020000 328
12025000 328
12030000 329
12035000 329
12040000 329
12045000 330
12050000 330
12055000 330
12060000 330
12065000 329
12070000 330
12075000 330
12080000 331
12085000 331
12090000 330
12095000 331
12100000 332
12105000 332
12110000 332
12115000 332
12120000 332
12125000 332
12130000 331
12135000 331
12140000 332
12145000 331
12150000 332
12155000 332
12160000 332
12165000 332
12170000 332
12175000 332
12180000 331
12185000 331
12190000 331
12195000 332
12200000 331
12205000 333
12210000 334
12215000 334
12220000 334
12225000 333
12230000 333
12235000 333
12240000 333
12245000 333
12250000 333
12255000 331
12260000 331
12265000 330
12270000 329
12275000 329
12280000 329
12285000 329
12290000 329
12295000 329
12300000 329
12305000 330
12310000 329
12315000 330
12320000 330
12325000 332
12330000 332
12335000 332
12340000 333
12345000 332
12350000 332
12355000 332
12360000 332
12365000 332
12370000 332
12375000 331
12380000 331
12385000 331
12390000 331
12395000 331
12400000 331
12405000 331
12410000 330
12415000 330
12420000 330
12425000 331
12430000 331
12435000 331
12440000 330
12445000 330
12450000 330
12455000 330
12460000 330
12465000 330
12470000 330
12475000 330
12480000 330
12485000 330
12490000 328
12495000 328
12500000 327
12505000 327
12510000 327
12515000 326
12520000 328
12525000 328
12530000 327
12535000 329
12540000 330
12545000 329
12550000 330
12555000 330
12560000 331
12565000 332
12570000 332
12575000 332
12580000 332
12585000 332
12590000 332
12595000 330
12600000 330
12605000 330
12610000 330
12615000 330
12620000 330
12625000 330
12630000 330
12635000 329
12640000 329
12645000 328
12650000 328
12655000 328
12660000 327
12665000 327
12670000 327
12675000 328
12680000 329
12685000 328
12690000 328
12695000 328
12700000 328
12705000 328
12710000 328
12715000 327
12720000 327
12725000 327
12730000 328
12735000 328
12740000 328
12745000 327
12750000 327
12755000 327
12760000 327
12765000 327
12770000 327
12775000 327
12780000 327
12785000 326
12790000 326
12795000 326
12800000 326
12805000 324
12810000 325
12815000 325
12820000 325
12825000 325
12830000 326
12835000 325
12840000 325
12845000 325
12850000 326
12855000 326
12860000 326
12865000 326
12870000 328
12875000 329
12880000 329
12885000 329
12890000 329
12895000 329
12900000 329
12905000 329
12910000 330
12915000 330
12920000 331
12925000 330
12930000 330
12935000 331
12940000 331
12945000 330
12950000 332
12955000 332
12960000 331
12965000 332
12970000 334
12975000 335
12980000 335
12985000 334
12990000 334
12995000 335
13000000 334
13005000 334
13010000 334
13015000 333
13020000 333
13025000 334
13030000 334
13035000 334
13040000 334
13045000 334
13050000 332
13055000 334
13060000 334
13065000 335
13070000 336
13075000 336
13080000 336
13085000 336
13090000 335
13095000 336
13100000 335
13105000 336
13110000 336
13115000 336
13120000 336
13125000 336
13130000 337
13135000 337
13140000 337
13145000 336
13150000 336
13155000 336
13160000 336
13165000 337
13170000 336
13175000 335
13180000 336
13185000 336
13190000 336
13195000 336
13200000 336
13205000 335
13210000 335
13215000 335
13220000 335
13225000 334
13230000 335
13235000 336
13240000 335
13245000 336
13250000 337
13255000 337
13260000 337
13265000 338
13270000 338
13275000 338
13280000 339
13285000 340
13290000 339
13295000 339
13300000 341
13305000 341
13310000 340
13315000 341
13320000 341
13325000 341
13330000 341
13335000 341
13340000 341
13345000 340
13350000 340
13355000 340
13360000 340
13365000 340
13370000 340
13375000 340
13380000 340
13385000 339
13390000 339
13395000 340
13400000 340
13405000 340
13410000 340
13415000 340
13420000 339
13425000 338
13430000 338
13435000 338
13440000 338
13445000 337
13450000 338
13455000 338
13460000 338
13465000 338
13470000 337
13475000 337
13480000 335
13485000 335
13490000 335
13495000 334
13500000 335
13505000 335
13510000 334
13515000 334
13520000 334
13525000 334
13530000 334
13535000 335
13540000 335
13545000 336
13550000 335
13555000 334
13560000 337
13565000 337
13570000 337
13575000 336
13580000 337
13585000 337
13590000 338
13595000 337
13600000 338
13605000 337
13610000 336
13615000 335
13620000 336
13625000 336
13630000 335
13635000 337
13640000 337
13645000 337
13650000 337
13655000 337
13660000 337
13665000 337
13670000 337
13675000 338
13680000 337
13685000 339
13690000 339
13695000 339
13700000 338
13705000 338
13710000 338
13715000 338
13720000 338
13725000 338
13730000 338
13735000 336
13740000 336
13745000 336
13750000 334
13755000 334
13760000 335
13765000 335
13770000 334
13775000 334
13780000 333
13785000 332
13790000 332
13795000 333
13800000 333
13805000 332
13810000 331
13815000 333
13820000 333
13825000 333
13830000 334
13835000 334
13840000 334
13845000 334
13850000 334
13855000 335
13860000 335
13865000 335
13870000 335
13875000 335
13880000 335
13885000 334
13890000 333
13895000 333
13900000 333
13905000 333
13910000 332
13915000 332
13920000 331
13925000 331
13930000 331
13935000 331
13940000 331
13945000 330
13950000 330
13955000 329
13960000 330
13965000 330
13970000 330
13975000 330
13980000 331
13985000 331
13990000 331
13995000 331
14000000 330
14005000 330
14010000 330
14015000 330
14020000 330
14025000 329
14030000 328
14035000 331
14040000 331
14045000 330
14050000 330
14055000 330
14060000 330
14065000 330
14070000 329
14075000 329
14080000 328
14085000 329
14090000 328
14095000 329
14100000 329
14105000 330
14110000 330
14115000 330
14120000 330
14125000 329
14130000 329
14135000 329
14140000 329
14145000 329
14150000 329
14155000 330
14160000 331
14165000 331
14170000 331
14175000 331
14180000 330
14185000 331
14190000 332
14195000 332
14200000 331
14205000 332
14210000 332
14215000 330
14220000 331
14225000 331
14230000 331
14235000 331
14240000 331
14245000 331
14250000 331
14255000 331
14260000 332
14265000 332
14270000 332
14275000 332
14280000 332
14285000 332
14290000 332
14295000 332
14300000 332
14305000 332
14310000 332
14315000 332
14320000 331
14325000 331
14330000 331
14335000 331
14340000 331
14345000 329
14350000 331
14355000 330
14360000 330
14365000 330
14370000 329
14375000 329
14380000 328
14385000 328
14390000 328
14395000 328
14400000 327
14405000 328
14410000 328
14415000 327
14420000 327
14425000 328
14430000 328
14435000 329
14440000 328
14445000 328
14450000 328
14455000 328
14460000 328
14465000 328
14470000 327
14475000 327
14480000 327
14485000 328
14490000 327
14495000 328
14500000 328
14505000 328
14510000 328
14515000 328
14520000 327
14525000 327
14530000 328
14535000 329
14540000 328
14545000 328
14550000 328
14555000 329
14560000 330
14565000 330
14570000 331
14575000 331
14580000 331
14585000 333
14590000 333
14595000 333
14600000 332
14605000 333
14610000 333
14615000 332
14620000 332
14625000 333
14630000 333
14635000 333
14640000 332
14645000 332
14650000 332
14655000 332
14660000 332
14665000 332
14670000 332
14675000 332
14680000 332
14685000 332
14690000 330
14695000 330
14700000 330
14705000 330
14710000 330
14715000 330
14720000 330
14725000 329
14730000 329
14735000 328
14740000 328
14745000 329
14750000 329
14755000 328
14760000 329
14765000 329
14770000 329
14775000 329
14780000 330
14785000 329
14790000 328
14795000 328
14800000 328
14805000 329
14810000 329
14815000 329
14820000 329
14825000 330
14830000 330
14835000 330
14840000 330
14845000 330
14850000 330
14855000 329
14860000 329
14865000 330
14870000 330
14875000 330
14880000 330
14885000 330
14890000 331
14895000 330
14900000 332
14905000 333
14910000 334
14915000 334
14920000 335
14925000 335
14930000 334
14935000 335
14940000 334
14945000 336
14950000 336
14955000 336
14960000 336
14965000 336
14970000 336
14975000 336
14980000 335
14985000 336
14990000 336
14995000 336
15000000 336
15005000 336
15010000 336
15015000 336
15020000 336
15025000 336
15030000 337
15035000 337
15040000 336
15045000 336
15050000 336
15055000 336
15060000 336
15065000 335
15070000 334
15075000 334
15080000 333
15085000 334
15090000 333
15095000 333
15100000 331
15105000 330
15110000 330
15115000 330
15120000 329
15125000 329
15130000 329
15135000 329
15140000 330
15145000 330
15150000 330
15155000 330
15160000 330
15165000 330
15170000 330
15175000 330
15180000 330
15185000 329
15190000 330
15195000 330
15200000 330
15205000 328
15210000 329
15215000 330
15220000 330
15225000 330
15230000 330
15235000 330
15240000 330
15245000 330
15250000 331
15255000 329
15260000 329
15265000 329
15270000 330
15275000 330
15280000 329
15285000 328
15290000 329
15295000 329
15300000 329
15305000 329
15310000 329
15315000 329
15320000 329
15325000 329
15330000 329
15335000 329
15340000 329
15345000 328
15350000 327
15355000 328
15360000 328
15365000 327
15370000 327
15375000 328
15380000 328
15385000 328
15390000 331
15395000 331
15400000 331
15405000 331
15410000 328
15415000 331
15420000 331
15425000 331
15430000 331
15435000 331
15440000 331
15445000 329
15450000 329
15455000 329
15460000 329
15465000 330
15470000 330
15475000 331
15480000 331
15485000 331
15490000 332
15495000 332
15500000 332
15505000 332
15510000 332
15515000 334
15520000 334
15525000 334
15530000 334
15535000 332
15540000 333
15545000 335
15550000 336
15555000 336
15560000 336
15565000 334
15570000 335
15575000 335
15580000 333
15585000 333
15590000 334
15595000 334
15600000 332
15605000 331
15610000 332
15615000 332
15620000 333
15625000 333
15630000 333
15635000 333
15640000 333
15645000 333
15650000 333
15655000 333
15660000 332
15665000 333
15670000 332
15675000 331
15680000 330
15685000 331
15690000 331
15695000 331
15700000 330
15705000 329
15710000 329
15715000 328
15720000 327
15725000 326
15730000 326
15735000 326
15740000 326
15745000 326
15750000 326
15755000 326
15760000 328
15765000 328
15770000 328
15775000 328
15780000 328
15785000 328
15790000 329
15795000 329
15800000 329
15805000 331
15810000 331
15815000 332
15820000 332
15825000 332
15830000 332
15835000 332
15840000 331
15845000 332
15850000 332
15855000 333
15860000 332
15865000 332
15870000 333
15875000 333
15880000 333
15885000 333
15890000 333
15895000 334
15900000 334
15905000 334
15910000 334
15915000 333
15920000 334
15925000 334
15930000 333
15935000 333
15940000 331
15945000 331
15950000 331
15955000 331
15960000 331
15965000 331
15970000 331
15975000 331
15980000 332
15985000 333
15990000 333
15995000 332
16000000 333
16005000 333
16010000 333
16015000 331
16020000 331
16025000 331
16030000 331
16035000 331
16040000 330
16045000 330
16050000 330
16055000 330
16060000 330
16065000 329
16070000 330
16075000 329
16080000 330
16085000 330
16090000 330
16095000 330
16100000 330
16105000 330
16110000 331
16115000 331
16120000 331
16125000 331
16130000 331
16135000 329
16140000 330
16145000 331
16150000 331
16155000 331
16160000 331
16165000 330
16170000 331
16175000 331
16180000 331
16185000 330
16190000 331
16195000 332
16200000 332
16205000 332
16210000 332
16215000 332
16220000 332
16225000 332
16230000 332
16235000 333
16240000 333
16245000 333
16250000 334
16255000 334
16260000 334
16265000 333
16270000 333
16275000 333
16280000 333
16285000 333
16290000 333
16295000 333
16300000 333
16305000 333
16310000 332
16315000 332
16320000 332
16325000 333
16330000 334
16335000 335
16340000 335
16345000 335
16350000 335
16355000 335
16360000 335
16365000 334
16370000 333
16375000 333
16380000 333
16385000 333
16390000 331
16395000 330
16400000 331
16405000 330
16410000 329
16415000 329
16420000 329
16425000 329
16430000 329
16435000 329
16440000 330
16445000 330
16450000 330
16455000 331
16460000 332
16465000 332
16470000 330
16475000 329
16480000 329
16485000 329
16490000 330
16495000 330
16500000 330
16505000 330
16510000 328
16515000 328
16520000 328
16525000 328
16530000 328
16535000 329
16540000 329
16545000 329
16550000 329
16555000 329
16560000 329
16565000 330
16570000 330
16575000 330
16580000 330
16585000 330
16590000 330
16595000 331
16600000 331
16605000 331
16610000 331
16615000 330
16620000 330
16625000 329
16630000 330
16635000 330
16640000 331
16645000 331
16650000 331
16655000 330
16660000 330
16665000 330
16670000 330
16675000 330
16680000 330
16685000 330
16690000 329
16695000 331
16700000 331
16705000 331
16710000 329
16715000 330
16720000 331
16725000 332
16730000 333
16735000 333
16740000 333
16745000 332
16750000 331
16755000 333
16760000 334
16765000 333
16770000 335
16775000 335
16780000 334
16785000 334
16790000 334
16795000 333
16800000 334
16805000 335
16810000 335
16815000 335
16820000 334
16825000 334
16830000 333
16835000 334
16840000 334
16845000 334
16850000 333
16855000 334
16860000 334
16865000 334
16870000 335
16875000 334
16880000 334
16885000 334
16890000 332
16895000 331
16900000 329
16905000 330
16910000 329
16915000 330
16920000 331
16925000 331
16930000 331
16935000 331
16940000 331
16945000 331
16950000 330
16955000 331
16960000 330
16965000 330
16970000 330
16975000 330
16980000 330
16985000 330
16990000 331
16995000 330
17000000 332
17005000 332
17010000 332
17015000 332
17020000 332
17025000 332
17030000 332
17035000 332
17040000 331
17045000 331
17050000 332
17055000 332
17060000 332
17065000 332
17070000 332
17075000 332
17080000 333
17085000 333
17090000 332
17095000 333
17100000 333
17105000 335
17110000 335
17115000 336
17120000 334
17125000 335
17130000 335
17135000 337
17140000 337
17145000 337
17150000 337
17155000 338
17160000 338
17165000 339
17170000 339
17175000 339
17180000 339
17185000 339
17190000 338
17195000 337
17200000 338
17205000 337
17210000 337
17215000 337
17220000 337
17225000 337
17230000 337
17235000 338
17240000 337
17245000 336
17250000 336
17255000 336
17260000 336
17265000 337
17270000 337
17275000 337
17280000 336
17285000 336
17290000 335
17295000 335
17300000 335
17305000 335
17310000 334
17315000 334
17320000 334
17325000 334
17330000 334
17335000 334
17340000 333
17345000 334
17350000 334
17355000 333
17360000 332
17365000 332
17370000 333
17375000 332
17380000 333
17385000 332
17390000 331
17395000 331
17400000 331
17405000 330
17410000 330
17415000 330
17420000 330
17425000 331
17430000 330
17435000 330
17440000 329
17445000 332
17450000 331
17455000 331
17460000 331
17465000 331
17470000 332
17475000 332
17480000 332
17485000 331
17490000 331
17495000 331
17500000 333
17505000 332
17510000 330
17515000 331
17520000 331
17525000 331
17530000 330
17535000 332
17540000 332
17545000 331
17550000 333
17555000 333
17560000 333
17565000 333
17570000 333
17575000 333
17580000 334
17585000 334
17590000 334
17595000 334
17600000 334
17605000 334
17610000 334
17615000 334
17620000 334
17625000 335
17630000 334
17635000 334
17640000 334
17645000 332
17650000 333
17655000 332
17660000 332
17665000 331
17670000 330
17675000 331
17680000 330
17685000 330
17690000 329
17695000 329
17700000 329
17705000 329
17710000 328
17715000 328
17720000 329
17725000 329
17730000 329
17735000 329
17740000 326
17745000 326
17750000 326
17755000 327
17760000 328
17765000 328
17770000 328
17775000 328
17780000 328
17785000 328
17790000 328
17795000 328
17800000 328
17805000 328
17810000 328
17815000 327
17820000 326
17825000 326
17830000 326
17835000 327
17840000 328
17845000 327
17850000 327
17855000 327
17860000 328
17865000 330
17870000 329
17875000 330
17880000 330
17885000 330
17890000 330
17895000 331
17900000 330
17905000 330
17910000 330
17915000 331
17920000 331
17925000 331
17930000 331
17935000 333
17940000 333
17945000 333
17950000 332
17955000 332
17960000 332
17965000 332
17970000 332
17975000 332
17980000 332
17985000 332
17990000 332
17995000 333
18000000 333
18005000 332
18010000 332
18015000 332
18020000 332
18025000 332
18030000 332
18035000 332
18040000 332
18045000 332
18050000 332
18055000 332
18060000 332
18065000 332
18070000 333
18075000 332
18080000 332
18085000 331
18090000 331
18095000 331
18100000 331
18105000 332
18110000 331
18115000 331
18120000 331
18125000 331
18130000 331
18135000 331
18140000 331
18145000 331
18150000 331
18155000 331
18160000 330
18165000 331
18170000 331
18175000 331
18180000 331
18185000 331
18190000 331
18195000 332
18200000 333
18205000 333
18210000 333
18215000 333
18220000 334
18225000 332
18230000 332
18235000 333
18240000 333
18245000 333
18250000 333
18255000 333
18260000 332
18265000 331
18270000 331
18275000 331
18280000 329
18285000 330
18290000 330
18295000 331
18300000 331
18305000 330
18310000 330
18315000 330
18320000 329
18325000 330
18330000 330
18335000 330
18340000 330
18345000 330
18350000 330
18355000 329
18360000 329
18365000 328
18370000 328
18375000 327
18380000 328
18385000 327
18390000 327
18395000 327
18400000 327
18405000 327
18410000 326
18415000 326
18420000 325
18425000 326
18430000 326
18435000 326
18440000 326
18445000 326
18450000 326
18455000 326
18460000 327
18465000 327
18470000 327
18475000 327
18480000 327
18485000 327
18490000 326
18495000 327
18500000 328
18505000 327
18510000 327
18515000 327
18520000 327
18525000 327
18530000 327
18535000 327
18540000 327
18545000 327
18550000 329
18555000 331
18560000 332
18565000 332
18570000 332
18575000 332
18580000 332
18585000 332
18590000 333
18595000 333
18600000 333
18605000 333
18610000 333
18615000 333
18620000 332
18625000 332
18630000 332
18635000 332
18640000 335
18645000 335
18650000 335
18655000 335
18660000 333
18665000 332
18670000 334
18675000 335
18680000 335
18685000 335
18690000 334
18695000 334
18700000 334
18705000 334
18710000 334
18715000 333
18720000 333
18725000 333
18730000 331
18735000 332
18740000 332
18745000 331
18750000 332
18755000 332
18760000 331
18765000 332
18770000 332
18775000 331
18780000 330
18785000 330
18790000 330
18795000 330
18800000 331
18805000 332
18810000 331
18815000 331
18820000 330
18825000 332
18830000 332
18835000 331
18840000 330
18845000 332
18850000 332
18855000 334
18860000 334
18865000 334
18870000 334
18875000 334
18880000 335
18885000 335
18890000 335
18895000 335
18900000 335
18905000 334
18910000 335
18915000 335
18920000 332
18925000 334
18930000 334
18935000 334
18940000 332
18945000 334
18950000 334
18955000 335
18960000 335
18965000 335
18970000 334
18975000 335
18980000 336
18985000 336
18990000 337
18995000 336
19000000 336
19005000 336
19010000 336
19015000 336
19020000 336
19025000 334
19030000 335
19035000 337
19040000 336
19045000 334
19050000 335
19055000 336
19060000 336
19065000 337
19070000 336
19075000 335
19080000 334
19085000 333
19090000 334
19095000 334
19100000 335
19105000 335
19110000 335
19115000 335
19120000 335
19125000 335
19130000 333
19135000 332
19140000 333
19145000 333
19150000 332
19155000 331
19160000 331
19165000 332
19170000 332
19175000 332
19180000 332
19185000 332
19190000 332
19195000 332
19200000 332
19205000 332
19210000 332
19215000 331
19220000 331
19225000 331
19230000 331
19235000 332
19240000 331
19245000 331
19250000 331
19255000 331
19260000 332
19265000 332
19270000 332
19275000 332
19280000 332
19285000 331
19290000 330
19295000 330
19300000 329
19305000 328
19310000 328
19315000 329
19320000 329
19325000 329
19330000 329
19335000 329
19340000 330
19345000 330
19350000 329
19355000 330
19360000 330
19365000 329
19370000 331
19375000 331
19380000 331
19385000 331
19390000 331
19395000 330
19400000 328
19405000 332
19410000 332
19415000 332
19420000 331
19425000 331
19430000 331
19435000 331
19440000 331
19445000 331
19450000 332
19455000 332
19460000 331
19465000 331
19470000 331
19475000 331
19480000 331
19485000 331
19490000 331
19495000 331
19500000 332
19505000 330
19510000 330
19515000 330
19520000 332
19525000 333
19530000 332
19535000 333
19540000 333
19545000 333
19550000 333
19555000 332
19560000 332
19565000 332
19570000 332
19575000 332
19580000 332
19585000 331
19590000 332
19595000 332
19600000 331
19605000 332
19610000 332
19615000 332
19620000 332
19625000 331
19630000 331
19635000 331
19640000 331
19645000 331
19650000 331
19655000 331
19660000 331
19665000 329
19670000 329
19675000 328
19680000 328
19685000 327
19690000 328
19695000 330
19700000 330
19705000 330
19710000 330
19715000 330
19720000 330
19725000 330
19730000 329
19735000 329
19740000 328
19745000 328
19750000 329
19755000 330
19760000 330
19765000 328
19770000 328
19775000 328
19780000 328
19785000 329
19790000 330
19795000 329
19800000 328
19805000 329
19810000 328
19815000 328
19820000 328
19825000 328
19830000 329
19835000 329
19840000 329
19845000 329
19850000 329
19855000 329
19860000 329
19865000 330
19870000 331
19875000 332
19880000 332
19885000 332
19890000 332
19895000 333
19900000 334
19905000 333
19910000 333
19915000 333
19920000 333
19925000 333
19930000 333
19935000 333
19940000 333
19945000 333
19950000 334
19955000 334
19960000 335
19965000 335
19970000 335
19975000 334
19980000 333
19985000 334
19990000 334
19995000 334
20000000 333
20005000 334
20010000 334
20015000 333
20020000 333
20025000 333
20030000 334
20035000 334
20040000 334
20045000 333
20050000 334
20055000 334
20060000 334
20065000 334
20070000 334
20075000 334
20080000 334
20085000 334
20090000 333
20095000 332
20100000 333
20105000 334
20110000 333
20115000 333
20120000 332
20125000 331
20130000 332
20135000 331
20140000 331
20145000 332
20150000 331
20155000 331
20160000 330
20165000 330
20170000 330
20175000 330
20180000 330
20185000 330
20190000 330
20195000 330
20200000 330
20205000 330
20210000 331
20215000 331
20220000 331
20225000 331
20230000 331
20235000 331
20240000 330
20245000 331
20250000 331
20255000 331
20260000 331
20265000 331
20270000 331
20275000 331
20280000 332
20285000 332
20290000 331
20295000 331
20300000 330
20305000 330
20310000 331
20315000 330
20320000 331
20325000 331
20330000 330
20335000 330
20340000 330
20345000 330
20350000 330
20355000 330
20360000 330
20365000 330
20370000 330
20375000 330
20380000 331
20385000 331
20390000 331
20395000 332
20400000 332
20405000 332
20410000 331
20415000 331
20420000 331
20425000 331
20430000 331
20435000 330
20440000 330
20445000 330
20450000 329
20455000 328
20460000 330
20465000 328
20470000 328
20475000 327
20480000 328
20485000 328
20490000 328
20495000 328
20500000 330
20505000 330
20510000 329
20515000 329
20520000 329
20525000 328
20530000 328
20535000 328
20540000 328
20545000 328
20550000 328
20555000 328
20560000 328
20565000 328
20570000 328
20575000 327
20580000 329
20585000 329
20590000 329
20595000 329
20600000 329
20605000 328
20610000 329
20615000 330
20620000 331
20625000 331
20630000 331
20635000 329
20640000 330
20645000 330
20650000 330
20655000 329
20660000 330
20665000 330
20670000 330
20675000 328
20680000 329
20685000 329
20690000 329
20695000 329
20700000 329
20705000 329
20710000 329
20715000 330
20720000 330
20725000 330
20730000 330
20735000 330
20740000 330
20745000 329
20750000 331
20755000 331
20760000 330
20765000 330
20770000 330
20775000 330
20780000 329
20785000 329
20790000 329
20795000 329
20800000 329
20805000 328
20810000 328
20815000 328
20820000 327
20825000 328
20830000 328
20835000 328
20840000 328
20845000 328
20850000 328
20855000 326
20860000 326
20865000 326
20870000 326
20875000 326
20880000 325
20885000 325
20890000 324
20895000 324
20900000 324
20905000 324
20910000 324
20915000 324
20920000 323
20925000 323
20930000 323
20935000 324
20940000 324
20945000 325
20950000 324
20955000 325
20960000 326
20965000 326
20970000 324
20975000 327
20980000 327
20985000 327
20990000 327
20995000 327
21000000 327
21005000 327
21010000 326
21015000 327
21020000 327
21025000 328
21030000 329
21035000 329
21040000 329
21045000 329
21050000 329
21055000 329
21060000 330
21065000 330
21070000 330
21075000 328
21080000 328
21085000 328
21090000 328
21095000 328
21100000 329
21105000 329
21110000 329
21115000 329
21120000 328
21125000 328
21130000 328
21135000 328
21140000 328
21145000 329
21150000 329
21155000 329
21160000 329
21165000 329
21170000 329
21175000 327
21180000 327
21185000 327
21190000 327
21195000 327
21200000 328
21205000 328
21210000 327
21215000 327
21220000 329
21225000 329
21230000 329
21235000 329
21240000 328
21245000 328
21250000 326
21255000 328
21260000 327
21265000 327
21270000 328
21275000 328
21280000 327
21285000 328
21290000 329
21295000 328
21300000 328
21305000 329
21310000 328
21315000 327
21320000 327
21325000 328
21330000 329
21335000 328
21340000 329
21345000 329
21350000 329
21355000 329
21360000 330
21365000 331
21370000 331
21375000 331
21380000 332
21385000 332
21390000 331
21395000 331
21400000 331
21405000 332
21410000 331
21415000 332
21420000 333
21425000 334
21430000 333
21435000 334
21440000 334
21445000 333
21450000 334
21455000 335
21460000 335
21465000 335
21470000 336
21475000 336
21480000 336
21485000 337
21490000 336
21495000 336
21500000 336
21505000 335
21510000 337
21515000 339
21520000 339
21525000 338
21530000 338
21535000 339
21540000 339
21545000 339
21550000 340
21555000 340
21560000 340
21565000 341
21570000 341
21575000 340
21580000 339
21585000 339
21590000 339
21595000 338
21600000 337
21605000 337
21610000 337
21615000 337
21620000 336
21625000 336
21630000 337
21635000 338
21640000 338
21645000 338
21650000 338
21655000 338
21660000 337
21665000 337
21670000 337
21675000 337
21680000 337
21685000 337
21690000 336
21695000 336
21700000 336
21705000 336
21710000 337
21715000 337
21720000 337
21725000 337
21730000 337
21735000 337
21740000 336
21745000 337
21750000 338
21755000 338
21760000 339
21765000 339
21770000 339
21775000 338
21780000 339
21785000 340
21790000 340
21795000 339
21800000 340
21805000 340
21810000 340
21815000 340
21820000 340
21825000 340
21830000 339
21835000 340
21840000 339
21845000 340
21850000 340
21855000 339
21860000 340
21865000 341
21870000 341
21875000 341
21880000 341
21885000 341
21890000 342
21895000 341
21900000 341
21905000 341
21910000 341
21915000 342
21920000 341
21925000 342
21930000 343
21935000 341
21940000 341
21945000 340
21950000 339
21955000 338
21960000 338
21965000 337
21970000 338
21975000 340
21980000 340
21985000 339
21990000 339
21995000 338
22000000 339
22005000 339
22010000 339
22015000 339
22020000 340
22025000 339
22030000 339
22035000 339
22040000 340
22045000 340
22050000 340
22055000 339
22060000 339
22065000 339
22070000 339
22075000 339
22080000 338
22085000 338
22090000 338
22095000 339
22100000 340
22105000 340
22110000 340
22115000 339
22120000 338
22125000 339
22130000 337
22135000 339
22140000 339
22145000 340
22150000 339
22155000 338
22160000 338
22165000 339
22170000 339
22175000 338
22180000 338
22185000 339
22190000 338
22195000 339
22200000 339
22205000 339
22210000 339
22215000 339
22220000 338
22225000 336
22230000 336
22235000 337
22240000 336
22245000 338
22250000 338
22255000 338
22260000 338
22265000 338
22270000 337
22275000 337
22280000 338
22285000 337
22290000 337
22295000 335
22300000 334
22305000 334
22310000 335
22315000 336
22320000 335
22325000 336
22330000 336
22335000 334
22340000 336
22345000 335
22350000 335
22355000 334
22360000 334
22365000 334
22370000 333
22375000 333
22380000 333
22385000 333
22390000 333
22395000 334
22400000 334
22405000 333
22410000 332
22415000 332
22420000 332
22425000 332
22430000 332
22435000 331
22440000 330
22445000 330
22450000 329
22455000 331
22460000 331
22465000 331
22470000 332
22475000 332
22480000 332
22485000 332
22490000 331
22495000 331
22500000 331
22505000 331
22510000 331
22515000 332
22520000 332
22525000 332
22530000 332
22535000 332
22540000 331
22545000 331
22550000 332
22555000 332
22560000 331
22565000 330
22570000 329
22575000 329
22580000 329
22585000 329
22590000 328
22595000 329
22600000 326
22605000 328
22610000 330
22615000 330
22620000 330
22625000 329
22630000 329
22635000 330
22640000 329
22645000 331
22650000 332
22655000 331
22660000 331
22665000 331
22670000 331
22675000 332
22680000 332
22685000 333
22690000 333
22695000 335
22700000 335
22705000 335
22710000 335
22715000 334
22720000 335
22725000 335
22730000 334
22735000 334
22740000 334
22745000 334
22750000 334
22755000 336
22760000 336
22765000 336
22770000 336
22775000 336
22780000 335
22785000 335
22790000 334
22795000 334
22800000 333
22805000 332
22810000 332
22815000 332
22820000 332
22825000 333
22830000 333
22835000 333
22840000 332
22845000 332
22850000 331
22855000 331
22860000 331
22865000 331
22870000 330
22875000 330
22880000 331
22885000 331
22890000 331
22895000 331
22900000 330
22905000 329
22910000 329
22915000 328
22920000 329
22925000 330
22930000 330
22935000 331
22940000 331
22945000 331
22950000 331
22955000 331
22960000 331
22965000 331
22970000 331
22975000 331
22980000 330
22985000 329
22990000 329
22995000 328
23000000 330
23005000 330
23010000 330
23015000 329
23020000 329
23025000 329
23030000 329
23035000 329
23040000 329
23045000 329
23050000 328
23055000 328
23060000 328
23065000 327
23070000 327
23075000 327
23080000 327
23085000 327
23090000 325
23095000 325
23100000 325
23105000 325
23110000 324
23115000 323
23120000 326
23125000 326
23130000 326
23135000 325
23140000 325
23145000 325
23150000 325
23155000 324
23160000 324
23165000 324
23170000 323
23175000 323
23180000 323
23185000 323
23190000 323
23195000 323
23200000 321
23205000 321
23210000 321
23215000 320
23220000 320
23225000 320
23230000 321
23235000 321
23240000 321
23245000 321
23250000 321
23255000 321
23260000 321
23265000 321
23270000 323
23275000 323
23280000 324
23285000 324
23290000 323
23295000 324
23300000 323
23305000 323
23310000 324
23315000 324
23320000 324
23325000 323
23330000 323
23335000 322
23340000 324
23345000 325
23350000 326
23355000 326
23360000 326
23365000 326
23370000 327
23375000 325
23380000 326
23385000 325
23390000 325
23395000 326
23400000 327
23405000 327
23410000 327
23415000 327
23420000 328
23425000 328
23430000 329
23435000 329
23440000 330
23445000 330
23450000 329
23455000 329
23460000 329
23465000 330
23470000 331
23475000 331
23480000 330
23485000 328
23490000 329
23495000 329
23500000 331
23505000 332
23510000 332
23515000 332
23520000 332
23525000 329
23530000 330
23535000 331
23540000 331
23545000 330
23550000 329
23555000 330
23560000 330
23565000 330
23570000 330
23575000 330
23580000 330
23585000 329
23590000 329
23595000 329
23600000 329
23605000 330
23610000 329
23615000 328
23620000 329
23625000 329
23630000 328
23635000 329
23640000 329
23645000 329
23650000 330
23655000 329
23660000 328
23665000 328
23670000 328
23675000 328
23680000 328
23685000 328
23690000 327
23695000 327
23700000 328
23705000 327
23710000 327
23715000 327
23720000 327
23725000 327
23730000 327
23735000 327
23740000 327
23745000 327
23750000 327
23755000 327
23760000 326
23765000 327
23770000 327
23775000 328
23780000 328
23785000 328
23790000 328
23795000 326
23800000 327
23805000 327
23810000 327
23815000 327
23820000 327
23825000 327
23830000 326
23835000 325
23840000 325
23845000 325
23850000 324
23855000 325
23860000 325
23865000 325
23870000 325
23875000 326
23880000 326
23885000 326
23890000 326
23895000 326
23900000 325
23905000 324
23910000 324
23915000 326
23920000 326
23925000 327
23930000 327
23935000 328
23940000 328
23945000 328
23950000 328
23955000 328
23960000 330
23965000 330
23970000 330
23975000 328
23980000 329
23985000 329
23990000 329
23995000 329
24000000 330
24005000 330
24010000 329
24015000 329
24020000 330
24025000 329
24030000 328
24035000 327
24040000 326
24045000 324
24050000 326
24055000 326
24060000 327
24065000 327
24070000 327
24075000 327
24080000 326
24085000 326
24090000 327
24095000 327
24100000 327
24105000 327
24110000 327
24115000 327
24120000 327
24125000 327
24130000 327
24135000 326
24140000 329
24145000 329
24150000 329
24155000 330
24160000 328
24165000 330
24170000 329
24175000 328
24180000 328
24185000 328
24190000 326
24195000 325
24200000 326
24205000 326
24210000 325
24215000 325
24220000 324
24225000 324
24230000 324
24235000 324
24240000 324
24245000 324
24250000 323
24255000 323
24260000 324
24265000 324
24270000 325
24275000 325
24280000 326
24285000 326
24290000 326
24295000 327
24300000 327
24305000 326
24310000 327
24315000 328
24320000 328
24325000 328
24330000 328
24335000 328
24340000 328
24345000 329
24350000 329
24355000 330
24360000 330
24365000 330
24370000 328
24375000 329
24380000 329
24385000 329
24390000 329
24395000 329
24400000 331
24405000 331
24410000 331
24415000 331
24420000 330
24425000 329
24430000 329
24435000 329
24440000 330
24445000 329
24450000 328
24455000 328
24460000 329
24465000 329
24470000 328
24475000 329
24480000 329
24485000 329
24490000 330
24495000 330
24500000 330
24505000 330
24510000 329
24515000 330
24520000 330
24525000 330
24530000 329
24535000 328
24540000 328
24545000 328
24550000 330
24555000 329
24560000 329
24565000 329
24570000 329
24575000 328
24580000 328
24585000 330
24590000 330
24595000 330
24600000 330
24605000 331
24610000 331
24615000 331
24620000 331
24625000 330
24630000 330
24635000 330
24640000 330
24645000 331
24650000 332
24655000 332
24660000 332
24665000 332
24670000 332
24675000 333
24680000 334
24685000 332
24690000 332
24695000 332
24700000 332
24705000 332
24710000 335
24715000 334
24720000 334
24725000 334
24730000 335
24735000 334
24740000 334
24745000 333
24750000 334
24755000 334
24760000 333
24765000 333
24770000 333
24775000 333
24780000 333
24785000 332
24790000 333
24795000 334
24800000 334
24805000 334
24810000 334
24815000 332
24820000 333
24825000 332
24830000 334
24835000 335
24840000 335
24845000 335
24850000 335
24855000 334
24860000 333
24865000 333
24870000 333
24875000 334
24880000 335
24885000 336
24890000 336
24895000 336
24900000 334
24905000 335
24910000 335
24915000 335
24920000 335
24925000 335
24930000 336
24935000 336
24940000 335
24945000 335
24950000 334
24955000 334
24960000 335
24965000 335
24970000 335
24975000 335
24980000 336
24985000 336
24990000 337
24995000 336
25000000 335
25005000 336
25010000 336
