210000 15
215000 9
220000 23
225000 18
230000 12
235000 22
240000 17
245000 22
250000 22
255000 24
260000 22
265000 17
270000 19
275000 18
280000 23
285000 14
290000 13
295000 23
300000 13
305000 16
310000 16
315000 21
320000 16
325000 22
330000 21
335000 13
340000 24
345000 20
350000 19
355000 26
360000 20
365000 18
370000 19
375000 27
380000 16
385000 20
390000 18
395000 20
400000 19
405000 15
410000 21
415000 19
420000 11
425000 17
430000 17
435000 18
440000 17
445000 20
450000 16
455000 12
460000 20
465000 16
470000 17
475000 17
480000 14
485000 14
490000 21
495000 19
500000 19
505000 13
510000 22
515000 23
520000 25
525000 20
530000 21
535000 12
540000 16
545000 17
550000 14
555000 22
560000 22
565000 25
570000 17
575000 13
580000 21
585000 17
590000 24
595000 19
600000 28
605000 25
610000 27
615000 24
620000 20
625000 19
630000 11
635000 20
640000 20
645000 14
650000 17
655000 15
660000 23
665000 19
670000 22
675000 21
680000 20
685000 21
690000 17
695000 14
700000 19
705000 20
710000 17
715000 12
720000 22
725000 21
730000 22
735000 28
740000 15
745000 24
750000 19
755000 18
760000 21
765000 17
770000 21
775000 18
780000 21
785000 20
790000 22
795000 15
800000 22
805000 19
810000 19
815000 21
820000 16
825000 15
830000 18
835000 14
840000 24
845000 28
850000 17
855000 19
860000 17
865000 15
870000 21
875000 15
880000 13
885000 19
890000 18
895000 22
900000 15
905000 17
910000 23
915000 22
920000 18
925000 16
930000 24
935000 17
940000 22
945000 16
950000 13
955000 16
960000 22
965000 19
970000 14
975000 22
980000 25
985000 21
990000 21
995000 19
1000000 25
1005000 24
1010000 22
1015000 21
1020000 24
1025000 24
1030000 18
1035000 23
1040000 13
1045000 24
1050000 19
1055000 19
1060000 26
1065000 24
1070000 21
1075000 23
1080000 21
1085000 18
1090000 20
1095000 14
1100000 20
1105000 22
1110000 16
1115000 16
1120000 23
1125000 21
1130000 20
1135000 17
1140000 21
1145000 16
1150000 25
1155000 21
1160000 18
1165000 21
1170000 17
1175000 20
1180000 23
1185000 23
1190000 22
1195000 18
1200000 15
1205000 15
1210000 16
1215000 16
1220000 17
1225000 14
1230000 18
1235000 22
1240000 21
1245000 17
1250000 16
1255000 17
1260000 14
1265000 20
1270000 17
1275000 22
1280000 26
1285000 19
1290000 18
1295000 22
1300000 17
1305000 13
1310000 23
1315000 15
1320000 13
1325000 11
1330000 18
1335000 21
1340000 18
1345000 16
1350000 20
1355000 16
1360000 14
1365000 17
1370000 26
1375000 25
1380000 17
1385000 24
1390000 21
1395000 18
1400000 15
1405000 18
1410000 14
1415000 20
1420000 13
1425000 19
1430000 20
1435000 17
1440000 15
1445000 18
1450000 19
1455000 28
1460000 20
1465000 23
1470000 26
1475000 18
1480000 14
1485000 17
1490000 18
1495000 22
1500000 20
1505000 22
1510000 18
1515000 22
1520000 16
1525000 22
1530000 21
1535000 23
1540000 20
1545000 15
1550000 18
1555000 16
1560000 13
1565000 20
1570000 17
1575000 24
1580000 26
1585000 20
1590000 18
1595000 23
1600000 22
1605000 18
1610000 16
1615000 16
1620000 22
1625000 22
1630000 19
1635000 15
1640000 16
1645000 17
1650000 17
1655000 13
1660000 18
1665000 16
1670000 18
1675000 24
1680000 23
1685000 20
1690000 30
1695000 17
1700000 18
1705000 15
1710000 16
1715000 20
1720000 18
1725000 22
1730000 25
1735000 26
1740000 17
1745000 19
1750000 16
1755000 19
1760000 18
1765000 18
1770000 17
1775000 15
1780000 17
1785000 12
1790000 21
1795000 25
1800000 13
1805000 17
1810000 13
1815000 13
1820000 23
1825000 16
1830000 15
1835000 23
1840000 20
1845000 19
1850000 16
1855000 23
1860000 18
1865000 17
1870000 22
1875000 24
1880000 15
1885000 20
1890000 23
1895000 21
1900000 16
1905000 19
1910000 14
1915000 21
1920000 13
1925000 17
1930000 26
1935000 14
1940000 21
1945000 17
1950000 19
1955000 18
1960000 19
1965000 12
1970000 16
1975000 17
1980000 21
1985000 17
1990000 17
1995000 18
2000000 14
2005000 18
2010000 19
2015000 23
2020000 21
2025000 18
2030000 15
2035000 16
2040000 17
2045000 16
2050000 13
2055000 17
2060000 17
2065000 24
2070000 18
2075000 25
2080000 22
2085000 19
2090000 19
2095000 21
2100000 17
2105000 20
2110000 23
2115000 20
2120000 20
2125000 15
2130000 25
2135000 22
2140000 22
2145000 22
2150000 29
2155000 25
2160000 23
2165000 23
2170000 17
2175000 17
2180000 20
2185000 18
2190000 19
2195000 20
2200000 20
2205000 19
2210000 23
2215000 21
2220000 22
2225000 23
2230000 27
2235000 15
2240000 25
2245000 22
2250000 21
2255000 15
2260000 20
2265000 26
2270000 13
2275000 18
2280000 14
2285000 20
2290000 24
2295000 21
2300000 15
2305000 23
2310000 13
2315000 19
2320000 17
2325000 15
2330000 18
2335000 19
2340000 20
2345000 22
2350000 20
2355000 14
2360000 24
2365000 20
2370000 20
2375000 22
2380000 23
2385000 21
2390000 20
2395000 19
2400000 24
2405000 10
2410000 22
2415000 12
2420000 18
2425000 14
2430000 23
2435000 23
2440000 29
2445000 19
2450000 24
2455000 18
2460000 18
2465000 20
2470000 21
2475000 12
2480000 21
2485000 24
2490000 21
2495000 24
2500000 18
2505000 16
2510000 19
2515000 12
2520000 21
2525000 15
2530000 17
2535000 14
2540000 21
2545000 11
2550000 15
2555000 18
2560000 12
2565000 19
2570000 16
2575000 13
2580000 13
2585000 16
2590000 20
2595000 18
2600000 24
2605000 17
2610000 17
2615000 24
2620000 20
2625000 19
2630000 20
2635000 24
2640000 21
2645000 22
2650000 20
2655000 20
2660000 16
2665000 18
2670000 22
2675000 19
2680000 18
2685000 21
2690000 16
2695000 15
2700000 14
2705000 10
2710000 19
2715000 15
2720000 20
2725000 27
2730000 22
2735000 28
2740000 21
2745000 22
2750000 25
2755000 21
2760000 24
2765000 19
2770000 15
2775000 14
2780000 22
2785000 18
2790000 17
2795000 21
2800000 26
2805000 23
2810000 20
2815000 17
2820000 22
2825000 16
2830000 14
2835000 18
2840000 17
2845000 26
2850000 23
2855000 16
2860000 24
2865000 16
2870000 23
2875000 18
2880000 17
2885000 28
2890000 12
2895000 14
2900000 19
2905000 24
2910000 12
2915000 21
2920000 19
2925000 18
2930000 19
2935000 25
2940000 16
2945000 18
2950000 27
2955000 21
2960000 17
2965000 29
2970000 25
2975000 21
2980000 23
2985000 20
2990000 12
2995000 15
3000000 19
3005000 16
3010000 21
3015000 11
3020000 17
3025000 14
3030000 17
3035000 29
3040000 12
3045000 16
3050000 16
3055000 18
3060000 21
3065000 13
3070000 12
3075000 18
3080000 16
3085000 22
3090000 22
3095000 20
3100000 21
3105000 19
3110000 20
3115000 15
3120000 28
3125000 15
3130000 20
3135000 19
3140000 27
3145000 19
3150000 12
3155000 15
3160000 20
3165000 15
3170000 17
3175000 16
3180000 15
3185000 22
3190000 21
3195000 20
3200000 17
3205000 28
3210000 19
3215000 23
3220000 19
3225000 21
3230000 14
3235000 27
3240000 19
3245000 26
3250000 24
3255000 20
3260000 18
3265000 16
3270000 16
3275000 16
3280000 13
3285000 23
3290000 15
3295000 15
3300000 23
3305000 22
3310000 18
3315000 19
3320000 20
3325000 13
3330000 20
3335000 24
3340000 20
3345000 18
3350000 17
3355000 17
3360000 20
3365000 21
3370000 19
3375000 14
3380000 15
3385000 26
3390000 20
3395000 17
3400000 13
3405000 19
3410000 23
3415000 26
3420000 15
3425000 23
3430000 23
3435000 21
3440000 16
3445000 23
3450000 18
3455000 28
3460000 17
3465000 21
3470000 18
3475000 12
3480000 19
3485000 15
3490000 18
3495000 15
3500000 13
3505000 16
3510000 15
3515000 16
3520000 21
3525000 13
3530000 17
3535000 24
3540000 14
3545000 20
3550000 20
3555000 17
3560000 15
3565000 22
3570000 17
3575000 19
3580000 23
3585000 26
3590000 21
3595000 17
3600000 17
3605000 20
3610000 16
3615000 14
3620000 18
3625000 18
3630000 24
3635000 27
3640000 21
3645000 22
3650000 32
3655000 26
3660000 17
3665000 19
3670000 26
3675000 19
3680000 13
3685000 16
3690000 21
3695000 20
3700000 21
3705000 15
3710000 18
3715000 15
3720000 18
3725000 16
3730000 14
3735000 11
3740000 20
3745000 27
3750000 25
3755000 13
3760000 13
3765000 10
3770000 18
3775000 25
3780000 17
3785000 23
3790000 16
3795000 17
3800000 16
3805000 21
3810000 19
3815000 14
3820000 20
3825000 16
3830000 20
3835000 22
3840000 17
3845000 21
3850000 20
3855000 14
3860000 20
3865000 24
3870000 17
3875000 21
3880000 17
3885000 15
3890000 15
3895000 18
3900000 21
3905000 16
3910000 20
3915000 19
3920000 17
3925000 19
3930000 20
3935000 20
3940000 18
3945000 23
3950000 20
3955000 16
3960000 25
3965000 17
3970000 25
3975000 25
3980000 18
3985000 19
3990000 23
3995000 19
4000000 21
4005000 17
4010000 24
4015000 20
4020000 21
4025000 18
4030000 15
4035000 20
4040000 24
4045000 14
4050000 17
4055000 26
4060000 19
4065000 21
4070000 17
4075000 17
4080000 14
4085000 10
4090000 9
4095000 16
4100000 20
4105000 16
4110000 19
4115000 12
4120000 15
4125000 14
4130000 20
4135000 18
4140000 25
4145000 18
4150000 19
4155000 21
4160000 20
4165000 18
4170000 19
4175000 26
4180000 22
4185000 23
4190000 26
4195000 21
4200000 20
4205000 25
4210000 19
4215000 23
4220000 17
4225000 23
4230000 21
4235000 24
4240000 19
4245000 29
4250000 22
4255000 25
4260000 25
4265000 16
4270000 19
4275000 14
4280000 18
4285000 16
4290000 16
4295000 21
4300000 20
4305000 18
4310000 16
4315000 19
4320000 28
4325000 21
4330000 29
4335000 24
4340000 16
4345000 24
4350000 17
4355000 14
4360000 11
4365000 20
4370000 23
4375000 22
4380000 11
4385000 21
4390000 23
4395000 17
4400000 30
4405000 24
4410000 25
4415000 21
4420000 15
4425000 20
4430000 15
4435000 15
4440000 16
4445000 18
4450000 23
4455000 16
4460000 24
4465000 22
4470000 21
4475000 17
4480000 19
4485000 21
4490000 19
4495000 20
4500000 17
4505000 22
4510000 25
4515000 23
4520000 15
4525000 14
4530000 17
4535000 18
4540000 21
4545000 20
4550000 21
4555000 17
4560000 16
4565000 14
4570000 17
4575000 23
4580000 22
4585000 18
4590000 24
4595000 15
4600000 20
4605000 20
4610000 17
4615000 15
4620000 23
4625000 18
4630000 22
4635000 16
4640000 19
4645000 21
4650000 19
4655000 22
4660000 20
4665000 29
4670000 24
4675000 18
4680000 17
4685000 19
4690000 15
4695000 13
4700000 14
4705000 6
4710000 15
4715000 13
4720000 17
4725000 17
4730000 18
4735000 18
4740000 21
4745000 17
4750000 15
4755000 22
4760000 17
4765000 16
4770000 23
4775000 24
4780000 22
4785000 21
4790000 14
4795000 19
4800000 18
4805000 19
4810000 21
4815000 25
4820000 15
4825000 12
4830000 13
4835000 17
4840000 13
4845000 21
4850000 20
4855000 16
4860000 17
4865000 20
4870000 17
4875000 18
4880000 17
4885000 14
4890000 14
4895000 19
4900000 23
4905000 22
4910000 16
4915000 16
4920000 21
4925000 22
4930000 20
4935000 25
4940000 27
4945000 22
4950000 25
4955000 16
4960000 25
4965000 22
4970000 15
4975000 29
4980000 23
4985000 15
4990000 16
4995000 24
5000000 20
5005000 16
5010000 16
5015000 20
5020000 19
5025000 14
5030000 22
5035000 23
5040000 26
5045000 22
5050000 19
5055000 20
5060000 25
5065000 24
5070000 21
5075000 18
5080000 25
5085000 8
5090000 14
5095000 18
5100000 17
5105000 20
5110000 17
5115000 21
5120000 16
5125000 13
5130000 25
5135000 17
5140000 21
5145000 23
5150000 15
5155000 21
5160000 18
5165000 18
5170000 17
5175000 25
5180000 20
5185000 18
5190000 21
5195000 19
5200000 14
5205000 11
5210000 25
5215000 16
5220000 22
5225000 17
5230000 28
5235000 18
5240000 19
5245000 25
5250000 28
5255000 18
5260000 20
5265000 15
5270000 19
5275000 24
5280000 22
5285000 22
5290000 19
5295000 17
5300000 23
5305000 20
5310000 21
5315000 23
5320000 22
5325000 22
5330000 13
5335000 19
5340000 24
5345000 17
5350000 22
5355000 24
5360000 18
5365000 22
5370000 19
5375000 15
5380000 25
5385000 20
5390000 20
5395000 22
5400000 24
5405000 33
5410000 19
5415000 17
5420000 12
5425000 17
5430000 12
5435000 17
5440000 13
5445000 26
5450000 21
5455000 21
5460000 23
5465000 26
5470000 19
5475000 22
5480000 19
5485000 17
5490000 23
5495000 18
5500000 21
5505000 17
5510000 19
5515000 23
5520000 18
5525000 16
5530000 14
5535000 20
5540000 17
5545000 24
5550000 21
5555000 13
5560000 19
5565000 17
5570000 21
5575000 22
5580000 22
5585000 20
5590000 12
5595000 15
5600000 17
5605000 14
5610000 24
5615000 17
5620000 22
5625000 13
5630000 14
5635000 26
5640000 18
5645000 20
5650000 23
5655000 21
5660000 19
5665000 21
5670000 21
5675000 25
5680000 24
5685000 24
5690000 17
5695000 22
5700000 18
5705000 16
5710000 16
5715000 17
5720000 11
5725000 22
5730000 21
5735000 15
5740000 21
5745000 23
5750000 23
5755000 22
5760000 16
5765000 17
5770000 20
5775000 21
5780000 21
5785000 23
5790000 18
5795000 20
5800000 26
5805000 19
5810000 11
5815000 22
5820000 18
5825000 11
5830000 21
5835000 19
5840000 16
5845000 26
5850000 19
5855000 21
5860000 15
5865000 17
5870000 18
5875000 15
5880000 8
5885000 12
5890000 19
5895000 22
5900000 25
5905000 18
5910000 19
5915000 14
5920000 19
5925000 16
5930000 21
5935000 21
5940000 17
5945000 24
5950000 19
5955000 8
5960000 10
5965000 16
5970000 18
5975000 19
5980000 18
5985000 17
5990000 26
5995000 18
6000000 22
6005000 19
6010000 16
6015000 24
6020000 23
6025000 26
6030000 22
6035000 22
6040000 17
6045000 19
6050000 12
6055000 21
6060000 28
6065000 16
6070000 14
6075000 11
6080000 18
6085000 20
6090000 21
6095000 22
6100000 18
6105000 22
6110000 15
6115000 19
6120000 15
6125000 21
6130000 21
6135000 15
6140000 17
6145000 23
6150000 24
6155000 27
6160000 20
6165000 14
6170000 19
6175000 25
6180000 11
6185000 13
6190000 15
6195000 19
6200000 18
6205000 23
6210000 21
6215000 15
6220000 22
6225000 21
6230000 18
6235000 15
6240000 17
6245000 18
6250000 10
6255000 14
6260000 27
6265000 19
6270000 26
6275000 22
6280000 16
6285000 15
6290000 26
6295000 22
6300000 14
6305000 12
6310000 29
6315000 17
6320000 26
6325000 25
6330000 24
6335000 19
6340000 22
6345000 20
6350000 15
6355000 16
6360000 24
6365000 17
6370000 22
6375000 21
6380000 19
6385000 21
6390000 17
6395000 21
6400000 22
6405000 24
6410000 25
6415000 15
6420000 19
6425000 13
6430000 20
6435000 17
6440000 27
6445000 22
6450000 15
6455000 19
6460000 14
6465000 16
6470000 12
6475000 21
6480000 22
6485000 17
6490000 24
6495000 18
6500000 17
6505000 18
6510000 12
6515000 13
6520000 17
6525000 20
6530000 19
6535000 22
6540000 19
6545000 23
6550000 20
6555000 15
6560000 23
6565000 18
6570000 19
6575000 16
6580000 27
6585000 17
6590000 13
6595000 18
6600000 19
6605000 19
6610000 21
6615000 21
6620000 24
6625000 12
6630000 17
6635000 18
6640000 12
6645000 15
6650000 12
6655000 17
6660000 18
6665000 25
6670000 10
6675000 20
6680000 14
6685000 21
6690000 12
6695000 21
6700000 17
6705000 17
6710000 17
6715000 16
6720000 11
6725000 16
6730000 18
6735000 25
6740000 14
6745000 30
6750000 24
6755000 20
6760000 16
6765000 22
6770000 17
6775000 19
6780000 20
6785000 23
6790000 20
6795000 20
6800000 17
6805000 17
6810000 20
6815000 23
6820000 19
6825000 20
6830000 16
6835000 16
6840000 19
6845000 21
6850000 12
6855000 22
6860000 17
6865000 14
6870000 19
6875000 9
6880000 24
6885000 18
6890000 23
6895000 21
6900000 22
6905000 17
6910000 21
6915000 19
6920000 13
6925000 22
6930000 25
6935000 19
6940000 22
6945000 19
6950000 20
6955000 20
6960000 17
6965000 20
6970000 26
6975000 17
6980000 23
6985000 21
6990000 23
6995000 21
7000000 15
7005000 19
7010000 20
7015000 22
7020000 18
7025000 25
7030000 27
7035000 20
7040000 18
7045000 17
7050000 23
7055000 20
7060000 23
7065000 16
7070000 21
7075000 24
7080000 22
7085000 19
7090000 26
7095000 21
7100000 17
7105000 14
7110000 21
7115000 18
7120000 14
7125000 20
7130000 23
7135000 18
7140000 17
7145000 23
7150000 21
7155000 19
7160000 19
7165000 29
7170000 19
7175000 24
7180000 12
7185000 24
7190000 18
7195000 23
7200000 16
7205000 16
7210000 17
7215000 17
7220000 13
7225000 14
7230000 13
7235000 16
7240000 24
7245000 19
7250000 15
7255000 16
7260000 15
7265000 19
7270000 16
7275000 21
7280000 18
7285000 15
7290000 27
7295000 17
7300000 15
7305000 14
7310000 8
7315000 18
7320000 18
7325000 18
7330000 21
7335000 16
7340000 18
7345000 19
7350000 22
7355000 19
7360000 20
7365000 19
7370000 20
7375000 11
7380000 19
7385000 20
7390000 22
7395000 15
7400000 20
7405000 25
7410000 16
7415000 11
7420000 15
7425000 15
7430000 17
7435000 18
7440000 13
7445000 17
7450000 22
7455000 20
7460000 23
7465000 23
7470000 24
7475000 19
7480000 18
7485000 18
7490000 17
7495000 9
7500000 22
7505000 13
7510000 16
7515000 15
7520000 13
7525000 14
7530000 23
7535000 21
7540000 23
7545000 16
7550000 12
7555000 20
7560000 21
7565000 19
7570000 17
7575000 16
7580000 17
7585000 16
7590000 15
7595000 21
7600000 20
7605000 20
7610000 19
7615000 20
7620000 24
7625000 21
7630000 16
7635000 18
7640000 25
7645000 21
7650000 18
7655000 14
7660000 13
7665000 21
7670000 17
7675000 16
7680000 12
7685000 13
7690000 17
7695000 18
7700000 18
7705000 16
7710000 18
7715000 15
7720000 18
7725000 13
7730000 17
7735000 20
7740000 16
7745000 18
7750000 15
7755000 18
7760000 20
7765000 22
7770000 22
7775000 23
7780000 32
7785000 23
7790000 16
7795000 18
7800000 24
7805000 15
7810000 13
7815000 20
7820000 23
7825000 11
7830000 17
7835000 12
7840000 21
7845000 17
7850000 18
7855000 14
7860000 17
7865000 15
7870000 18
7875000 22
7880000 17
7885000 17
7890000 13
7895000 17
7900000 20
7905000 16
7910000 17
7915000 17
7920000 17
7925000 12
7930000 13
7935000 18
7940000 14
7945000 24
7950000 25
7955000 13
7960000 22
7965000 26
7970000 12
7975000 22
7980000 22
7985000 17
7990000 21
7995000 17
8000000 13
8005000 14
8010000 18
8015000 13
8020000 25
8025000 19
8030000 22
8035000 15
8040000 16
8045000 18
8050000 24
8055000 18
8060000 18
8065000 23
8070000 13
8075000 17
8080000 19
8085000 20
8090000 18
8095000 19
8100000 21
8105000 19
8110000 19
8115000 16
8120000 23
8125000 25
8130000 20
8135000 21
8140000 13
8145000 18
8150000 15
8155000 24
8160000 23
8165000 23
8170000 22
8175000 22
8180000 28
8185000 17
8190000 14
8195000 22
8200000 22
8205000 15
8210000 12
8215000 15
8220000 18
8225000 16
8230000 22
8235000 15
8240000 15
8245000 17
8250000 17
8255000 22
8260000 13
8265000 21
8270000 17
8275000 15
8280000 21
8285000 20
8290000 21
8295000 19
8300000 20
8305000 18
8310000 19
8315000 24
8320000 25
8325000 21
8330000 23
8335000 21
8340000 22
8345000 22
8350000 22
8355000 22
8360000 23
8365000 19
8370000 20
8375000 27
8380000 21
8385000 21
8390000 15
8395000 16
8400000 17
8405000 21
8410000 19
8415000 18
8420000 21
8425000 19
8430000 18
8435000 18
8440000 17
8445000 16
8450000 23
8455000 19
8460000 18
8465000 12
8470000 21
8475000 19
8480000 14
8485000 15
8490000 16
8495000 15
8500000 19
8505000 22
8510000 24
8515000 20
8520000 21
8525000 22
8530000 17
8535000 21
8540000 25
8545000 17
8550000 22
8555000 19
8560000 19
8565000 22
8570000 20
8575000 20
8580000 21
8585000 23
8590000 16
8595000 21
8600000 18
8605000 11
8610000 21
8615000 12
8620000 19
8625000 15
8630000 14
8635000 22
8640000 13
8645000 19
8650000 17
8655000 13
8660000 16
8665000 14
8670000 15
8675000 12
8680000 16
8685000 20
8690000 19
8695000 16
8700000 21
8705000 22
8710000 24
8715000 15
8720000 21
8725000 13
8730000 16
8735000 24
8740000 21
8745000 24
8750000 22
8755000 24
8760000 26
8765000 21
8770000 15
8775000 21
8780000 22
8785000 15
8790000 16
8795000 15
8800000 19
8805000 22
8810000 19
8815000 19
8820000 23
8825000 16
8830000 18
8835000 13
8840000 26
8845000 20
8850000 18
8855000 15
8860000 34
8865000 26
8870000 25
8875000 23
8880000 21
8885000 14
8890000 17
8895000 19
8900000 26
8905000 18
8910000 21
8915000 20
8920000 21
8925000 17
8930000 17
8935000 22
8940000 26
8945000 17
8950000 25
8955000 19
8960000 27
8965000 18
8970000 17
8975000 13
8980000 17
8985000 23
8990000 14
8995000 19
9000000 25
9005000 16
9010000 15
9015000 22
9020000 24
9025000 12
9030000 16
9035000 18
9040000 24
9045000 20
9050000 21
9055000 23
9060000 16
9065000 19
9070000 15
9075000 23
9080000 23
9085000 21
9090000 24
9095000 20
9100000 15
9105000 19
9110000 17
9115000 20
9120000 23
9125000 21
9130000 21
9135000 18
9140000 25
9145000 22
9150000 23
9155000 16
9160000 17
9165000 23
9170000 22
9175000 17
9180000 26
9185000 19
9190000 16
9195000 11
9200000 16
9205000 18
9210000 14
9215000 20
9220000 18
9225000 18
9230000 20
9235000 16
9240000 14
9245000 21
9250000 18
9255000 16
9260000 19
9265000 20
9270000 24
9275000 15
9280000 13
9285000 13
9290000 18
9295000 18
9300000 20
9305000 18
9310000 16
9315000 20
9320000 17
9325000 17
9330000 18
9335000 22
9340000 18
9345000 23
9350000 21
9355000 14
9360000 18
9365000 25
9370000 20
9375000 23
9380000 23
9385000 18
9390000 13
9395000 15
9400000 17
9405000 20
9410000 23
9415000 18
9420000 16
9425000 19
9430000 20
9435000 13
9440000 20
9445000 9
9450000 20
9455000 30
9460000 23
9465000 21
9470000 23
9475000 22
9480000 23
9485000 27
9490000 14
9495000 16
9500000 16
9505000 17
9510000 20
9515000 16
9520000 16
9525000 36
9530000 21
9535000 18
9540000 16
9545000 27
9550000 22
9555000 19
9560000 15
9565000 20
9570000 16
9575000 19
9580000 17
9585000 13
9590000 10
9595000 16
9600000 21
9605000 20
9610000 21
9615000 19
9620000 19
9625000 22
9630000 18
9635000 20
9640000 15
9645000 20
9650000 21
9655000 23
9660000 21
9665000 18
9670000 20
9675000 24
9680000 23
9685000 18
9690000 17
9695000 18
9700000 16
9705000 22
9710000 20
9715000 24
9720000 22
9725000 24
9730000 20
9735000 26
9740000 23
9745000 19
9750000 15
9755000 23
9760000 19
9765000 17
9770000 17
9775000 26
9780000 20
9785000 16
9790000 18
9795000 18
9800000 19
9805000 17
9810000 24
9815000 20
9820000 24
9825000 20
9830000 17
9835000 16
9840000 24
9845000 22
9850000 26
9855000 16
9860000 20
9865000 25
9870000 21
9875000 17
9880000 16
9885000 22
9890000 18
9895000 23
9900000 19
9905000 18
9910000 20
9915000 18
9920000 21
9925000 11
9930000 17
9935000 22
9940000 19
9945000 15
9950000 21
9955000 22
9960000 17
9965000 17
9970000 21
9975000 23
9980000 16
9985000 16
9990000 23
9995000 20
10000000 17
10005000 21
10010000 25
10015000 17
10020000 16
10025000 16
10030000 17
10035000 25
10040000 12
10045000 17
10050000 18
10055000 15
10060000 31
10065000 24
10070000 20
10075000 16
10080000 23
10085000 20
10090000 23
10095000 23
10100000 17
10105000 14
10110000 17
10115000 12
10120000 14
10125000 16
10130000 16
10135000 12
10140000 22
10145000 15
10150000 14
10155000 15
10160000 23
10165000 18
10170000 11
10175000 13
10180000 14
10185000 21
10190000 19
10195000 16
10200000 19
10205000 22
10210000 22
10215000 19
10220000 20
10225000 21
10230000 11
10235000 16
10240000 25
10245000 20
10250000 18
10255000 16
10260000 21
10265000 22
10270000 18
10275000 27
10280000 24
10285000 22
10290000 23
10295000 18
10300000 26
10305000 26
10310000 16
10315000 21
10320000 16
10325000 14
10330000 22
10335000 23
10340000 17
10345000 22
10350000 20
10355000 13
10360000 12
10365000 21
10370000 12
10375000 22
10380000 16
10385000 18
10390000 17
10395000 16
10400000 14
10405000 16
10410000 17
10415000 17
10420000 20
10425000 17
10430000 16
10435000 21
10440000 16
10445000 20
10450000 21
10455000 23
10460000 22
10465000 17
10470000 26
10475000 15
10480000 15
10485000 25
10490000 16
10495000 18
10500000 17
10505000 22
10510000 19
10515000 16
10520000 17
10525000 19
10530000 16
10535000 18
10540000 18
10545000 14
10550000 19
10555000 16
10560000 20
10565000 19
10570000 27
10575000 17
10580000 20
10585000 21
10590000 23
10595000 21
10600000 21
10605000 12
10610000 25
10615000 23
10620000 25
10625000 15
10630000 20
10635000 18
10640000 11
10645000 16
10650000 22
10655000 17
10660000 20
10665000 20
10670000 24
10675000 30
10680000 18
10685000 14
10690000 25
10695000 19
10700000 20
10705000 15
10710000 17
10715000 15
10720000 25
10725000 29
10730000 20
10735000 19
10740000 17
10745000 18
10750000 12
10755000 22
10760000 16
10765000 15
10770000 16
10775000 13
10780000 20
10785000 26
10790000 21
10795000 18
10800000 26
10805000 14
10810000 19
10815000 21
10820000 18
10825000 18
10830000 22
10835000 18
10840000 22
10845000 21
10850000 16
10855000 10
10860000 15
10865000 18
10870000 17
10875000 17
10880000 18
10885000 24
10890000 27
10895000 23
10900000 17
10905000 19
10910000 11
10915000 21
10920000 16
10925000 17
10930000 17
10935000 18
10940000 13
10945000 14
10950000 16
10955000 16
10960000 21
10965000 20
10970000 17
10975000 15
10980000 27
10985000 21
10990000 18
10995000 20
11000000 20
11005000 21
11010000 15
11015000 19
11020000 16
11025000 23
11030000 19
11035000 14
11040000 17
11045000 17
11050000 19
11055000 20
11060000 19
11065000 21
11070000 24
11075000 15
11080000 23
11085000 10
11090000 20
11095000 15
11100000 16
11105000 25
11110000 16
11115000 19
11120000 19
11125000 20
11130000 21
11135000 23
11140000 21
11145000 18
11150000 23
11155000 26
11160000 21
11165000 20
11170000 16
11175000 17
11180000 23
11185000 18
11190000 15
11195000 14
11200000 12
11205000 15
11210000 20
11215000 14
11220000 19
11225000 18
11230000 20
11235000 15
11240000 21
11245000 16
11250000 15
11255000 17
11260000 17
11265000 14
11270000 17
11275000 12
11280000 18
11285000 16
11290000 21
11295000 17
11300000 25
11305000 15
11310000 14
11315000 12
11320000 16
11325000 17
11330000 21
11335000 12
11340000 20
11345000 26
11350000 23
11355000 11
11360000 17
11365000 15
11370000 24
11375000 21
11380000 20
11385000 19
11390000 15
11395000 22
11400000 21
11405000 18
11410000 21
11415000 18
11420000 18
11425000 17
11430000 22
11435000 14
11440000 18
11445000 22
11450000 20
11455000 18
11460000 17
11465000 19
11470000 23
11475000 20
11480000 20
11485000 19
11490000 20
11495000 19
11500000 20
11505000 16
11510000 18
11515000 12
11520000 24
11525000 25
11530000 15
11535000 15
11540000 28
11545000 19
11550000 18
11555000 10
11560000 15
11565000 13
11570000 12
11575000 15
11580000 23
11585000 13
11590000 10
11595000 17
11600000 17
11605000 14
11610000 17
11615000 19
11620000 15
11625000 16
11630000 20
11635000 21
11640000 19
11645000 23
11650000 20
11655000 17
11660000 16
11665000 14
11670000 21
11675000 18
11680000 22
11685000 18
11690000 17
11695000 19
11700000 21
11705000 24
11710000 15
11715000 16
11720000 15
11725000 17
11730000 19
11735000 24
11740000 24
11745000 22
11750000 22
11755000 21
11760000 27
11765000 16
11770000 29
11775000 24
11780000 22
11785000 23
11790000 22
11795000 21
11800000 24
11805000 18
11810000 13
11815000 15
11820000 20
11825000 15
11830000 18
11835000 19
11840000 22
11845000 18
11850000 21
11855000 26
11860000 19
11865000 22
11870000 16
11875000 19
11880000 22
11885000 17
11890000 19
11895000 15
11900000 15
11905000 21
11910000 24
11915000 18
11920000 16
11925000 20
11930000 19
11935000 19
11940000 23
11945000 14
11950000 18
11955000 22
11960000 19
11965000 23
11970000 23
11975000 17
11980000 18
11985000 20
11990000 14
11995000 23
12000000 24
12005000 18
12010000 14
12015000 19
12020000 16
12025000 23
12030000 15
12035000 21
12040000 26
12045000 17
12050000 20
12055000 13
12060000 14
12065000 24
12070000 23
12075000 13
12080000 15
12085000 14
12090000 20
12095000 19
12100000 13
12105000 20
12110000 23
12115000 26
12120000 18
12125000 20
12130000 15
12135000 17
12140000 18
12145000 18
12150000 18
12155000 21
12160000 18
12165000 26
12170000 18
12175000 12
12180000 13
12185000 21
12190000 24
12195000 21
12200000 16
12205000 19
12210000 17
12215000 14
12220000 23
12225000 14
12230000 19
12235000 23
12240000 28
12245000 19
12250000 14
12255000 20
12260000 18
12265000 16
12270000 18
12275000 18
12280000 18
12285000 25
12290000 21
12295000 18
12300000 15
12305000 23
12310000 21
12315000 14
12320000 17
12325000 18
12330000 19
12335000 18
12340000 22
12345000 17
12350000 14
12355000 15
12360000 25
12365000 27
12370000 19
12375000 25
12380000 24
12385000 17
12390000 12
12395000 16
12400000 10
12405000 12
12410000 12
12415000 21
12420000 17
12425000 14
12430000 23
12435000 19
12440000 17
12445000 20
12450000 15
12455000 13
12460000 22
12465000 16
12470000 16
12475000 20
12480000 17
12485000 20
12490000 17
12495000 23
12500000 23
12505000 21
12510000 22
12515000 23
12520000 20
12525000 13
12530000 25
12535000 22
12540000 21
12545000 23
12550000 24
12555000 20
12560000 14
12565000 18
12570000 11
12575000 22
12580000 14
12585000 15
12590000 15
12595000 16
12600000 25
12605000 23
12610000 16
12615000 17
12620000 15
12625000 26
12630000 16
12635000 20
12640000 27
12645000 21
12650000 17
12655000 19
12660000 26
12665000 17
12670000 19
12675000 14
12680000 13
12685000 20
12690000 20
12695000 18
12700000 13
12705000 19
12710000 14
12715000 15
12720000 19
12725000 15
12730000 20
12735000 19
12740000 14
12745000 15
12750000 22
12755000 27
12760000 28
12765000 21
12770000 20
12775000 19
12780000 22
12785000 22
12790000 19
12795000 19
12800000 23
12805000 19
12810000 14
12815000 25
12820000 14
12825000 14
12830000 18
12835000 14
12840000 19
12845000 16
12850000 22
12855000 22
12860000 28
12865000 19
12870000 21
12875000 21
12880000 19
12885000 19
12890000 25
12895000 17
12900000 29
12905000 19
12910000 13
12915000 18
12920000 20
12925000 20
12930000 17
12935000 17
12940000 16
12945000 21
12950000 27
12955000 18
12960000 19
12965000 15
12970000 17
12975000 22
12980000 13
12985000 14
12990000 17
12995000 25
13000000 14
13005000 15
13010000 22
13015000 18
13020000 27
13025000 18
13030000 17
13035000 23
13040000 23
13045000 19
13050000 19
13055000 19
13060000 24
13065000 21
13070000 21
13075000 19
13080000 24
13085000 20
13090000 24
13095000 23
13100000 22
13105000 27
13110000 22
13115000 16
13120000 18
13125000 16
13130000 27
13135000 28
13140000 24
13145000 31
13150000 20
13155000 25
13160000 23
13165000 15
13170000 23
13175000 24
13180000 22
13185000 22
13190000 23
13195000 15
13200000 18
13205000 15
13210000 24
13215000 21
13220000 20
13225000 17
13230000 16
13235000 20
13240000 15
13245000 16
13250000 20
13255000 16
13260000 19
13265000 22
13270000 17
13275000 20
13280000 14
13285000 20
13290000 19
13295000 19
13300000 26
13305000 19
13310000 26
13315000 17
13320000 16
13325000 18
13330000 15
13335000 15
13340000 21
13345000 19
13350000 14
13355000 17
13360000 13
13365000 22
13370000 25
13375000 25
13380000 18
13385000 25
13390000 23
13395000 24
13400000 22
13405000 16
13410000 18
13415000 17
13420000 13
13425000 14
13430000 13
13435000 15
13440000 16
13445000 17
13450000 19
13455000 18
13460000 20
13465000 21
13470000 19
13475000 17
13480000 17
13485000 21
13490000 20
13495000 17
13500000 19
13505000 20
13510000 15
13515000 21
13520000 22
13525000 19
13530000 23
13535000 17
13540000 17
13545000 16
13550000 21
13555000 20
13560000 19
13565000 16
13570000 13
13575000 16
13580000 13
13585000 19
13590000 18
13595000 10
13600000 16
13605000 19
13610000 16
13615000 12
13620000 16
13625000 21
13630000 21
13635000 24
13640000 23
13645000 23
13650000 20
13655000 19
13660000 17
13665000 22
13670000 18
13675000 18
13680000 7
13685000 17
13690000 10
13695000 29
13700000 9
13705000 15
13710000 19
13715000 24
13720000 22
13725000 19
13730000 20
13735000 26
13740000 15
13745000 10
13750000 18
13755000 25
13760000 19
13765000 14
13770000 24
13775000 24
13780000 17
13785000 17
13790000 17
13795000 18
13800000 20
13805000 27
13810000 28
13815000 16
13820000 18
13825000 22
13830000 23
13835000 25
13840000 18
13845000 20
13850000 19
13855000 13
13860000 21
13865000 22
13870000 18
13875000 24
13880000 23
13885000 13
13890000 20
13895000 19
13900000 18
13905000 19
13910000 21
13915000 22
13920000 26
13925000 21
13930000 18
13935000 17
13940000 22
13945000 23
13950000 24
13955000 24
13960000 17
13965000 21
13970000 15
13975000 23
13980000 26
13985000 22
13990000 16
13995000 25
14000000 22
14005000 16
14010000 18
14015000 16
14020000 24
14025000 18
14030000 17
14035000 13
14040000 19
14045000 20
14050000 17
14055000 14
14060000 8
14065000 19
14070000 14
14075000 18
14080000 23
14085000 25
14090000 14
14095000 20
14100000 20
14105000 20
14110000 21
14115000 21
14120000 25
14125000 18
14130000 16
14135000 21
14140000 20
14145000 27
14150000 28
14155000 19
14160000 20
14165000 26
14170000 22
14175000 17
14180000 16
14185000 25
14190000 20
14195000 19
14200000 15
14205000 15
14210000 12
14215000 12
14220000 21
14225000 18
14230000 20
14235000 18
14240000 17
14245000 14
14250000 23
14255000 15
14260000 21
14265000 18
14270000 20
14275000 14
14280000 21
14285000 22
14290000 23
14295000 21
14300000 22
14305000 24
14310000 23
14315000 24
14320000 20
14325000 21
14330000 16
14335000 16
14340000 12
14345000 12
14350000 14
14355000 14
14360000 12
14365000 23
14370000 19
14375000 19
14380000 14
14385000 13
14390000 20
14395000 18
14400000 13
14405000 14
14410000 17
14415000 22
14420000 18
14425000 19
14430000 21
14435000 13
14440000 17
14445000 16
14450000 20
14455000 17
14460000 18
14465000 14
14470000 28
14475000 22
14480000 14
14485000 16
14490000 18
14495000 20
14500000 19
14505000 20
14510000 26
14515000 20
14520000 22
14525000 24
14530000 18
14535000 13
14540000 23
14545000 16
14550000 15
14555000 18
14560000 20
14565000 20
14570000 22
14575000 19
14580000 18
14585000 24
14590000 18
14595000 13
14600000 30
14605000 23
14610000 19
14615000 23
14620000 17
14625000 17
14630000 17
14635000 23
14640000 22
14645000 13
14650000 21
14655000 21
14660000 23
14665000 20
14670000 20
14675000 23
14680000 24
14685000 24
14690000 23
14695000 20
14700000 23
14705000 18
14710000 24
14715000 21
14720000 18
14725000 19
14730000 21
14735000 28
14740000 21
14745000 10
14750000 18
14755000 14
14760000 15
14765000 18
14770000 16
14775000 15
14780000 17
14785000 12
14790000 19
14795000 19
14800000 19
14805000 13
14810000 18
14815000 16
14820000 21
14825000 23
14830000 19
14835000 19
14840000 22
14845000 23
14850000 20
14855000 21
14860000 23
14865000 20
14870000 21
14875000 19
14880000 18
14885000 21
14890000 22
14895000 16
14900000 20
14905000 18
14910000 23
14915000 21
14920000 16
14925000 23
14930000 30
14935000 19
14940000 16
14945000 15
14950000 16
14955000 24
14960000 20
14965000 25
14970000 20
14975000 17
14980000 13
14985000 15
14990000 19
14995000 23
15000000 18
15005000 22
15010000 19
15015000 21
15020000 17
15025000 18
15030000 15
15035000 17
15040000 20
15045000 19
15050000 18
15055000 17
15060000 18
15065000 21
15070000 24
15075000 22
15080000 22
15085000 22
15090000 21
15095000 21
15100000 26
15105000 16
15110000 18
15115000 16
15120000 21
15125000 19
15130000 19
15135000 15
15140000 16
15145000 23
15150000 26
15155000 24
15160000 20
15165000 24
15170000 19
15175000 17
15180000 15
15185000 19
15190000 15
15195000 17
15200000 22
15205000 16
15210000 15
15215000 14
15220000 21
15225000 22
15230000 19
15235000 18
15240000 14
15245000 17
15250000 24
15255000 18
15260000 24
15265000 25
15270000 25
15275000 20
15280000 15
15285000 24
15290000 20
15295000 17
15300000 21
15305000 20
15310000 20
15315000 16
15320000 15
15325000 22
15330000 19
15335000 21
15340000 15
15345000 18
15350000 17
15355000 21
15360000 25
15365000 18
15370000 21
15375000 25
15380000 17
15385000 18
15390000 18
15395000 17
15400000 22
15405000 18
15410000 18
15415000 21
15420000 25
15425000 21
15430000 17
15435000 18
15440000 12
15445000 15
15450000 19
15455000 16
15460000 19
15465000 14
15470000 26
15475000 18
15480000 17
15485000 22
15490000 26
15495000 23
15500000 19
15505000 19
15510000 14
15515000 25
15520000 17
15525000 18
15530000 21
15535000 11
15540000 18
15545000 15
15550000 20
15555000 17
15560000 19
15565000 19
15570000 24
15575000 17
15580000 19
15585000 24
15590000 17
15595000 16
15600000 21
15605000 23
15610000 23
15615000 17
15620000 13
15625000 24
15630000 17
15635000 21
15640000 21
15645000 20
15650000 23
15655000 17
15660000 22
15665000 15
15670000 13
15675000 21
15680000 22
15685000 16
15690000 17
15695000 15
15700000 22
15705000 18
15710000 14
15715000 17
15720000 14
15725000 12
15730000 15
15735000 22
15740000 29
15745000 15
15750000 18
15755000 17
15760000 23
15765000 21
15770000 23
15775000 20
15780000 14
15785000 18
15790000 22
15795000 20
15800000 16
15805000 18
15810000 18
15815000 26
15820000 21
15825000 22
15830000 24
15835000 17
15840000 22
15845000 17
15850000 19
15855000 21
15860000 25
15865000 21
15870000 24
15875000 18
15880000 23
15885000 20
15890000 19
15895000 17
15900000 22
15905000 19
15910000 18
15915000 14
15920000 16
15925000 11
15930000 19
15935000 22
15940000 16
15945000 16
15950000 15
15955000 10
15960000 14
15965000 22
15970000 27
15975000 18
15980000 24
15985000 13
15990000 19
15995000 18
16000000 13
16005000 14
16010000 30
16015000 22
16020000 19
16025000 16
16030000 18
16035000 19
16040000 16
16045000 13
16050000 16
16055000 13
16060000 14
16065000 20
16070000 22
16075000 20
16080000 20
16085000 13
16090000 17
16095000 16
16100000 16
16105000 17
16110000 19
16115000 15
16120000 19
16125000 22
16130000 17
16135000 21
16140000 21
16145000 16
16150000 20
16155000 21
16160000 20
16165000 20
16170000 12
16175000 12
16180000 22
16185000 19
16190000 24
16195000 24
16200000 21
16205000 19
16210000 21
16215000 16
16220000 22
16225000 18
16230000 10
16235000 16
16240000 17
16245000 17
16250000 15
16255000 11
16260000 20
16265000 22
16270000 20
16275000 21
16280000 20
16285000 22
16290000 14
16295000 21
16300000 24
16305000 19
16310000 15
16315000 24
16320000 12
16325000 15
16330000 19
16335000 19
16340000 16
16345000 20
16350000 19
16355000 21
16360000 19
16365000 22
16370000 13
16375000 26
16380000 18
16385000 11
16390000 12
16395000 18
16400000 25
16405000 17
16410000 22
16415000 21
16420000 23
16425000 13
16430000 18
16435000 19
16440000 21
16445000 16
16450000 25
16455000 23
16460000 24
16465000 14
16470000 17
16475000 15
16480000 20
16485000 14
16490000 19
16495000 28
16500000 17
16505000 21
16510000 24
16515000 22
16520000 15
16525000 14
16530000 21
16535000 15
16540000 21
16545000 17
16550000 16
16555000 17
16560000 13
16565000 16
16570000 22
16575000 24
16580000 17
16585000 17
16590000 23
16595000 27
16600000 17
16605000 14
16610000 23
16615000 31
16620000 14
16625000 17
16630000 22
16635000 19
16640000 27
16645000 20
16650000 19
16655000 18
16660000 19
16665000 22
16670000 12
16675000 18
16680000 16
16685000 21
16690000 15
16695000 19
16700000 18
16705000 27
16710000 23
16715000 27
16720000 21
16725000 23
16730000 20
16735000 16
16740000 25
16745000 18
16750000 16
16755000 16
16760000 16
16765000 23
16770000 16
16775000 20
16780000 17
16785000 21
16790000 18
16795000 21
16800000 18
16805000 18
16810000 19
16815000 19
16820000 21
16825000 21
16830000 24
16835000 19
16840000 20
16845000 17
16850000 18
16855000 21
16860000 14
16865000 10
16870000 16
16875000 14
16880000 21
16885000 14
16890000 10
16895000 15
16900000 16
16905000 15
16910000 23
16915000 23
16920000 13
16925000 16
16930000 14
16935000 20
16940000 18
16945000 14
16950000 13
16955000 19
16960000 17
16965000 23
16970000 16
16975000 15
16980000 24
16985000 19
16990000 20
16995000 23
17000000 20
17005000 21
17010000 21
17015000 18
17020000 24
17025000 19
17030000 20
17035000 21
17040000 23
17045000 18
17050000 21
17055000 16
17060000 20
17065000 19
17070000 24
17075000 17
17080000 16
17085000 18
17090000 13
17095000 21
17100000 12
17105000 19
17110000 24
17115000 20
17120000 24
17125000 21
17130000 20
17135000 19
17140000 21
17145000 22
17150000 19
17155000 18
17160000 22
17165000 19
17170000 22
17175000 14
17180000 14
17185000 14
17190000 9
17195000 14
17200000 21
17205000 20
17210000 20
17215000 20
17220000 16
17225000 12
17230000 15
17235000 20
17240000 18
17245000 15
17250000 19
17255000 20
17260000 20
17265000 19
17270000 20
17275000 12
17280000 15
17285000 21
17290000 27
17295000 19
17300000 19
17305000 26
17310000 16
17315000 23
17320000 19
17325000 23
17330000 18
17335000 16
17340000 16
17345000 13
17350000 19
17355000 22
17360000 19
17365000 16
17370000 11
17375000 20
17380000 19
17385000 19
17390000 21
17395000 12
17400000 22
17405000 19
17410000 16
17415000 16
17420000 23
17425000 16
17430000 20
17435000 18
17440000 19
17445000 19
17450000 19
17455000 25
17460000 20
17465000 10
17470000 21
17475000 23
17480000 25
17485000 20
17490000 22
17495000 17
17500000 17
17505000 18
17510000 19
17515000 15
17520000 19
17525000 25
17530000 22
17535000 19
17540000 17
17545000 20
17550000 17
17555000 24
17560000 20
17565000 21
17570000 19
17575000 11
17580000 15
17585000 16
17590000 12
17595000 15
17600000 23
17605000 13
17610000 19
17615000 28
17620000 19
17625000 24
17630000 22
17635000 15
17640000 19
17645000 12
17650000 12
17655000 19
17660000 12
17665000 20
17670000 22
17675000 18
17680000 12
17685000 17
17690000 12
17695000 18
17700000 21
17705000 21
17710000 18
17715000 23
17720000 14
17725000 19
17730000 13
17735000 17
17740000 22
17745000 22
17750000 14
17755000 20
17760000 16
17765000 25
17770000 21
17775000 20
17780000 20
17785000 18
17790000 22
17795000 25
17800000 22
17805000 14
17810000 22
17815000 11
17820000 17
17825000 26
17830000 24
17835000 22
17840000 24
17845000 16
17850000 14
17855000 11
17860000 16
17865000 22
17870000 21
17875000 23
17880000 15
17885000 21
17890000 16
17895000 22
17900000 21
17905000 20
17910000 17
17915000 17
17920000 14
17925000 24
17930000 21
17935000 20
17940000 26
17945000 21
17950000 18
17955000 17
17960000 21
17965000 19
17970000 21
17975000 16
17980000 16
17985000 16
17990000 10
17995000 16
18000000 28
18005000 19
18010000 19
18015000 14
18020000 16
18025000 17
18030000 18
18035000 18
18040000 20
18045000 22
18050000 19
18055000 19
18060000 15
18065000 17
18070000 16
18075000 15
18080000 17
18085000 15
18090000 21
18095000 18
18100000 19
18105000 12
18110000 20
18115000 22
18120000 18
18125000 16
18130000 18
18135000 19
18140000 15
18145000 13
18150000 20
18155000 17
18160000 21
18165000 13
18170000 14
18175000 16
18180000 13
18185000 16
18190000 24
18195000 23
18200000 21
18205000 18
18210000 21
18215000 21
18220000 18
18225000 17
18230000 18
18235000 21
18240000 18
18245000 20
18250000 17
18255000 21
18260000 17
18265000 15
18270000 17
18275000 17
18280000 17
18285000 21
18290000 17
18295000 20
18300000 17
18305000 16
18310000 16
18315000 19
18320000 20
18325000 21
18330000 20
18335000 22
18340000 14
18345000 19
18350000 22
18355000 22
18360000 26
18365000 19
18370000 23
18375000 25
18380000 28
18385000 25
18390000 16
18395000 15
18400000 16
18405000 22
18410000 13
18415000 18
18420000 14
18425000 19
18430000 26
18435000 21
18440000 21
18445000 18
18450000 18
18455000 14
18460000 16
18465000 18
18470000 19
18475000 19
18480000 17
18485000 23
18490000 24
18495000 19
18500000 17
18505000 19
18510000 15
18515000 12
18520000 12
18525000 13
18530000 22
18535000 16
18540000 22
18545000 23
18550000 24
18555000 23
18560000 22
18565000 26
18570000 25
18575000 23
18580000 28
18585000 20
18590000 15
18595000 16
18600000 17
18605000 12
18610000 16
18615000 17
18620000 13
18625000 19
18630000 15
18635000 12
18640000 18
18645000 14
18650000 18
18655000 24
18660000 23
18665000 16
18670000 13
18675000 24
18680000 11
18685000 17
18690000 23
18695000 19
18700000 17
18705000 14
18710000 19
18715000 22
18720000 25
18725000 25
18730000 28
18735000 18
18740000 14
18745000 16
18750000 22
18755000 21
18760000 16
18765000 18
18770000 31
18775000 20
18780000 18
18785000 23
18790000 17
18795000 19
18800000 28
18805000 21
18810000 17
18815000 22
18820000 15
18825000 17
18830000 16
18835000 22
18840000 18
18845000 30
18850000 14
18855000 23
18860000 16
18865000 11
18870000 18
18875000 25
18880000 22
18885000 17
18890000 16
18895000 17
18900000 15
18905000 14
18910000 13
18915000 22
18920000 24
18925000 12
18930000 23
18935000 22
18940000 22
18945000 29
18950000 19
18955000 22
18960000 19
18965000 23
18970000 15
18975000 16
18980000 17
18985000 14
18990000 19
18995000 15
19000000 24
19005000 19
19010000 19
19015000 25
19020000 18
19025000 22
19030000 23
19035000 14
19040000 20
19045000 25
19050000 19
19055000 15
19060000 16
19065000 15
19070000 21
19075000 14
19080000 19
19085000 22
19090000 19
19095000 17
19100000 24
19105000 18
19110000 19
19115000 27
19120000 24
19125000 19
19130000 17
19135000 19
19140000 16
19145000 20
19150000 27
19155000 21
19160000 17
19165000 17
19170000 20
19175000 16
19180000 15
19185000 20
19190000 17
19195000 13
19200000 12
19205000 19
19210000 15
19215000 13
19220000 13
19225000 28
19230000 17
19235000 14
19240000 19
19245000 24
19250000 23
19255000 21
19260000 22
19265000 16
19270000 20
19275000 17
19280000 20
19285000 19
19290000 15
19295000 20
19300000 21
19305000 16
19310000 16
19315000 24
19320000 23
19325000 14
19330000 21
19335000 15
19340000 20
19345000 21
19350000 13
19355000 23
19360000 14
19365000 16
19370000 23
19375000 20
19380000 14
19385000 17
19390000 17
19395000 19
19400000 18
19405000 15
19410000 11
19415000 15
19420000 17
19425000 22
19430000 13
19435000 12
19440000 13
19445000 18
19450000 24
19455000 27
19460000 18
19465000 16
19470000 16
19475000 25
19480000 16
19485000 18
19490000 21
19495000 23
19500000 16
19505000 20
19510000 18
19515000 15
19520000 19
19525000 16
19530000 10
19535000 12
19540000 22
19545000 14
19550000 17
19555000 16
19560000 18
19565000 16
19570000 19
19575000 16
19580000 16
19585000 18
19590000 19
19595000 14
19600000 19
19605000 21
19610000 17
19615000 15
19620000 21
19625000 17
19630000 22
19635000 18
19640000 24
19645000 21
19650000 17
19655000 15
19660000 14
19665000 11
19670000 13
19675000 19
19680000 19
19685000 22
19690000 13
19695000 17
19700000 23
19705000 20
19710000 18
19715000 22
19720000 21
19725000 19
19730000 13
19735000 15
19740000 16
19745000 22
19750000 22
19755000 18
19760000 22
19765000 16
19770000 18
19775000 18
19780000 20
19785000 18
19790000 15
19795000 18
19800000 18
19805000 16
19810000 19
19815000 16
19820000 25
19825000 16
19830000 25
19835000 24
19840000 27
19845000 20
19850000 18
19855000 14
19860000 19
19865000 18
19870000 17
19875000 16
19880000 21
19885000 20
19890000 21
19895000 19
19900000 15
19905000 17
19910000 19
19915000 20
19920000 17
19925000 25
19930000 18
19935000 17
19940000 18
19945000 23
19950000 23
19955000 20
19960000 24
19965000 18
19970000 17
19975000 11
19980000 11
19985000 16
19990000 22
19995000 20
20000000 22
20005000 22
20010000 17
20015000 11
20020000 16
20025000 14
20030000 19
20035000 17
20040000 23
20045000 18
20050000 19
20055000 22
20060000 17
20065000 18
20070000 13
20075000 22
20080000 23
20085000 20
20090000 20
20095000 22
20100000 11
20105000 19
20110000 17
20115000 27
20120000 23
20125000 20
20130000 21
20135000 18
20140000 24
20145000 23
20150000 14
20155000 23
20160000 18
20165000 14
20170000 13
20175000 15
20180000 24
20185000 18
20190000 17
20195000 24
20200000 21
20205000 18
20210000 16
20215000 13
20220000 15
20225000 12
20230000 16
20235000 20
20240000 18
20245000 11
20250000 15
20255000 15
20260000 17
20265000 18
20270000 22
20275000 25
20280000 21
20285000 24
20290000 28
20295000 22
20300000 21
20305000 16
20310000 20
20315000 20
20320000 21
20325000 21
20330000 19
20335000 17
20340000 20
20345000 13
20350000 21
20355000 17
20360000 17
20365000 23
20370000 17
20375000 20
20380000 23
20385000 21
20390000 14
20395000 12
20400000 17
20405000 17
20410000 9
20415000 16
20420000 17
20425000 20
20430000 23
20435000 20
20440000 29
20445000 31
20450000 21
20455000 22
20460000 17
20465000 17
20470000 26
20475000 23
20480000 17
20485000 22
20490000 26
20495000 11
20500000 21
20505000 14
20510000 19
20515000 11
20520000 26
20525000 18
20530000 17
20535000 16
20540000 14
20545000 20
20550000 21
20555000 24
20560000 23
20565000 30
20570000 30
20575000 22
20580000 24
20585000 23
20590000 17
20595000 25
20600000 24
20605000 22
20610000 19
20615000 18
20620000 18
20625000 25
20630000 17
20635000 17
20640000 21
20645000 22
20650000 15
20655000 13
20660000 20
20665000 18
20670000 13
20675000 23
20680000 23
20685000 20
20690000 20
20695000 34
20700000 18
20705000 14
20710000 27
20715000 12
20720000 21
20725000 19
20730000 31
20735000 20
20740000 19
20745000 15
20750000 24
20755000 18
20760000 26
20765000 22
20770000 29
20775000 28
20780000 16
20785000 18
20790000 21
20795000 19
20800000 15
20805000 18
20810000 13
20815000 15
20820000 6
20825000 13
20830000 11
20835000 18
20840000 19
20845000 16
20850000 21
20855000 15
20860000 14
20865000 18
20870000 11
20875000 23
20880000 18
20885000 21
20890000 21
20895000 21
20900000 13
20905000 19
20910000 15
20915000 20
20920000 22
20925000 21
20930000 19
20935000 23
20940000 21
20945000 17
20950000 20
20955000 21
20960000 21
20965000 22
20970000 19
20975000 19
20980000 26
20985000 16
20990000 18
20995000 12
21000000 16
21005000 14
21010000 14
21015000 18
21020000 15
21025000 13
21030000 13
21035000 25
21040000 17
21045000 13
21050000 21
21055000 19
21060000 23
21065000 15
21070000 16
21075000 23
21080000 19
21085000 15
21090000 21
21095000 17
21100000 19
21105000 17
21110000 15
21115000 17
21120000 22
21125000 18
21130000 14
21135000 21
21140000 15
21145000 24
21150000 27
21155000 20
21160000 22
21165000 18
21170000 16
21175000 14
21180000 14
21185000 12
21190000 18
21195000 16
21200000 25
21205000 18
21210000 24
21215000 16
21220000 16
21225000 19
21230000 17
21235000 19
21240000 23
21245000 18
21250000 22
21255000 23
21260000 14
21265000 21
21270000 17
21275000 19
21280000 14
21285000 22
21290000 19
21295000 14
21300000 15
21305000 17
21310000 14
21315000 18
21320000 15
21325000 10
21330000 24
21335000 21
21340000 27
21345000 16
21350000 23
21355000 20
21360000 19
21365000 26
21370000 21
21375000 17
21380000 16
21385000 17
21390000 15
21395000 15
21400000 18
21405000 14
21410000 20
21415000 13
21420000 21
21425000 12
21430000 22
21435000 21
21440000 18
21445000 15
21450000 17
21455000 15
21460000 19
21465000 15
21470000 18
21475000 26
21480000 18
21485000 17
21490000 20
21495000 20
21500000 21
21505000 17
21510000 17
21515000 19
21520000 18
21525000 9
21530000 10
21535000 18
21540000 15
21545000 19
21550000 20
21555000 19
21560000 24
21565000 22
21570000 20
21575000 19
21580000 14
21585000 20
21590000 11
21595000 15
21600000 8
21605000 21
21610000 22
21615000 18
21620000 18
21625000 16
21630000 12
21635000 22
21640000 25
21645000 19
21650000 12
21655000 20
21660000 15
21665000 29
21670000 17
21675000 21
21680000 18
21685000 22
21690000 16
21695000 21
21700000 22
21705000 24
21710000 28
21715000 22
21720000 23
21725000 17
21730000 18
21735000 21
21740000 20
21745000 15
21750000 18
21755000 24
21760000 20
21765000 23
21770000 24
21775000 19
21780000 21
21785000 9
21790000 13
21795000 23
21800000 22
21805000 21
21810000 14
21815000 19
21820000 22
21825000 24
21830000 11
21835000 13
21840000 21
21845000 18
21850000 18
21855000 22
21860000 20
21865000 23
21870000 20
21875000 17
21880000 18
21885000 15
21890000 23
21895000 16
21900000 25
21905000 31
21910000 31
21915000 17
21920000 19
21925000 20
21930000 18
21935000 17
21940000 18
21945000 14
21950000 11
21955000 17
21960000 17
21965000 24
21970000 20
21975000 15
21980000 22
21985000 18
21990000 16
21995000 13
22000000 21
22005000 16
22010000 20
22015000 21
22020000 16
22025000 21
22030000 16
22035000 22
22040000 15
22045000 15
22050000 14
22055000 20
22060000 16
22065000 8
22070000 18
22075000 14
22080000 21
22085000 25
22090000 20
22095000 21
22100000 19
22105000 24
22110000 19
22115000 23
22120000 19
22125000 18
22130000 18
22135000 23
22140000 19
22145000 17
22150000 20
22155000 16
22160000 14
22165000 21
22170000 18
22175000 17
22180000 15
22185000 19
22190000 24
22195000 20
22200000 16
22205000 24
22210000 16
22215000 13
22220000 16
22225000 20
22230000 29
22235000 24
22240000 21
22245000 19
22250000 17
22255000 17
22260000 25
22265000 19
22270000 24
22275000 19
22280000 14
22285000 20
22290000 25
22295000 19
22300000 25
22305000 15
22310000 14
22315000 15
22320000 16
22325000 17
22330000 15
22335000 22
22340000 28
22345000 19
22350000 24
22355000 14
22360000 19
22365000 15
22370000 19
22375000 24
22380000 16
22385000 16
22390000 20
22395000 17
22400000 24
22405000 19
22410000 18
22415000 17
22420000 26
22425000 25
22430000 22
22435000 21
22440000 17
22445000 20
22450000 14
22455000 10
22460000 21
22465000 25
22470000 24
22475000 18
22480000 17
22485000 22
22490000 16
22495000 14
22500000 24
22505000 19
22510000 13
22515000 15
22520000 22
22525000 21
22530000 21
22535000 22
22540000 22
22545000 24
22550000 14
22555000 21
22560000 20
22565000 18
22570000 19
22575000 12
22580000 20
22585000 18
22590000 17
22595000 20
22600000 19
22605000 21
22610000 25
22615000 25
22620000 29
22625000 21
22630000 21
22635000 20
22640000 24
22645000 21
22650000 20
22655000 21
22660000 27
22665000 24
22670000 20
22675000 20
22680000 21
22685000 22
22690000 13
22695000 22
22700000 11
22705000 15
22710000 20
22715000 16
22720000 13
22725000 14
22730000 17
22735000 22
22740000 18
22745000 23
22750000 23
22755000 25
22760000 19
22765000 25
22770000 15
22775000 16
22780000 19
22785000 13
22790000 16
22795000 18
22800000 21
22805000 18
22810000 18
22815000 21
22820000 15
22825000 19
22830000 21
22835000 18
22840000 15
22845000 18
22850000 20
22855000 14
22860000 8
22865000 17
22870000 16
22875000 16
22880000 16
22885000 21
22890000 17
22895000 21
22900000 15
22905000 16
22910000 21
22915000 19
22920000 25
22925000 13
22930000 12
22935000 15
22940000 16
22945000 26
22950000 23
22955000 16
22960000 24
22965000 21
22970000 16
22975000 21
22980000 15
22985000 17
22990000 22
22995000 17
23000000 16
23005000 22
23010000 22
23015000 14
23020000 12
23025000 19
23030000 12
23035000 20
23040000 18
23045000 16
23050000 16
23055000 20
23060000 17
23065000 23
23070000 11
23075000 20
23080000 19
23085000 21
23090000 21
23095000 20
23100000 21
23105000 15
23110000 18
23115000 24
23120000 19
23125000 21
23130000 13
23135000 15
23140000 17
23145000 16
23150000 12
23155000 18
23160000 19
23165000 17
23170000 18
23175000 14
23180000 19
23185000 19
23190000 19
23195000 12
23200000 13
23205000 19
23210000 16
23215000 11
23220000 24
23225000 23
23230000 16
23235000 18
23240000 17
23245000 20
23250000 23
23255000 29
23260000 23
23265000 23
23270000 21
23275000 21
23280000 19
23285000 16
23290000 19
23295000 13
23300000 14
23305000 20
23310000 19
23315000 26
23320000 23
23325000 17
23330000 24
23335000 24
23340000 18
23345000 19
23350000 25
23355000 17
23360000 21
23365000 18
23370000 16
23375000 17
23380000 13
23385000 23
23390000 22
23395000 13
23400000 16
23405000 19
23410000 19
23415000 20
23420000 16
23425000 18
23430000 22
23435000 16
23440000 18
23445000 22
23450000 23
23455000 19
23460000 20
23465000 17
23470000 17
23475000 23
23480000 12
23485000 23
23490000 18
23495000 25
23500000 26
23505000 16
23510000 18
23515000 23
23520000 23
23525000 17
23530000 21
23535000 21
23540000 26
23545000 19
23550000 17
23555000 23
23560000 18
23565000 13
23570000 20
23575000 16
23580000 12
23585000 19
23590000 23
23595000 20
23600000 21
23605000 20
23610000 17
23615000 15
23620000 14
23625000 16
23630000 21
23635000 17
23640000 18
23645000 22
23650000 19
23655000 16
23660000 19
23665000 22
23670000 23
23675000 20
23680000 15
23685000 16
23690000 14
23695000 12
23700000 19
23705000 12
23710000 24
23715000 15
23720000 17
23725000 22
23730000 16
23735000 18
23740000 23
23745000 11
23750000 14
23755000 16
23760000 14
23765000 20
23770000 19
23775000 21
23780000 20
23785000 22
23790000 16
23795000 17
23800000 23
23805000 19
23810000 18
23815000 24
23820000 20
23825000 19
23830000 16
23835000 18
23840000 17
23845000 22
23850000 20
23855000 19
23860000 19
23865000 17
23870000 22
23875000 16
23880000 18
23885000 21
23890000 19
23895000 16
23900000 13
23905000 14
23910000 14
23915000 15
23920000 16
23925000 19
23930000 14
23935000 23
23940000 15
23945000 14
23950000 21
23955000 22
23960000 21
23965000 19
23970000 19
23975000 17
23980000 17
23985000 11
23990000 22
23995000 38
24000000 27
24005000 20
24010000 20
24015000 18
24020000 22
24025000 25
24030000 19
24035000 13
24040000 13
24045000 14
24050000 17
24055000 22
24060000 20
24065000 24
24070000 19
24075000 20
24080000 21
24085000 11
24090000 17
24095000 21
24100000 21
24105000 18
24110000 21
24115000 24
24120000 24
24125000 19
24130000 19
24135000 22
24140000 26
24145000 24
24150000 18
24155000 24
24160000 26
24165000 14
24170000 17
24175000 15
24180000 22
24185000 18
24190000 22
24195000 12
24200000 13
24205000 23
24210000 25
24215000 19
24220000 21
24225000 23
24230000 18
24235000 14
24240000 18
24245000 20
24250000 23
24255000 19
24260000 19
24265000 23
24270000 20
24275000 17
24280000 18
24285000 16
24290000 24
24295000 27
24300000 23
24305000 20
24310000 23
24315000 13
24320000 26
24325000 19
24330000 24
24335000 19
24340000 20
24345000 18
24350000 20
24355000 23
24360000 15
24365000 16
24370000 17
24375000 23
24380000 21
24385000 15
24390000 17
24395000 15
24400000 21
24405000 16
24410000 17
24415000 17
24420000 21
24425000 19
24430000 19
24435000 18
24440000 18
24445000 19
24450000 22
24455000 24
24460000 15
24465000 26
24470000 17
24475000 19
24480000 23
24485000 28
24490000 22
24495000 22
24500000 20
24505000 17
24510000 18
24515000 23
24520000 20
24525000 15
24530000 19
24535000 25
24540000 19
24545000 20
24550000 21
24555000 20
24560000 23
24565000 15
24570000 15
24575000 20
24580000 20
24585000 15
24590000 17
24595000 16
24600000 19
24605000 17
24610000 17
24615000 18
24620000 20
24625000 14
24630000 19
24635000 17
24640000 13
24645000 18
24650000 21
24655000 23
24660000 23
24665000 24
24670000 18
24675000 19
24680000 19
24685000 17
24690000 15
24695000 19
24700000 23
24705000 27
24710000 28
24715000 19
24720000 23
24725000 19
24730000 21
24735000 17
24740000 16
24745000 20
24750000 18
24755000 23
24760000 21
24765000 18
24770000 17
24775000 23
24780000 14
24785000 10
24790000 15
24795000 17
24800000 17
24805000 13
24810000 19
24815000 23
24820000 18
24825000 21
24830000 14
24835000 17
24840000 16
24845000 13
24850000 16
24855000 21
24860000 19
24865000 14
24870000 17
24875000 24
24880000 12
24885000 16
24890000 13
24895000 25
24900000 15
24905000 23
24910000 19
24915000 21
24920000 16
24925000 28
24930000 15
24935000 16
24940000 18
24945000 8
24950000 19
24955000 20
24960000 18
24965000 18
24970000 17
24975000 22
24980000 17
24985000 22
24990000 20
24995000 21
25000000 24
25005000 23
25010000 23
