310000 106
315000 101
320000 103
325000 97
330000 98
335000 102
340000 109
345000 104
350000 100
355000 102
360000 105
365000 96
370000 95
375000 98
380000 105
385000 94
390000 101
395000 105
400000 103
405000 108
410000 103
415000 113
420000 115
425000 106
430000 114
435000 106
440000 92
445000 94
450000 95
455000 105
460000 107
465000 104
470000 104
475000 102
480000 104
485000 106
490000 99
495000 94
500000 92
505000 92
510000 95
515000 97
520000 94
525000 102
530000 98
535000 105
540000 100
545000 87
550000 84
555000 101
560000 99
565000 104
570000 93
575000 98
580000 92
585000 96
590000 90
595000 95
600000 100
605000 95
610000 98
615000 96
620000 92
625000 97
630000 101
635000 90
640000 100
645000 106
650000 99
655000 95
660000 101
665000 103
670000 105
675000 101
680000 97
685000 99
690000 92
695000 107
700000 102
705000 102
710000 97
715000 104
720000 99
725000 106
730000 100
735000 113
740000 103
745000 112
750000 102
755000 102
760000 99
765000 112
770000 114
775000 114
780000 106
785000 116
790000 116
795000 114
800000 109
805000 99
810000 99
815000 103
820000 97
825000 102
830000 96
835000 93
840000 108
845000 108
850000 106
855000 101
860000 101
865000 95
870000 97
875000 100
880000 96
885000 95
890000 100
895000 94
900000 92
905000 98
910000 89
915000 95
920000 93
925000 95
930000 96
935000 91
940000 100
945000 101
950000 102
955000 102
960000 113
965000 109
970000 114
975000 107
980000 112
985000 105
990000 106
995000 102
1000000 100
1005000 97
1010000 95
1015000 100
1020000 100
1025000 98
1030000 101
1035000 112
1040000 106
1045000 106
1050000 101
1055000 93
1060000 98
1065000 97
1070000 100
1075000 99
1080000 97
1085000 93
1090000 101
1095000 101
1100000 106
1105000 100
1110000 101
1115000 109
1120000 105
1125000 103
1130000 100
1135000 104
1140000 107
1145000 105
1150000 99
1155000 107
1160000 110
1165000 111
1170000 103
1175000 110
1180000 110
1185000 100
1190000 94
1195000 99
1200000 98
1205000 102
1210000 91
1215000 99
1220000 94
1225000 93
1230000 106
1235000 108
1240000 94
1245000 97
1250000 100
1255000 98
1260000 105
1265000 105
1270000 94
1275000 105
1280000 104
1285000 102
1290000 98
1295000 96
1300000 95
1305000 98
1310000 91
1315000 101
1320000 102
1325000 106
1330000 94
1335000 95
1340000 98
1345000 98
1350000 100
1355000 92
1360000 99
1365000 98
1370000 103
1375000 96
1380000 95
1385000 104
1390000 96
1395000 106
1400000 102
1405000 102
1410000 102
1415000 101
1420000 99
1425000 102
1430000 101
1435000 97
1440000 89
1445000 85
1450000 80
1455000 71
1460000 75
1465000 92
1470000 90
1475000 98
1480000 98
1485000 93
1490000 90
1495000 87
1500000 93
1505000 92
1510000 94
1515000 100
1520000 98
1525000 97
1530000 98
1535000 100
1540000 101
1545000 100
1550000 101
1555000 110
1560000 113
1565000 107
1570000 104
1575000 110
1580000 110
1585000 112
1590000 112
1595000 110
1600000 106
1605000 104
1610000 98
1615000 100
1620000 103
1625000 101
1630000 99
1635000 94
1640000 97
1645000 97
1650000 100
1655000 111
1660000 96
1665000 95
1670000 101
1675000 105
1680000 99
1685000 113
1690000 110
1695000 102
1700000 102
1705000 94
1710000 100
1715000 96
1720000 96
1725000 97
1730000 99
1735000 108
1740000 111
1745000 102
1750000 102
1755000 101
1760000 105
1765000 106
1770000 103
1775000 96
1780000 98
1785000 95
1790000 93
1795000 100
1800000 92
1805000 95
1810000 96
1815000 95
1820000 93
1825000 93
1830000 93
1835000 100
1840000 96
1845000 96
1850000 94
1855000 105
1860000 103
1865000 108
1870000 102
1875000 97
1880000 99
1885000 107
1890000 110
1895000 114
1900000 111
1905000 110
1910000 103
1915000 115
1920000 109
1925000 111
1930000 116
1935000 113
1940000 117
1945000 113
1950000 106
1955000 105
1960000 99
1965000 99
1970000 94
1975000 97
1980000 99
1985000 99
1990000 102
1995000 106
2000000 98
2005000 106
2010000 102
2015000 106
2020000 104
2025000 107
2030000 105
2035000 100
2040000 105
2045000 98
2050000 96
2055000 100
2060000 104
2065000 98
2070000 89
2075000 88
2080000 102
2085000 98
2090000 103
2095000 97
2100000 95
2105000 90
2110000 91
2115000 101
2120000 95
2125000 89
2130000 96
2135000 104
2140000 103
2145000 105
2150000 104
2155000 100
2160000 92
2165000 95
2170000 97
2175000 98
2180000 100
2185000 103
2190000 94
2195000 101
2200000 109
2205000 108
2210000 100
2215000 103
2220000 95
2225000 98
2230000 91
2235000 97
2240000 94
2245000 94
2250000 93
2255000 95
2260000 95
2265000 95
2270000 100
2275000 99
2280000 100
2285000 106
2290000 103
2295000 95
2300000 102
2305000 100
2310000 101
2315000 100
2320000 99
2325000 104
2330000 99
2335000 104
2340000 107
2345000 110
2350000 107
2355000 105
2360000 106
2365000 103
2370000 106
2375000 107
2380000 104
2385000 106
2390000 104
2395000 102
2400000 103
2405000 104
2410000 101
2415000 102
2420000 103
2425000 102
2430000 92
2435000 91
2440000 94
2445000 100
2450000 88
2455000 95
2460000 104
2465000 109
2470000 114
2475000 116
2480000 114
2485000 113
2490000 107
2495000 114
2500000 111
2505000 115
2510000 117
2515000 114
2520000 108
2525000 109
2530000 105
2535000 101
2540000 95
2545000 96
2550000 97
2555000 101
2560000 94
2565000 90
2570000 94
2575000 89
2580000 93
2585000 96
2590000 97
2595000 90
2600000 88
2605000 87
2610000 91
2615000 99
2620000 96
2625000 103
2630000 109
2635000 99
2640000 97
2645000 95
2650000 99
2655000 100
2660000 103
2665000 107
2670000 108
2675000 106
2680000 103
2685000 108
2690000 107
2695000 108
2700000 108
2705000 99
2710000 99
2715000 103
2720000 98
2725000 103
2730000 105
2735000 102
2740000 109
2745000 104
2750000 103
2755000 102
2760000 102
2765000 106
2770000 104
2775000 99
2780000 109
2785000 107
2790000 108
2795000 101
2800000 107
2805000 107
2810000 103
2815000 93
2820000 99
2825000 105
2830000 96
2835000 92
2840000 97
2845000 91
2850000 93
2855000 91
2860000 102
2865000 107
2870000 105
2875000 109
2880000 107
2885000 108
2890000 105
2895000 101
2900000 102
2905000 98
2910000 100
2915000 96
2920000 98
2925000 99
2930000 101
2935000 110
2940000 107
2945000 103
2950000 105
2955000 103
2960000 104
2965000 114
2970000 104
2975000 103
2980000 105
2985000 99
2990000 106
2995000 104
3000000 111
3005000 109
3010000 97
3015000 97
3020000 101
3025000 101
3030000 98
3035000 101
3040000 102
3045000 104
3050000 99
3055000 101
3060000 98
3065000 104
3070000 105
3075000 107
3080000 111
3085000 108
3090000 102
3095000 107
3100000 105
3105000 103
3110000 98
3115000 92
3120000 104
3125000 99
3130000 107
3135000 97
3140000 102
3145000 101
3150000 98
3155000 104
3160000 104
3165000 99
3170000 107
3175000 103
3180000 107
3185000 107
3190000 102
3195000 101
3200000 108
3205000 101
3210000 108
3215000 106
3220000 102
3225000 103
3230000 110
3235000 106
3240000 112
3245000 108
3250000 100
3255000 99
3260000 100
3265000 99
3270000 97
3275000 91
3280000 97
3285000 97
3290000 102
3295000 93
3300000 100
3305000 102
3310000 103
3315000 103
3320000 95
3325000 111
3330000 106
3335000 100
3340000 102
3345000 103
3350000 110
3355000 104
3360000 99
3365000 104
3370000 111
3375000 105
3380000 105
3385000 107
3390000 106
3395000 109
3400000 105
3405000 100
3410000 106
3415000 96
3420000 97
3425000 114
3430000 108
3435000 107
3440000 103
3445000 99
3450000 104
3455000 103
3460000 107
3465000 100
3470000 101
3475000 99
3480000 101
3485000 108
3490000 103
3495000 107
3500000 112
3505000 103
3510000 106
3515000 103
3520000 101
3525000 97
3530000 96
3535000 97
3540000 98
3545000 97
3550000 99
3555000 101
3560000 100
3565000 97
3570000 100
3575000 99
3580000 100
3585000 94
3590000 93
3595000 98
3600000 104
3605000 101
3610000 101
3615000 103
3620000 104
3625000 109
3630000 107
3635000 105
3640000 105
3645000 97
3650000 97
3655000 103
3660000 108
3665000 110
3670000 103
3675000 98
3680000 106
3685000 103
3690000 98
3695000 106
3700000 116
3705000 104
3710000 108
3715000 103
3720000 104
3725000 102
3730000 107
3735000 98
3740000 100
3745000 100
3750000 95
3755000 103
3760000 105
3765000 102
3770000 101
3775000 102
3780000 103
3785000 113
3790000 109
3795000 108
3800000 105
3805000 102
3810000 105
3815000 102
3820000 104
3825000 99
3830000 100
3835000 100
3840000 98
3845000 93
3850000 97
3855000 96
3860000 101
3865000 99
3870000 99
3875000 101
3880000 104
3885000 109
3890000 112
3895000 122
3900000 109
3905000 111
3910000 100
3915000 98
3920000 99
3925000 104
3930000 109
3935000 101
3940000 105
3945000 98
3950000 98
3955000 94
3960000 90
3965000 99
3970000 95
3975000 98
3980000 100
3985000 102
3990000 99
3995000 102
4000000 100
4005000 95
4010000 97
4015000 98
4020000 92
4025000 99
4030000 106
4035000 101
4040000 101
4045000 97
4050000 98
4055000 91
4060000 89
4065000 94
4070000 99
4075000 100
4080000 102
4085000 105
4090000 98
4095000 104
4100000 107
4105000 98
4110000 105
4115000 100
4120000 99
4125000 103
4130000 101
4135000 106
4140000 105
4145000 111
4150000 102
4155000 91
4160000 92
4165000 93
4170000 95
4175000 83
4180000 86
4185000 86
4190000 95
4195000 96
4200000 96
4205000 94
4210000 94
4215000 99
4220000 95
4225000 93
4230000 94
4235000 98
4240000 103
4245000 102
4250000 101
4255000 111
4260000 105
4265000 111
4270000 103
4275000 108
4280000 110
4285000 108
4290000 99
4295000 87
4300000 88
4305000 88
4310000 91
4315000 95
4320000 101
4325000 102
4330000 98
4335000 95
4340000 98
4345000 99
4350000 108
4355000 111
4360000 106
4365000 105
4370000 108
4375000 104
4380000 98
4385000 97
4390000 98
4395000 97
4400000 101
4405000 93
4410000 100
4415000 99
4420000 105
4425000 111
4430000 108
4435000 102
4440000 104
4445000 109
4450000 100
4455000 109
4460000 100
4465000 101
4470000 99
4475000 102
4480000 106
4485000 104
4490000 97
4495000 101
4500000 104
4505000 86
4510000 90
4515000 89
4520000 96
4525000 105
4530000 102
4535000 97
4540000 87
4545000 92
4550000 86
4555000 86
4560000 92
4565000 90
4570000 90
4575000 92
4580000 104
4585000 99
4590000 102
4595000 114
4600000 111
4605000 103
4610000 102
4615000 106
4620000 104
4625000 103
4630000 103
4635000 97
4640000 104
4645000 97
4650000 106
4655000 97
4660000 100
4665000 97
4670000 98
4675000 104
4680000 108
4685000 106
4690000 99
4695000 107
4700000 105
4705000 108
4710000 106
4715000 108
4720000 107
4725000 109
4730000 104
4735000 118
4740000 110
4745000 104
4750000 110
4755000 111
4760000 100
4765000 99
4770000 109
4775000 106
4780000 101
4785000 103
4790000 102
4795000 111
4800000 103
4805000 95
4810000 96
4815000 113
4820000 104
4825000 106
4830000 105
4835000 104
4840000 99
4845000 83
4850000 92
4855000 92
4860000 83
4865000 89
4870000 86
4875000 89
4880000 87
4885000 92
4890000 97
4895000 105
4900000 93
4905000 89
4910000 87
4915000 91
4920000 93
4925000 91
4930000 91
4935000 96
4940000 93
4945000 93
4950000 96
4955000 94
4960000 96
4965000 104
4970000 102
4975000 105
4980000 103
4985000 115
4990000 102
4995000 98
5000000 97
5005000 94
5010000 105
5015000 100
5020000 103
5025000 108
5030000 100
5035000 98
5040000 100
5045000 101
5050000 98
5055000 99
5060000 98
5065000 96
5070000 100
5075000 97
5080000 90
5085000 101
5090000 97
5095000 103
5100000 107
5105000 109
5110000 108
5115000 104
5120000 99
5125000 103
5130000 96
5135000 92
5140000 100
5145000 105
5150000 99
5155000 97
5160000 97
5165000 98
5170000 101
5175000 102
5180000 108
5185000 100
5190000 102
5195000 104
5200000 96
5205000 97
5210000 97
5215000 99
5220000 100
5225000 114
5230000 118
5235000 105
5240000 100
5245000 104
5250000 108
5255000 104
5260000 95
5265000 103
5270000 100
5275000 98
5280000 102
5285000 101
5290000 102
5295000 107
5300000 101
5305000 100
5310000 101
5315000 107
5320000 107
5325000 102
5330000 104
5335000 97
5340000 83
5345000 94
5350000 88
5355000 93
5360000 105
5365000 108
5370000 92
5375000 102
5380000 107
5385000 99
5390000 96
5395000 98
5400000 93
5405000 110
5410000 115
5415000 106
5420000 110
5425000 105
5430000 100
5435000 102
5440000 103
5445000 102
5450000 99
5455000 98
5460000 99
5465000 112
5470000 108
5475000 100
5480000 104
5485000 94
5490000 97
5495000 99
5500000 94
5505000 93
5510000 92
5515000 96
5520000 97
5525000 97
5530000 92
5535000 97
5540000 102
5545000 99
5550000 99
5555000 97
5560000 96
5565000 94
5570000 92
5575000 96
5580000 102
5585000 102
5590000 91
5595000 107
5600000 114
5605000 115
5610000 118
5615000 114
5620000 112
5625000 107
5630000 105
5635000 103
5640000 99
5645000 109
5650000 102
5655000 84
5660000 91
5665000 101
5670000 95
5675000 95
5680000 90
5685000 91
5690000 98
5695000 105
5700000 102
5705000 105
5710000 108
5715000 107
5720000 100
5725000 100
5730000 97
5735000 87
5740000 99
5745000 95
5750000 97
5755000 104
5760000 107
5765000 103
5770000 104
5775000 102
5780000 106
5785000 105
5790000 103
5795000 105
5800000 100
5805000 107
5810000 100
5815000 101
5820000 91
5825000 97
5830000 98
5835000 99
5840000 94
5845000 91
5850000 103
5855000 100
5860000 103
5865000 111
5870000 107
5875000 95
5880000 100
5885000 100
5890000 106
5895000 102
5900000 102
5905000 110
5910000 110
5915000 104
5920000 107
5925000 107
5930000 101
5935000 105
5940000 106
5945000 106
5950000 106
5955000 99
5960000 94
5965000 94
5970000 98
5975000 104
5980000 99
5985000 101
5990000 104
5995000 100
6000000 106
6005000 112
6010000 110
6015000 108
6020000 105
6025000 99
6030000 93
6035000 100
6040000 98
6045000 98
6050000 98
6055000 101
6060000 89
6065000 95
6070000 86
6075000 98
6080000 104
6085000 97
6090000 96
6095000 98
6100000 99
6105000 93
6110000 89
6115000 95
6120000 97
6125000 93
6130000 103
6135000 102
6140000 102
6145000 94
6150000 96
6155000 94
6160000 108
6165000 107
6170000 96
6175000 98
6180000 104
6185000 103
6190000 97
6195000 105
6200000 98
6205000 103
6210000 102
6215000 98
6220000 103
6225000 105
6230000 94
6235000 92
6240000 96
6245000 94
6250000 98
6255000 107
6260000 101
6265000 94
6270000 93
6275000 102
6280000 95
6285000 106
6290000 107
6295000 106
6300000 99
6305000 89
6310000 93
6315000 89
6320000 92
6325000 90
6330000 89
6335000 102
6340000 93
6345000 100
6350000 94
6355000 88
6360000 88
6365000 86
6370000 98
6375000 97
6380000 91
6385000 102
6390000 98
6395000 100
6400000 99
6405000 100
6410000 90
6415000 94
6420000 98
6425000 98
6430000 98
6435000 96
6440000 90
6445000 95
6450000 93
6455000 91
6460000 103
6465000 96
6470000 113
6475000 109
6480000 106
6485000 114
6490000 103
6495000 104
6500000 100
6505000 102
6510000 111
6515000 106
6520000 106
6525000 106
6530000 107
6535000 118
6540000 109
6545000 114
6550000 115
6555000 108
6560000 104
6565000 102
6570000 99
6575000 98
6580000 105
6585000 95
6590000 98
6595000 98
6600000 103
6605000 94
6610000 101
6615000 102
6620000 105
6625000 108
6630000 109
6635000 109
6640000 110
6645000 110
6650000 108
6655000 106
6660000 98
6665000 100
6670000 107
6675000 101
6680000 96
6685000 93
6690000 89
6695000 92
6700000 103
6705000 96
6710000 96
6715000 98
6720000 100
6725000 106
6730000 101
6735000 98
6740000 101
6745000 107
6750000 96
6755000 94
6760000 94
6765000 100
6770000 101
6775000 104
6780000 99
6785000 92
6790000 94
6795000 103
6800000 92
6805000 98
6810000 103
6815000 99
6820000 95
6825000 92
6830000 93
6835000 102
6840000 90
6845000 94
6850000 89
6855000 96
6860000 99
6865000 100
6870000 98
6875000 93
6880000 91
6885000 90
6890000 92
6895000 98
6900000 98
6905000 96
6910000 103
6915000 103
6920000 101
6925000 101
6930000 101
6935000 102
6940000 107
6945000 108
6950000 103
6955000 97
6960000 99
6965000 99
6970000 101
6975000 100
6980000 105
6985000 109
6990000 103
6995000 111
7000000 108
7005000 100
7010000 103
7015000 95
7020000 96
7025000 102
7030000 96
7035000 99
7040000 99
7045000 97
7050000 101
7055000 109
7060000 103
7065000 102
7070000 98
7075000 94
7080000 96
7085000 93
7090000 94
7095000 92
7100000 92
7105000 87
7110000 81
7115000 92
7120000 95
7125000 95
7130000 102
7135000 109
7140000 109
7145000 112
7150000 96
7155000 102
7160000 107
7165000 104
7170000 106
7175000 100
7180000 87
7185000 97
7190000 105
7195000 109
7200000 108
7205000 107
7210000 103
7215000 97
7220000 97
7225000 92
7230000 96
7235000 98
7240000 97
7245000 97
7250000 95
7255000 93
7260000 96
7265000 95
7270000 96
7275000 88
7280000 93
7285000 94
7290000 101
7295000 95
7300000 95
7305000 96
7310000 89
7315000 98
7320000 87
7325000 85
7330000 96
7335000 108
7340000 100
7345000 100
7350000 95
7355000 99
7360000 96
7365000 98
7370000 93
7375000 103
7380000 101
7385000 90
7390000 94
7395000 98
7400000 104
7405000 100
7410000 112
7415000 102
7420000 101
7425000 105
7430000 112
7435000 100
7440000 91
7445000 98
7450000 97
7455000 105
7460000 98
7465000 103
7470000 97
7475000 96
7480000 100
7485000 109
7490000 105
7495000 115
7500000 109
7505000 110
7510000 98
7515000 97
7520000 93
7525000 94
7530000 98
7535000 103
7540000 107
7545000 107
7550000 108
7555000 116
7560000 109
7565000 110
7570000 101
7575000 99
7580000 104
7585000 94
7590000 105
7595000 104
7600000 105
7605000 98
7610000 102
7615000 93
7620000 96
7625000 91
7630000 98
7635000 93
7640000 106
7645000 103
7650000 109
7655000 108
7660000 115
7665000 109
7670000 111
7675000 114
7680000 106
7685000 99
7690000 106
7695000 112
7700000 109
7705000 99
7710000 96
7715000 110
7720000 105
7725000 99
7730000 99
7735000 94
7740000 94
7745000 90
7750000 96
7755000 94
7760000 96
7765000 96
7770000 100
7775000 91
7780000 92
7785000 92
7790000 95
7795000 101
7800000 101
7805000 96
7810000 102
7815000 100
7820000 96
7825000 93
7830000 100
7835000 106
7840000 103
7845000 101
7850000 95
7855000 101
7860000 107
7865000 101
7870000 104
7875000 102
7880000 105
7885000 109
7890000 110
7895000 112
7900000 105
7905000 106
7910000 105
7915000 113
7920000 106
7925000 107
7930000 100
7935000 101
7940000 101
7945000 92
7950000 106
7955000 104
7960000 106
7965000 98
7970000 108
7975000 99
7980000 97
7985000 99
7990000 93
7995000 90
8000000 98
8005000 92
8010000 89
8015000 88
8020000 90
8025000 108
8030000 96
8035000 88
8040000 96
8045000 97
8050000 98
8055000 100
8060000 104
8065000 102
8070000 98
8075000 100
8080000 102
8085000 103
8090000 101
8095000 110
8100000 104
8105000 105
8110000 101
8115000 101
8120000 105
8125000 99
8130000 104
8135000 100
8140000 96
8145000 96
8150000 90
8155000 98
8160000 102
8165000 102
8170000 100
8175000 97
8180000 103
8185000 107
8190000 105
8195000 110
8200000 105
8205000 101
8210000 106
8215000 103
8220000 101
8225000 96
8230000 92
8235000 92
8240000 91
8245000 91
8250000 95
8255000 92
8260000 101
8265000 101
8270000 101
8275000 102
8280000 107
8285000 102
8290000 111
8295000 109
8300000 102
8305000 110
8310000 107
8315000 109
8320000 105
8325000 99
8330000 95
8335000 99
8340000 109
8345000 102
8350000 104
8355000 116
8360000 97
8365000 101
8370000 101
8375000 102
8380000 109
8385000 107
8390000 108
8395000 105
8400000 102
8405000 105
8410000 105
8415000 100
8420000 106
8425000 104
8430000 96
8435000 99
8440000 102
8445000 105
8450000 106
8455000 104
8460000 108
8465000 106
8470000 91
8475000 94
8480000 92
8485000 89
8490000 95
8495000 86
8500000 92
8505000 97
8510000 97
8515000 86
8520000 94
8525000 102
8530000 98
8535000 98
8540000 109
8545000 107
8550000 97
8555000 87
8560000 94
8565000 94
8570000 89
8575000 90
8580000 103
8585000 94
8590000 95
8595000 93
8600000 90
8605000 103
8610000 97
8615000 99
8620000 97
8625000 93
8630000 101
8635000 107
8640000 103
8645000 113
8650000 109
8655000 103
8660000 101
8665000 92
8670000 97
8675000 103
8680000 97
8685000 99
8690000 112
8695000 101
8700000 96
8705000 92
8710000 94
8715000 98
8720000 100
8725000 98
8730000 92
8735000 97
8740000 100
8745000 94
8750000 107
8755000 100
8760000 109
8765000 100
8770000 98
8775000 96
8780000 100
8785000 103
8790000 101
8795000 101
8800000 94
8805000 91
8810000 100
8815000 101
8820000 103
8825000 102
8830000 100
8835000 105
8840000 95
8845000 88
8850000 96
8855000 101
8860000 104
8865000 98
8870000 96
8875000 105
8880000 92
8885000 103
8890000 101
8895000 93
8900000 101
8905000 98
8910000 92
8915000 99
8920000 94
8925000 102
8930000 108
8935000 101
8940000 104
8945000 110
8950000 107
8955000 109
8960000 104
8965000 91
8970000 103
8975000 99
8980000 105
8985000 109
8990000 102
8995000 97
9000000 101
9005000 94
9010000 99
9015000 94
9020000 84
9025000 94
9030000 93
9035000 90
9040000 94
9045000 100
9050000 95
9055000 100
9060000 98
9065000 92
9070000 91
9075000 96
9080000 107
9085000 99
9090000 93
9095000 95
9100000 90
9105000 91
9110000 97
9115000 100
9120000 100
9125000 99
9130000 89
9135000 97
9140000 94
9145000 105
9150000 96
9155000 95
9160000 102
9165000 113
9170000 112
9175000 112
9180000 106
9185000 107
9190000 104
9195000 101
9200000 106
9205000 99
9210000 89
9215000 91
9220000 99
9225000 91
9230000 93
9235000 89
9240000 95
9245000 95
9250000 109
9255000 108
9260000 98
9265000 101
9270000 101
9275000 98
9280000 93
9285000 97
9290000 104
9295000 101
9300000 97
9305000 100
9310000 96
9315000 92
9320000 101
9325000 105
9330000 95
9335000 92
9340000 94
9345000 100
9350000 86
9355000 88
9360000 93
9365000 96
9370000 97
9375000 98
9380000 106
9385000 101
9390000 95
9395000 97
9400000 99
9405000 100
9410000 103
9415000 95
9420000 87
9425000 94
9430000 95
9435000 97
9440000 98
9445000 106
9450000 104
9455000 102
9460000 94
9465000 97
9470000 98
9475000 91
9480000 96
9485000 93
9490000 95
9495000 93
9500000 87
9505000 90
9510000 94
9515000 90
9520000 93
9525000 99
9530000 94
9535000 89
9540000 93
9545000 87
9550000 95
9555000 99
9560000 95
9565000 111
9570000 103
9575000 107
9580000 107
9585000 99
9590000 105
9595000 98
9600000 98
9605000 99
9610000 97
9615000 90
9620000 88
9625000 95
9630000 99
9635000 93
9640000 96
9645000 91
9650000 99
9655000 96
9660000 98
9665000 102
9670000 96
9675000 99
9680000 94
9685000 97
9690000 102
9695000 100
9700000 97
9705000 101
9710000 104
9715000 97
9720000 101
9725000 104
9730000 112
9735000 105
9740000 119
9745000 112
9750000 99
9755000 98
9760000 105
9765000 98
9770000 100
9775000 104
9780000 108
9785000 101
9790000 99
9795000 111
9800000 101
9805000 104
9810000 108
9815000 102
9820000 100
9825000 104
9830000 98
9835000 94
9840000 94
9845000 104
9850000 99
9855000 110
9860000 102
9865000 103
9870000 102
9875000 101
9880000 101
9885000 107
9890000 112
9895000 104
9900000 109
9905000 103
9910000 93
9915000 102
9920000 101
9925000 106
9930000 96
9935000 99
9940000 102
9945000 105
9950000 106
9955000 98
9960000 103
9965000 96
9970000 98
9975000 96
9980000 83
9985000 82
9990000 90
9995000 98
10000000 103
10005000 108
10010000 99
10015000 105
10020000 98
10025000 99
10030000 92
10035000 99
10040000 84
10045000 94
10050000 93
10055000 100
10060000 98
10065000 105
10070000 104
10075000 95
10080000 93
10085000 97
10090000 94
10095000 106
10100000 101
10105000 109
10110000 92
10115000 101
10120000 96
10125000 94
10130000 102
10135000 105
10140000 106
10145000 98
10150000 92
10155000 96
10160000 107
10165000 98
10170000 100
10175000 114
10180000 119
10185000 109
10190000 115
10195000 100
10200000 98
10205000 92
10210000 103
10215000 104
10220000 108
10225000 123
10230000 104
10235000 109
10240000 109
10245000 107
10250000 105
10255000 106
10260000 110
10265000 99
10270000 102
10275000 92
10280000 104
10285000 99
10290000 95
10295000 97
10300000 87
10305000 96
10310000 92
10315000 94
10320000 91
10325000 95
10330000 102
10335000 100
10340000 103
10345000 92
10350000 96
10355000 98
10360000 94
10365000 89
10370000 95
10375000 94
10380000 99
10385000 97
10390000 101
10395000 85
10400000 93
10405000 96
10410000 97
10415000 103
10420000 100
10425000 96
10430000 104
10435000 104
10440000 107
10445000 99
10450000 90
10455000 96
10460000 95
10465000 101
10470000 100
10475000 97
10480000 96
10485000 92
10490000 96
10495000 91
10500000 100
10505000 97
10510000 101
10515000 97
10520000 98
10525000 100
10530000 96
10535000 95
10540000 101
10545000 101
10550000 108
10555000 111
10560000 93
10565000 95
10570000 100
10575000 97
10580000 98
10585000 103
10590000 99
10595000 99
10600000 103
10605000 98
10610000 103
10615000 103
10620000 101
10625000 97
10630000 92
10635000 97
10640000 104
10645000 107
10650000 108
10655000 104
10660000 97
10665000 99
10670000 91
10675000 100
10680000 105
10685000 98
10690000 104
10695000 100
10700000 97
10705000 102
10710000 99
10715000 102
10720000 103
10725000 99
10730000 94
10735000 100
10740000 110
10745000 108
10750000 99
10755000 99
10760000 106
10765000 104
10770000 105
10775000 92
10780000 95
10785000 98
10790000 112
10795000 98
10800000 95
10805000 102
10810000 105
10815000 102
10820000 103
10825000 106
10830000 102
10835000 94
10840000 98
10845000 104
10850000 108
10855000 99
10860000 95
10865000 101
10870000 96
10875000 91
10880000 90
10885000 94
10890000 91
10895000 96
10900000 93
10905000 98
10910000 104
10915000 107
10920000 105
10925000 98
10930000 101
10935000 97
10940000 96
10945000 94
10950000 101
10955000 110
10960000 103
10965000 97
10970000 102
10975000 104
10980000 103
10985000 102
10990000 104
10995000 92
11000000 98
11005000 100
11010000 102
11015000 100
11020000 107
11025000 111
11030000 104
11035000 98
11040000 95
11045000 111
11050000 108
11055000 112
11060000 106
11065000 102
11070000 110
11075000 100
11080000 111
11085000 109
11090000 103
11095000 104
11100000 95
11105000 100
11110000 106
11115000 102
11120000 106
11125000 106
11130000 103
11135000 105
11140000 100
11145000 109
11150000 104
11155000 104
11160000 110
11165000 108
11170000 113
11175000 113
11180000 112
11185000 108
11190000 105
11195000 101
11200000 98
11205000 96
11210000 101
11215000 97
11220000 100
11225000 101
11230000 102
11235000 92
11240000 89
11245000 90
11250000 105
11255000 104
11260000 100
11265000 109
11270000 95
11275000 99
11280000 99
11285000 95
11290000 98
11295000 103
11300000 105
11305000 100
11310000 96
11315000 100
11320000 94
11325000 102
11330000 96
11335000 102
11340000 86
11345000 95
11350000 99
11355000 93
11360000 98
11365000 98
11370000 94
11375000 92
11380000 97
11385000 95
11390000 94
11395000 94
11400000 95
11405000 99
11410000 96
11415000 94
11420000 89
11425000 98
11430000 110
11435000 109
11440000 110
11445000 106
11450000 99
11455000 106
11460000 104
11465000 98
11470000 94
11475000 101
11480000 90
11485000 88
11490000 83
11495000 98
11500000 102
11505000 93
11510000 98
11515000 95
11520000 92
11525000 92
11530000 91
11535000 88
11540000 85
11545000 90
11550000 91
11555000 95
11560000 91
11565000 83
11570000 98
11575000 87
11580000 91
11585000 105
11590000 97
11595000 98
11600000 92
11605000 93
11610000 91
11615000 86
11620000 87
11625000 92
11630000 95
11635000 94
11640000 93
11645000 90
11650000 96
11655000 93
11660000 96
11665000 104
11670000 90
11675000 103
11680000 99
11685000 102
11690000 102
11695000 107
11700000 103
11705000 98
11710000 95
11715000 100
11720000 102
11725000 99
11730000 93
11735000 102
11740000 105
11745000 117
11750000 106
11755000 111
11760000 106
11765000 100
11770000 106
11775000 104
11780000 101
11785000 109
11790000 100
11795000 96
11800000 106
11805000 98
11810000 108
11815000 104
11820000 106
11825000 96
11830000 99
11835000 106
11840000 110
11845000 111
11850000 105
11855000 105
11860000 103
11865000 103
11870000 109
11875000 115
11880000 100
11885000 97
11890000 95
11895000 102
11900000 103
11905000 106
11910000 101
11915000 98
11920000 109
11925000 112
11930000 112
11935000 108
11940000 114
11945000 117
11950000 107
11955000 104
11960000 103
11965000 103
11970000 94
11975000 86
11980000 91
11985000 100
11990000 100
11995000 100
12000000 96
12005000 103
12010000 96
12015000 102
12020000 103
12025000 96
12030000 105
12035000 109
12040000 105
12045000 108
12050000 104
12055000 97
12060000 99
12065000 95
12070000 94
12075000 98
12080000 106
12085000 102
12090000 97
12095000 106
12100000 99
12105000 90
12110000 96
12115000 88
12120000 92
12125000 100
12130000 105
12135000 103
12140000 104
12145000 114
12150000 104
12155000 102
12160000 106
12165000 107
12170000 103
12175000 101
12180000 97
12185000 88
12190000 88
12195000 82
12200000 93
12205000 96
12210000 95
12215000 104
12220000 109
12225000 102
12230000 105
12235000 110
12240000 118
12245000 109
12250000 97
12255000 100
12260000 94
12265000 93
12270000 95
12275000 97
12280000 106
12285000 106
12290000 105
12295000 97
12300000 95
12305000 95
12310000 102
12315000 95
12320000 97
12325000 98
12330000 104
12335000 104
12340000 104
12345000 94
12350000 99
12355000 97
12360000 98
12365000 98
12370000 100
12375000 102
12380000 100
12385000 96
12390000 94
12395000 91
12400000 97
12405000 94
12410000 92
12415000 98
12420000 96
12425000 97
12430000 99
12435000 103
12440000 101
12445000 103
12450000 99
12455000 104
12460000 114
12465000 109
12470000 100
12475000 106
12480000 100
12485000 107
12490000 111
12495000 109
12500000 112
12505000 115
12510000 106
12515000 102
12520000 99
12525000 101
12530000 103
12535000 108
12540000 108
12545000 103
12550000 109
12555000 111
12560000 111
12565000 107
12570000 106
12575000 101
12580000 101
12585000 102
12590000 96
12595000 91
12600000 97
12605000 99
12610000 93
12615000 91
12620000 93
12625000 95
12630000 91
12635000 96
12640000 92
12645000 99
12650000 90
12655000 94
12660000 99
12665000 99
12670000 102
12675000 99
12680000 98
12685000 92
12690000 87
12695000 88
12700000 90
12705000 89
12710000 98
12715000 93
12720000 104
12725000 97
12730000 92
12735000 92
12740000 91
12745000 103
12750000 100
12755000 93
12760000 102
12765000 98
12770000 102
12775000 105
12780000 102
12785000 100
12790000 98
12795000 108
12800000 102
12805000 97
12810000 109
12815000 107
12820000 97
12825000 104
12830000 104
12835000 96
12840000 98
12845000 99
12850000 102
12855000 98
12860000 102
12865000 101
12870000 104
12875000 99
12880000 102
12885000 92
12890000 90
12895000 99
12900000 93
12905000 97
12910000 101
12915000 95
12920000 93
12925000 104
12930000 96
12935000 100
12940000 106
12945000 100
12950000 100
12955000 96
12960000 100
12965000 107
12970000 104
12975000 95
12980000 87
12985000 100
12990000 106
12995000 106
13000000 109
13005000 102
13010000 102
13015000 97
13020000 101
13025000 92
13030000 100
13035000 94
13040000 99
13045000 100
13050000 104
13055000 105
13060000 108
13065000 104
13070000 97
13075000 102
13080000 104
13085000 92
13090000 107
13095000 99
13100000 94
13105000 103
13110000 95
13115000 94
13120000 100
13125000 108
13130000 95
13135000 103
13140000 97
13145000 96
13150000 93
13155000 97
13160000 98
13165000 106
13170000 107
13175000 109
13180000 91
13185000 89
13190000 103
13195000 102
13200000 103
13205000 102
13210000 103
13215000 96
13220000 108
13225000 104
13230000 105
13235000 103
13240000 107
13245000 107
13250000 105
13255000 107
13260000 112
13265000 107
13270000 115
13275000 107
13280000 99
13285000 97
13290000 94
13295000 97
13300000 103
13305000 94
13310000 94
13315000 102
13320000 112
13325000 107
13330000 98
13335000 94
13340000 100
13345000 97
13350000 99
13355000 90
13360000 92
13365000 94
13370000 104
13375000 91
13380000 90
13385000 97
13390000 90
13395000 96
13400000 95
13405000 94
13410000 104
13415000 101
13420000 116
13425000 103
13430000 100
13435000 100
13440000 105
13445000 104
13450000 101
13455000 101
13460000 104
13465000 93
13470000 98
13475000 104
13480000 103
13485000 100
13490000 98
13495000 102
13500000 105
13505000 105
13510000 99
13515000 101
13520000 100
13525000 100
13530000 101
13535000 100
13540000 94
13545000 97
13550000 104
13555000 96
13560000 104
13565000 108
13570000 107
13575000 105
13580000 108
13585000 104
13590000 97
13595000 100
13600000 100
13605000 97
13610000 94
13615000 95
13620000 87
13625000 89
13630000 98
13635000 108
13640000 105
13645000 103
13650000 105
13655000 102
13660000 98
13665000 100
13670000 92
13675000 104
13680000 112
13685000 110
13690000 110
13695000 105
13700000 97
13705000 105
13710000 106
13715000 110
13720000 99
13725000 99
13730000 100
13735000 107
13740000 115
13745000 112
13750000 101
13755000 102
13760000 105
13765000 104
13770000 106
13775000 109
13780000 100
13785000 100
13790000 92
13795000 93
13800000 102
13805000 99
13810000 99
13815000 104
13820000 97
13825000 102
13830000 94
13835000 93
13840000 89
13845000 105
13850000 103
13855000 104
13860000 101
13865000 100
13870000 91
13875000 101
13880000 100
13885000 90
13890000 95
13895000 99
13900000 102
13905000 97
13910000 100
13915000 93
13920000 104
13925000 94
13930000 100
13935000 94
13940000 103
13945000 102
13950000 93
13955000 95
13960000 107
13965000 105
13970000 112
13975000 117
13980000 105
13985000 114
13990000 113
13995000 115
14000000 108
14005000 104
14010000 102
14015000 101
14020000 96
14025000 94
14030000 101
14035000 95
14040000 101
14045000 101
14050000 94
14055000 94
14060000 95
14065000 101
14070000 102
14075000 110
14080000 99
14085000 104
14090000 104
14095000 102
14100000 110
14105000 96
14110000 102
14115000 95
14120000 95
14125000 104
14130000 101
14135000 95
14140000 99
14145000 97
14150000 102
14155000 103
14160000 108
14165000 111
14170000 108
14175000 103
14180000 103
14185000 105
14190000 111
14195000 115
14200000 113
14205000 108
14210000 102
14215000 109
14220000 102
14225000 109
14230000 108
14235000 109
14240000 103
14245000 108
14250000 99
14255000 95
14260000 92
14265000 100
14270000 100
14275000 97
14280000 98
14285000 95
14290000 100
14295000 92
14300000 93
14305000 99
14310000 91
14315000 92
14320000 100
14325000 96
14330000 94
14335000 96
14340000 99
14345000 96
14350000 95
14355000 92
14360000 89
14365000 86
14370000 90
14375000 92
14380000 98
14385000 99
14390000 96
14395000 96
14400000 97
14405000 97
14410000 98
14415000 95
14420000 103
14425000 105
14430000 106
14435000 102
14440000 102
14445000 107
14450000 101
14455000 95
14460000 93
14465000 99
14470000 105
14475000 101
14480000 93
14485000 98
14490000 103
14495000 102
14500000 99
14505000 96
14510000 98
14515000 91
14520000 94
14525000 92
14530000 89
14535000 84
14540000 88
14545000 90
14550000 96
14555000 96
14560000 103
14565000 94
14570000 89
14575000 91
14580000 88
14585000 93
14590000 93
14595000 95
14600000 110
14605000 101
14610000 93
14615000 100
14620000 103
14625000 94
14630000 96
14635000 98
14640000 96
14645000 97
14650000 95
14655000 101
14660000 95
14665000 99
14670000 96
14675000 92
14680000 101
14685000 88
14690000 98
14695000 98
14700000 103
14705000 100
14710000 103
14715000 105
14720000 105
14725000 104
14730000 101
14735000 106
14740000 103
14745000 102
14750000 107
14755000 100
14760000 89
14765000 97
14770000 107
14775000 102
14780000 106
14785000 104
14790000 105
14795000 102
14800000 103
14805000 103
14810000 101
14815000 103
14820000 105
14825000 97
14830000 89
14835000 98
14840000 102
14845000 105
14850000 108
14855000 100
14860000 108
14865000 111
14870000 106
14875000 105
14880000 100
14885000 96
14890000 86
14895000 93
14900000 94
14905000 103
14910000 108
14915000 112
14920000 100
14925000 104
14930000 104
14935000 101
14940000 96
14945000 104
14950000 102
14955000 106
14960000 107
14965000 106
14970000 111
14975000 107
14980000 104
14985000 92
14990000 93
14995000 97
15000000 99
15005000 91
15010000 95
15015000 104
15020000 97
15025000 99
15030000 99
15035000 103
15040000 103
15045000 101
15050000 106
15055000 106
15060000 108
15065000 107
15070000 102
15075000 99
15080000 94
15085000 98
15090000 94
15095000 95
15100000 91
15105000 100
15110000 97
15115000 94
15120000 93
15125000 97
15130000 98
15135000 101
15140000 104
15145000 98
15150000 108
15155000 93
15160000 94
15165000 97
15170000 99
15175000 101
15180000 102
15185000 103
15190000 103
15195000 102
15200000 100
15205000 100
15210000 104
15215000 105
15220000 95
15225000 93
15230000 87
15235000 97
15240000 99
15245000 102
15250000 103
15255000 103
15260000 96
15265000 96
15270000 98
15275000 105
15280000 100
15285000 104
15290000 104
15295000 96
15300000 103
15305000 110
15310000 110
15315000 110
15320000 110
15325000 107
15330000 108
15335000 97
15340000 101
15345000 101
15350000 107
15355000 104
15360000 105
15365000 103
15370000 96
15375000 92
15380000 100
15385000 95
15390000 90
15395000 79
15400000 88
15405000 90
15410000 94
15415000 88
15420000 98
15425000 97
15430000 104
15435000 89
15440000 97
15445000 101
15450000 102
15455000 94
15460000 96
15465000 97
15470000 95
15475000 97
15480000 100
15485000 102
15490000 92
15495000 105
15500000 109
15505000 105
15510000 104
15515000 108
15520000 104
15525000 106
15530000 106
15535000 109
15540000 115
15545000 108
15550000 97
15555000 100
15560000 96
15565000 92
15570000 100
15575000 106
15580000 102
15585000 109
15590000 105
15595000 101
15600000 102
15605000 98
15610000 100
15615000 103
15620000 110
15625000 102
15630000 109
15635000 104
15640000 100
15645000 97
15650000 94
15655000 91
15660000 92
15665000 104
15670000 108
15675000 107
15680000 96
15685000 93
15690000 98
15695000 95
15700000 105
15705000 95
15710000 106
15715000 108
15720000 108
15725000 106
15730000 105
15735000 106
15740000 101
15745000 102
15750000 104
15755000 109
15760000 110
15765000 102
15770000 95
15775000 100
15780000 93
15785000 90
15790000 94
15795000 99
15800000 98
15805000 102
15810000 101
15815000 104
15820000 103
15825000 100
15830000 103
15835000 105
15840000 96
15845000 94
15850000 98
15855000 93
15860000 97
15865000 94
15870000 100
15875000 101
15880000 99
15885000 100
15890000 94
15895000 94
15900000 100
15905000 107
15910000 99
15915000 106
15920000 99
15925000 107
15930000 99
15935000 101
15940000 99
15945000 100
15950000 91
15955000 95
15960000 102
15965000 105
15970000 105
15975000 110
15980000 108
15985000 107
15990000 100
15995000 112
16000000 104
16005000 106
16010000 103
16015000 99
16020000 96
16025000 102
16030000 105
16035000 103
16040000 103
16045000 102
16050000 100
16055000 109
16060000 104
16065000 101
16070000 109
16075000 99
16080000 97
16085000 99
16090000 99
16095000 98
16100000 104
16105000 100
16110000 107
16115000 103
16120000 100
16125000 102
16130000 97
16135000 108
16140000 110
16145000 109
16150000 103
16155000 108
16160000 97
16165000 95
16170000 95
16175000 91
16180000 95
16185000 97
16190000 94
16195000 99
16200000 95
16205000 88
16210000 93
16215000 91
16220000 95
16225000 97
16230000 103
16235000 95
16240000 92
16245000 93
16250000 105
16255000 100
16260000 94
16265000 94
16270000 83
16275000 88
16280000 94
16285000 97
16290000 105
16295000 100
16300000 106
16305000 105
16310000 104
16315000 100
16320000 99
16325000 98
16330000 108
16335000 98
16340000 111
16345000 96
16350000 103
16355000 103
16360000 101
16365000 96
16370000 98
16375000 99
16380000 97
16385000 103
16390000 98
16395000 100
16400000 96
16405000 106
16410000 97
16415000 100
16420000 104
16425000 97
16430000 105
16435000 102
16440000 106
16445000 99
16450000 105
16455000 94
16460000 99
16465000 103
16470000 90
16475000 97
16480000 103
16485000 102
16490000 99
16495000 90
16500000 89
16505000 99
16510000 110
16515000 98
16520000 100
16525000 94
16530000 93
16535000 99
16540000 103
16545000 98
16550000 100
16555000 102
16560000 93
16565000 100
16570000 104
16575000 102
16580000 105
16585000 100
16590000 102
16595000 111
16600000 109
16605000 103
16610000 101
16615000 93
16620000 98
16625000 94
16630000 94
16635000 107
16640000 100
16645000 97
16650000 97
16655000 102
16660000 94
16665000 102
16670000 103
16675000 99
16680000 101
16685000 103
16690000 106
16695000 94
16700000 93
16705000 91
16710000 93
16715000 97
16720000 99
16725000 95
16730000 95
16735000 91
16740000 94
16745000 94
16750000 95
16755000 103
16760000 97
16765000 105
16770000 103
16775000 99
16780000 108
16785000 107
16790000 97
16795000 92
16800000 95
16805000 100
16810000 101
16815000 99
16820000 93
16825000 98
16830000 91
16835000 103
16840000 97
16845000 95
16850000 101
16855000 101
16860000 93
16865000 102
16870000 101
16875000 94
16880000 101
16885000 96
16890000 104
16895000 108
16900000 107
16905000 111
16910000 103
16915000 102
16920000 101
16925000 107
16930000 104
16935000 102
16940000 95
16945000 100
16950000 108
16955000 109
16960000 106
16965000 106
16970000 108
16975000 106
16980000 106
16985000 105
16990000 103
16995000 103
17000000 111
17005000 109
17010000 106
17015000 115
17020000 106
17025000 108
17030000 113
17035000 100
17040000 97
17045000 100
17050000 95
17055000 105
17060000 97
17065000 101
17070000 109
17075000 115
17080000 107
17085000 107
17090000 114
17095000 116
17100000 117
17105000 113
17110000 102
17115000 110
17120000 111
17125000 111
17130000 115
17135000 106
17140000 100
17145000 106
17150000 99
17155000 106
17160000 109
17165000 101
17170000 94
17175000 97
17180000 95
17185000 100
17190000 100
17195000 103
17200000 108
17205000 104
17210000 100
17215000 99
17220000 103
17225000 104
17230000 102
17235000 103
17240000 106
17245000 103
17250000 99
17255000 90
17260000 97
17265000 97
17270000 103
17275000 96
17280000 92
17285000 96
17290000 89
17295000 90
17300000 99
17305000 102
17310000 97
17315000 104
17320000 97
17325000 102
17330000 108
17335000 97
17340000 102
17345000 108
17350000 99
17355000 98
17360000 101
17365000 91
17370000 100
17375000 98
17380000 110
17385000 113
17390000 100
17395000 105
17400000 97
17405000 104
17410000 103
17415000 112
17420000 106
17425000 106
17430000 98
17435000 99
17440000 97
17445000 105
17450000 95
17455000 105
17460000 109
17465000 106
17470000 101
17475000 108
17480000 101
17485000 104
17490000 102
17495000 96
17500000 87
17505000 102
17510000 98
17515000 107
17520000 111
17525000 109
17530000 109
17535000 106
17540000 106
17545000 112
17550000 105
17555000 102
17560000 101
17565000 102
17570000 100
17575000 107
17580000 110
17585000 98
17590000 95
17595000 105
17600000 101
17605000 107
17610000 103
17615000 101
17620000 108
17625000 99
17630000 101
17635000 109
17640000 99
17645000 95
17650000 90
17655000 101
17660000 94
17665000 94
17670000 91
17675000 107
17680000 102
17685000 108
17690000 108
17695000 106
17700000 100
17705000 102
17710000 104
17715000 98
17720000 93
17725000 93
17730000 97
17735000 94
17740000 97
17745000 96
17750000 99
17755000 97
17760000 103
17765000 99
17770000 102
17775000 97
17780000 97
17785000 102
17790000 102
17795000 92
17800000 96
17805000 97
17810000 97
17815000 92
17820000 96
17825000 93
17830000 97
17835000 107
17840000 97
17845000 100
17850000 100
17855000 103
17860000 93
17865000 99
17870000 105
17875000 99
17880000 89
17885000 93
17890000 97
17895000 98
17900000 101
17905000 95
17910000 92
17915000 98
17920000 96
17925000 98
17930000 106
17935000 109
17940000 107
17945000 105
17950000 103
17955000 109
17960000 110
17965000 97
17970000 97
17975000 100
17980000 96
17985000 96
17990000 93
17995000 105
18000000 103
18005000 100
18010000 109
18015000 99
18020000 94
18025000 95
18030000 96
18035000 100
18040000 102
18045000 98
18050000 98
18055000 97
18060000 103
18065000 94
18070000 102
18075000 98
18080000 100
18085000 86
18090000 100
18095000 94
18100000 104
18105000 98
18110000 97
18115000 101
18120000 97
18125000 92
18130000 96
18135000 86
18140000 89
18145000 88
18150000 105
18155000 95
18160000 106
18165000 104
18170000 102
18175000 90
18180000 96
18185000 97
18190000 99
18195000 107
18200000 115
18205000 112
18210000 111
18215000 105
18220000 104
18225000 102
18230000 96
18235000 101
18240000 93
18245000 88
18250000 99
18255000 103
18260000 99
18265000 92
18270000 99
18275000 105
18280000 99
18285000 96
18290000 95
18295000 102
18300000 98
18305000 94
18310000 106
18315000 103
18320000 104
18325000 97
18330000 95
18335000 95
18340000 97
18345000 100
18350000 105
18355000 95
18360000 100
18365000 95
18370000 97
18375000 102
18380000 99
18385000 101
18390000 99
18395000 101
18400000 110
18405000 106
18410000 98
18415000 100
18420000 103
18425000 102
18430000 99
18435000 89
18440000 99
18445000 97
18450000 91
18455000 103
18460000 107
18465000 101
18470000 102
18475000 93
18480000 88
18485000 98
18490000 97
18495000 102
18500000 107
18505000 109
18510000 115
18515000 112
18520000 103
18525000 102
18530000 99
18535000 104
18540000 100
18545000 112
18550000 105
18555000 104
18560000 106
18565000 101
18570000 100
18575000 102
18580000 98
18585000 99
18590000 102
18595000 103
18600000 102
18605000 105
18610000 97
18615000 107
18620000 111
18625000 108
18630000 106
18635000 103
18640000 97
18645000 95
18650000 91
18655000 94
18660000 108
18665000 104
18670000 101
18675000 98
18680000 110
18685000 103
18690000 96
18695000 100
18700000 104
18705000 108
18710000 104
18715000 94
18720000 99
18725000 103
18730000 101
18735000 100
18740000 98
18745000 94
18750000 90
18755000 83
18760000 93
18765000 94
18770000 102
18775000 95
18780000 102
18785000 106
18790000 111
18795000 108
18800000 103
18805000 105
18810000 111
18815000 103
18820000 112
18825000 107
18830000 104
18835000 104
18840000 108
18845000 98
18850000 103
18855000 102
18860000 105
18865000 94
18870000 100
18875000 95
18880000 97
18885000 99
18890000 107
18895000 98
18900000 101
18905000 95
18910000 101
18915000 105
18920000 105
18925000 97
18930000 106
18935000 106
18940000 105
18945000 103
18950000 99
18955000 98
18960000 100
18965000 96
18970000 95
18975000 101
18980000 90
18985000 99
18990000 104
18995000 109
19000000 98
19005000 95
19010000 102
19015000 96
19020000 92
19025000 100
19030000 89
19035000 93
19040000 92
19045000 97
19050000 99
19055000 98
19060000 105
19065000 98
19070000 104
19075000 103
19080000 100
19085000 94
19090000 96
19095000 102
19100000 105
19105000 110
19110000 107
19115000 113
19120000 109
19125000 95
19130000 91
19135000 89
19140000 90
19145000 93
19150000 89
19155000 101
19160000 92
19165000 100
19170000 105
19175000 100
19180000 101
19185000 103
19190000 109
19195000 106
19200000 110
19205000 104
19210000 99
19215000 104
19220000 106
19225000 104
19230000 105
19235000 102
19240000 100
19245000 96
19250000 102
19255000 104
19260000 101
19265000 95
19270000 97
19275000 88
19280000 90
19285000 93
19290000 92
19295000 91
19300000 92
19305000 105
19310000 99
19315000 93
19320000 95
19325000 101
19330000 100
19335000 107
19340000 103
19345000 103
19350000 103
19355000 97
19360000 99
19365000 98
19370000 95
19375000 96
19380000 91
19385000 93
19390000 103
19395000 102
19400000 98
19405000 106
19410000 99
19415000 99
19420000 98
19425000 100
19430000 104
19435000 99
19440000 97
19445000 100
19450000 99
19455000 108
19460000 100
19465000 99
19470000 95
19475000 105
19480000 104
19485000 98
19490000 106
19495000 98
19500000 102
19505000 97
19510000 98
19515000 97
19520000 99
19525000 102
19530000 108
19535000 94
19540000 92
19545000 106
19550000 98
19555000 105
19560000 105
19565000 96
19570000 104
19575000 98
19580000 95
19585000 98
19590000 98
19595000 89
19600000 93
19605000 86
19610000 97
19615000 92
19620000 94
19625000 95
19630000 98
19635000 94
19640000 104
19645000 98
19650000 98
19655000 100
19660000 106
19665000 108
19670000 113
19675000 109
19680000 100
19685000 103
19690000 103
19695000 99
19700000 102
19705000 105
19710000 98
19715000 89
19720000 90
19725000 89
19730000 89
19735000 95
19740000 91
19745000 93
19750000 90
19755000 91
19760000 94
19765000 100
19770000 99
19775000 104
19780000 107
19785000 108
19790000 112
19795000 108
19800000 113
19805000 110
19810000 109
19815000 111
19820000 103
19825000 103
19830000 102
19835000 107
19840000 101
19845000 104
19850000 93
19855000 94
19860000 86
19865000 95
19870000 94
19875000 98
19880000 97
19885000 104
19890000 101
19895000 93
19900000 98
19905000 95
19910000 102
19915000 105
19920000 111
19925000 107
19930000 102
19935000 103
19940000 99
19945000 97
19950000 98
19955000 101
19960000 95
19965000 94
19970000 103
19975000 104
19980000 105
19985000 102
19990000 105
19995000 107
20000000 112
20005000 109
20010000 101
20015000 109
20020000 110
20025000 113
20030000 101
20035000 93
20040000 88
20045000 87
20050000 93
20055000 89
20060000 105
20065000 102
20070000 104
20075000 101
20080000 93
20085000 98
20090000 94
20095000 100
20100000 94
20105000 99
20110000 105
20115000 99
20120000 95
20125000 98
20130000 101
20135000 100
20140000 109
20145000 111
20150000 116
20155000 108
20160000 98
20165000 103
20170000 95
20175000 96
20180000 99
20185000 106
20190000 99
20195000 104
20200000 107
20205000 101
20210000 103
20215000 103
20220000 91
20225000 105
20230000 115
20235000 99
20240000 103
20245000 103
20250000 114
20255000 113
20260000 113
20265000 105
20270000 108
20275000 111
20280000 109
20285000 106
20290000 99
20295000 104
20300000 104
20305000 104
20310000 106
20315000 109
20320000 102
20325000 105
20330000 99
20335000 104
20340000 102
20345000 106
20350000 106
20355000 95
20360000 91
20365000 92
20370000 100
20375000 112
20380000 100
20385000 95
20390000 95
20395000 107
20400000 107
20405000 104
20410000 95
20415000 109
20420000 99
20425000 109
20430000 105
20435000 106
20440000 102
20445000 108
20450000 109
20455000 107
20460000 97
20465000 92
20470000 92
20475000 94
20480000 95
20485000 97
20490000 92
20495000 94
20500000 103
20505000 103
20510000 109
20515000 102
20520000 107
20525000 105
20530000 108
20535000 105
20540000 102
20545000 103
20550000 104
20555000 109
20560000 107
20565000 107
20570000 105
20575000 100
20580000 108
20585000 100
20590000 110
20595000 103
20600000 105
20605000 102
20610000 93
20615000 97
20620000 89
20625000 107
20630000 100
20635000 95
20640000 91
20645000 101
20650000 96
20655000 98
20660000 102
20665000 101
20670000 97
20675000 100
20680000 99
20685000 92
20690000 95
20695000 95
20700000 101
20705000 108
20710000 114
20715000 118
20720000 108
20725000 109
20730000 101
20735000 110
20740000 107
20745000 110
20750000 102
20755000 104
20760000 99
20765000 96
20770000 102
20775000 111
20780000 97
20785000 94
20790000 87
20795000 93
20800000 88
20805000 89
20810000 87
20815000 98
20820000 96
20825000 95
20830000 96
20835000 100
20840000 99
20845000 93
20850000 92
20855000 100
20860000 100
20865000 99
20870000 99
20875000 95
20880000 97
20885000 88
20890000 90
20895000 100
20900000 100
20905000 105
20910000 99
20915000 98
20920000 98
20925000 103
20930000 98
20935000 100
20940000 94
20945000 92
20950000 103
20955000 103
20960000 98
20965000 95
20970000 92
20975000 101
20980000 99
20985000 97
20990000 94
20995000 101
21000000 101
21005000 95
21010000 99
21015000 108
21020000 104
21025000 101
21030000 102
21035000 100
21040000 105
21045000 94
21050000 99
21055000 96
21060000 100
21065000 101
21070000 102
21075000 97
21080000 97
21085000 102
21090000 97
21095000 102
21100000 104
21105000 105
21110000 98
21115000 94
21120000 94
21125000 89
21130000 92
21135000 105
21140000 95
21145000 101
21150000 97
21155000 100
21160000 96
21165000 93
21170000 93
21175000 94
21180000 92
21185000 92
21190000 95
21195000 85
21200000 89
21205000 94
21210000 95
21215000 100
21220000 98
21225000 99
21230000 99
21235000 98
21240000 97
21245000 102
21250000 97
21255000 106
21260000 105
21265000 105
21270000 105
21275000 109
21280000 102
21285000 98
21290000 88
21295000 91
21300000 96
21305000 88
21310000 97
21315000 103
21320000 103
21325000 95
21330000 100
21335000 106
21340000 101
21345000 109
21350000 102
21355000 101
21360000 103
21365000 96
21370000 96
21375000 95
21380000 95
21385000 100
21390000 101
21395000 104
21400000 105
21405000 98
21410000 99
21415000 102
21420000 101
21425000 98
21430000 93
21435000 95
21440000 97
21445000 101
21450000 89
21455000 97
21460000 93
21465000 89
21470000 96
21475000 98
21480000 101
21485000 111
21490000 98
21495000 99
21500000 97
21505000 101
21510000 96
21515000 99
21520000 95
21525000 99
21530000 103
21535000 96
21540000 99
21545000 95
21550000 101
21555000 108
21560000 94
21565000 98
21570000 96
21575000 97
21580000 90
21585000 93
21590000 94
21595000 104
21600000 95
21605000 92
21610000 93
21615000 97
21620000 93
21625000 86
21630000 87
21635000 83
21640000 105
21645000 104
21650000 103
21655000 95
21660000 85
21665000 94
21670000 93
21675000 94
21680000 99
21685000 99
21690000 103
21695000 102
21700000 106
21705000 106
21710000 102
21715000 111
21720000 108
21725000 102
21730000 102
21735000 103
21740000 107
21745000 100
21750000 94
21755000 91
21760000 91
21765000 98
21770000 106
21775000 111
21780000 112
21785000 117
21790000 110
21795000 106
21800000 102
21805000 103
21810000 110
21815000 104
21820000 110
21825000 101
21830000 92
21835000 108
21840000 97
21845000 103
21850000 94
21855000 101
21860000 113
21865000 110
21870000 103
21875000 105
21880000 108
21885000 97
21890000 100
21895000 104
21900000 95
21905000 91
21910000 92
21915000 91
21920000 93
21925000 99
21930000 96
21935000 94
21940000 98
21945000 101
21950000 104
21955000 91
21960000 102
21965000 103
21970000 105
21975000 90
21980000 97
21985000 96
21990000 102
21995000 96
22000000 100
22005000 94
22010000 102
22015000 103
22020000 90
22025000 95
22030000 98
22035000 96
22040000 93
22045000 90
22050000 101
22055000 104
22060000 106
22065000 102
22070000 105
22075000 94
22080000 98
22085000 105
22090000 101
22095000 98
22100000 98
22105000 102
22110000 101
22115000 102
22120000 96
22125000 109
22130000 109
22135000 102
22140000 100
22145000 105
22150000 108
22155000 104
22160000 103
22165000 96
22170000 93
22175000 103
22180000 97
22185000 94
22190000 86
22195000 92
22200000 98
22205000 98
22210000 91
22215000 98
22220000 90
22225000 92
22230000 91
22235000 95
22240000 93
22245000 96
22250000 101
22255000 109
22260000 103
22265000 103
22270000 104
22275000 102
22280000 114
22285000 102
22290000 97
22295000 108
22300000 109
22305000 104
22310000 98
22315000 103
22320000 99
22325000 92
22330000 98
22335000 89
22340000 92
22345000 93
22350000 103
22355000 107
22360000 108
22365000 113
22370000 104
22375000 113
22380000 109
22385000 116
22390000 112
22395000 109
22400000 106
22405000 103
22410000 105
22415000 109
22420000 101
22425000 101
22430000 112
22435000 110
22440000 106
22445000 97
22450000 105
22455000 96
22460000 95
22465000 104
22470000 96
22475000 99
22480000 100
22485000 97
22490000 99
22495000 90
22500000 92
22505000 101
22510000 92
22515000 85
22520000 101
22525000 94
22530000 103
22535000 110
22540000 109
22545000 103
22550000 102
22555000 103
22560000 104
22565000 108
22570000 104
22575000 93
22580000 92
22585000 91
22590000 100
22595000 101
22600000 109
22605000 103
22610000 99
22615000 110
22620000 110
22625000 96
22630000 96
22635000 94
22640000 101
22645000 107
22650000 102
22655000 94
22660000 97
22665000 105
22670000 97
22675000 95
22680000 102
22685000 99
22690000 97
22695000 100
22700000 101
22705000 100
22710000 100
22715000 94
22720000 104
22725000 103
22730000 107
22735000 105
22740000 114
22745000 118
22750000 113
22755000 106
22760000 108
22765000 105
22770000 107
22775000 110
22780000 104
22785000 106
22790000 98
22795000 99
22800000 109
22805000 103
22810000 104
22815000 103
22820000 112
22825000 100
22830000 98
22835000 104
22840000 103
22845000 99
22850000 105
22855000 103
22860000 105
22865000 105
22870000 106
22875000 102
22880000 111
22885000 101
22890000 97
22895000 95
22900000 97
22905000 97
22910000 96
22915000 95
22920000 105
22925000 97
22930000 99
22935000 94
22940000 97
22945000 96
22950000 98
22955000 94
22960000 99
22965000 100
22970000 95
22975000 104
22980000 99
22985000 100
22990000 107
22995000 106
23000000 102
23005000 106
23010000 104
23015000 101
23020000 91
23025000 94
23030000 95
23035000 99
23040000 100
23045000 94
23050000 106
23055000 103
23060000 96
23065000 97
23070000 97
23075000 104
23080000 96
23085000 105
23090000 100
23095000 103
23100000 103
23105000 104
23110000 105
23115000 103
23120000 108
23125000 95
23130000 92
23135000 85
23140000 89
23145000 96
23150000 93
23155000 98
23160000 111
23165000 103
23170000 95
23175000 99
23180000 102
23185000 105
23190000 103
23195000 99
23200000 101
23205000 96
23210000 96
23215000 93
23220000 91
23225000 95
23230000 97
23235000 104
23240000 101
23245000 101
23250000 100
23255000 102
23260000 91
23265000 96
23270000 96
23275000 95
23280000 91
23285000 92
23290000 86
23295000 96
23300000 89
23305000 90
23310000 92
23315000 94
23320000 93
23325000 94
23330000 91
23335000 97
23340000 101
23345000 95
23350000 103
23355000 100
23360000 103
23365000 105
23370000 101
23375000 107
23380000 98
23385000 96
23390000 96
23395000 95
23400000 100
23405000 94
23410000 94
23415000 98
23420000 103
23425000 102
23430000 104
23435000 100
23440000 107
23445000 98
23450000 102
23455000 99
23460000 109
23465000 104
23470000 107
23475000 109
23480000 102
23485000 105
23490000 100
23495000 94
23500000 95
23505000 96
23510000 101
23515000 92
23520000 95
23525000 103
23530000 101
23535000 100
23540000 100
23545000 102
23550000 90
23555000 99
23560000 99
23565000 99
23570000 92
23575000 93
23580000 95
23585000 93
23590000 89
23595000 90
23600000 94
23605000 101
23610000 99
23615000 103
23620000 95
23625000 89
23630000 97
23635000 92
23640000 92
23645000 100
23650000 99
23655000 101
23660000 106
23665000 109
23670000 98
23675000 90
23680000 98
23685000 94
23690000 96
23695000 105
23700000 103
23705000 99
23710000 93
23715000 95
23720000 107
23725000 104
23730000 103
23735000 105
23740000 95
23745000 96
23750000 89
23755000 97
23760000 100
23765000 109
23770000 110
23775000 111
23780000 110
23785000 105
23790000 103
23795000 103
23800000 101
23805000 111
23810000 107
23815000 107
23820000 104
23825000 104
23830000 112
23835000 104
23840000 106
23845000 97
23850000 97
23855000 104
23860000 104
23865000 100
23870000 93
23875000 100
23880000 102
23885000 101
23890000 96
23895000 93
23900000 103
23905000 101
23910000 101
23915000 100
23920000 103
23925000 95
23930000 99
23935000 98
23940000 97
23945000 97
23950000 85
23955000 87
23960000 89
23965000 97
23970000 95
23975000 93
23980000 100
23985000 103
23990000 95
23995000 91
24000000 93
24005000 103
24010000 105
24015000 103
24020000 101
24025000 101
24030000 105
24035000 111
24040000 98
24045000 100
24050000 98
24055000 101
24060000 102
24065000 101
24070000 102
24075000 99
24080000 93
24085000 103
24090000 101
24095000 98
24100000 97
24105000 97
24110000 107
24115000 102
24120000 105
24125000 98
24130000 96
24135000 102
24140000 104
24145000 101
24150000 103
24155000 101
24160000 99
24165000 95
24170000 99
24175000 100
24180000 97
24185000 100
24190000 93
24195000 96
24200000 96
24205000 96
24210000 105
24215000 107
24220000 104
24225000 107
24230000 99
24235000 97
24240000 98
24245000 93
24250000 96
24255000 95
24260000 96
24265000 96
24270000 96
24275000 98
24280000 98
24285000 100
24290000 96
24295000 103
24300000 98
24305000 99
24310000 92
24315000 94
24320000 100
24325000 99
24330000 101
24335000 98
24340000 100
24345000 102
24350000 99
24355000 92
24360000 94
24365000 90
24370000 89
24375000 94
24380000 101
24385000 102
24390000 93
24395000 94
24400000 105
24405000 106
24410000 93
24415000 100
24420000 106
24425000 103
24430000 113
24435000 100
24440000 107
24445000 101
24450000 100
24455000 105
24460000 105
24465000 111
24470000 103
24475000 97
24480000 94
24485000 98
24490000 98
24495000 96
24500000 86
24505000 99
24510000 100
24515000 109
24520000 103
24525000 102
24530000 102
24535000 102
24540000 104
24545000 104
24550000 107
24555000 107
24560000 108
24565000 99
24570000 102
24575000 111
24580000 113
24585000 97
24590000 94
24595000 101
24600000 90
24605000 99
24610000 97
24615000 100
24620000 98
24625000 99
24630000 108
24635000 104
24640000 107
24645000 104
24650000 102
24655000 104
24660000 103
24665000 91
24670000 91
24675000 92
24680000 99
24685000 99
24690000 103
24695000 99
24700000 98
24705000 97
24710000 101
24715000 103
24720000 104
24725000 88
24730000 94
24735000 96
24740000 94
24745000 98
24750000 95
24755000 99
24760000 98
24765000 96
24770000 94
24775000 96
24780000 99
24785000 96
24790000 91
24795000 97
24800000 92
24805000 99
24810000 105
24815000 99
24820000 110
24825000 102
24830000 112
24835000 103
24840000 105
24845000 103
24850000 98
24855000 102
24860000 104
24865000 105
24870000 97
24875000 105
24880000 103
24885000 93
24890000 101
24895000 99
24900000 102
24905000 106
24910000 102
24915000 106
24920000 101
24925000 105
24930000 105
24935000 99
24940000 92
24945000 93
24950000 93
24955000 88
24960000 86
24965000 92
24970000 89
24975000 97
24980000 103
24985000 97
24990000 97
24995000 105
25000000 100
25005000 107
25010000 105
