7035000 273
7060000 274
7085000 273
7110000 276
7135000 277
7160000 277
7185000 278
7210000 274
7235000 275
7260000 275
7285000 272
7310000 274
7335000 274
7360000 275
7385000 275
7410000 276
7435000 276
7460000 278
7485000 277
7510000 277
7535000 276
7560000 276
7585000 272
7610000 270
7635000 272
7660000 274
7685000 273
7710000 276
7735000 278
7760000 278
7785000 280
7810000 279
7835000 279
7860000 279
7885000 278
7910000 273
7935000 272
7960000 269
7985000 269
8010000 270
8035000 270
8060000 275
8085000 274
8110000 275
8135000 277
8160000 269
8185000 273
8210000 267
8235000 268
8260000 267
8285000 271
8310000 271
8335000 272
8360000 273
8385000 272
8410000 269
8435000 268
8460000 270
8485000 270
8510000 275
8535000 277
8560000 276
8585000 279
8610000 282
8635000 284
8660000 283
8685000 284
8710000 282
8735000 279
8760000 279
8785000 276
8810000 280
8835000 278
8860000 271
8885000 273
8910000 274
8935000 270
8960000 272
8985000 270
9010000 275
9035000 278
9060000 275
9085000 275
9110000 279
9135000 277
9160000 279
9185000 280
9210000 278
9235000 274
9260000 273
9285000 271
9310000 274
9335000 275
9360000 271
9385000 270
9410000 275
9435000 274
9460000 277
9485000 275
9510000 274
9535000 272
9560000 271
9585000 273
9610000 272
9635000 274
9660000 274
9685000 278
9710000 279
9735000 277
9760000 276
9785000 273
9810000 271
9835000 273
9860000 273
9885000 273
9910000 270
9935000 272
9960000 274
9985000 275
10010000 277
10035000 278
10060000 275
10085000 279
10110000 276
10135000 276
10160000 278
10185000 275
10210000 275
10235000 274
10260000 276
10285000 279
10310000 277
10335000 281
10360000 283
10385000 285
10410000 283
10435000 284
10460000 284
10485000 282
10510000 282
10535000 282
10560000 284
10585000 281
10610000 278
10635000 275
10660000 276
10685000 276
10710000 273
10735000 272
10760000 275
10785000 276
10810000 275
10835000 273
10860000 273
10885000 275
10910000 270
10935000 273
10960000 270
10985000 272
11010000 270
11035000 267
11060000 269
11085000 272
11110000 278
11135000 275
11160000 273
11185000 269
11210000 275
11235000 271
11260000 269
11285000 269
11310000 272
11335000 274
11360000 273
11385000 271
11410000 270
11435000 273
11460000 274
11485000 269
11510000 272
11535000 276
11560000 275
11585000 275
11610000 274
11635000 270
11660000 274
11685000 274
11710000 277
11735000 277
11760000 281
11785000 280
11810000 281
11835000 278
11860000 277
11885000 278
11910000 276
11935000 279
11960000 276
11985000 276
12010000 271
12035000 268
12060000 271
12085000 276
12110000 276
12135000 278
12160000 277
12185000 275
12210000 273
12235000 275
12260000 272
12285000 270
12310000 267
12335000 266
12360000 266
12385000 267
12410000 267
12435000 268
12460000 269
12485000 268
12510000 265
12535000 263
12560000 261
12585000 264
12610000 266
12635000 266
12660000 268
12685000 268
12710000 268
12735000 270
12760000 271
12785000 275
12810000 275
12835000 275
12860000 274
12885000 273
12910000 272
12935000 266
12960000 266
12985000 269
13010000 271
13035000 276
13060000 275
13085000 273
13110000 276
13135000 277
13160000 278
13185000 277
13210000 274
13235000 276
13260000 276
13285000 279
13310000 276
13335000 276
13360000 276
13385000 274
13410000 276
13435000 275
13460000 277
13485000 278
13510000 277
13535000 276
13560000 280
13585000 283
13610000 279
13635000 279
13660000 277
13685000 275
13710000 276
13735000 273
13760000 267
13785000 267
13810000 266
13835000 268
13860000 270
13885000 270
13910000 263
13935000 263
13960000 266
13985000 270
14010000 271
14035000 275
14060000 274
14085000 267
14110000 264
14135000 266
14160000 265
14185000 269
14210000 268
14235000 267
14260000 268
14285000 267
14310000 267
14335000 266
14360000 269
14385000 267
14410000 269
14435000 265
14460000 267
14485000 269
14510000 271
14535000 275
14560000 280
14585000 282
14610000 282
14635000 281
14660000 282
14685000 281
14710000 277
14735000 280
14760000 278
14785000 279
14810000 277
14835000 280
14860000 276
14885000 279
14910000 279
14935000 280
14960000 278
14985000 280
15010000 276
15035000 274
15060000 275
15085000 275
15110000 275
15135000 274
15160000 273
15185000 275
15210000 279
15235000 279
15260000 277
15285000 274
15310000 278
15335000 275
15360000 274
15385000 275
15410000 276
15435000 279
15460000 278
15485000 278
15510000 276
15535000 277
15560000 276
15585000 275
15610000 273
15635000 273
15660000 273
15685000 268
15710000 271
15735000 271
15760000 269
15785000 272
15810000 274
15835000 276
15860000 275
15885000 276
15910000 281
15935000 281
15960000 282
15985000 282
16010000 280
16035000 278
16060000 280
16085000 279
16110000 276
16135000 272
16160000 272
16185000 275
16210000 272
16235000 271
16260000 269
16285000 269
16310000 269
16335000 270
16360000 266
16385000 268
16410000 272
16435000 268
16460000 269
16485000 270
16510000 273
16535000 270
16560000 269
16585000 266
16610000 264
16635000 265
16660000 263
16685000 265
16710000 264
16735000 268
16760000 267
16785000 266
16810000 265
16835000 265
16860000 270
16885000 275
16910000 272
16935000 272
16960000 269
16985000 274
17010000 276
17035000 275
17060000 273
17085000 274
17110000 278
17135000 279
17160000 278
17185000 277
17210000 282
17235000 282
17260000 280
17285000 280
17310000 279
17335000 277
17360000 274
17385000 275
17410000 274
17435000 273
17460000 278
17485000 281
17510000 282
17535000 276
17560000 277
17585000 275
17610000 273
17635000 274
17660000 275
17685000 276
17710000 272
17735000 274
17760000 276
17785000 279
17810000 282
17835000 278
17860000 281
17885000 277
17910000 275
17935000 277
17960000 277
17985000 275
18010000 276
18035000 273
18060000 275
18085000 276
18110000 277
18135000 274
18160000 279
18185000 285
18210000 282
18235000 283
18260000 282
18285000 282
18310000 273
18335000 273
18360000 276
18385000 277
18410000 276
18435000 272
18460000 274
18485000 276
18510000 275
18535000 268
18560000 269
18585000 270
18610000 274
18635000 273
18660000 277
18685000 279
18710000 275
18735000 280
18760000 277
18785000 275
18810000 275
18835000 276
18860000 277
18885000 278
18910000 275
18935000 274
18960000 272
18985000 272
19010000 275
19035000 275
19060000 274
19085000 272
19110000 274
19135000 272
19160000 271
19185000 269
19210000 269
19235000 268
19260000 273
19285000 274
19310000 268
19335000 268
19360000 270
19385000 274
19410000 273
19435000 270
19460000 273
19485000 271
19510000 275
19535000 272
19560000 271
19585000 271
19610000 272
19635000 271
19660000 271
19685000 272
19710000 269
19735000 273
19760000 272
19785000 273
19810000 274
19835000 276
19860000 276
19885000 274
19910000 272
19935000 274
19960000 273
19985000 271
20010000 273
20035000 272
20060000 272
20085000 271
20110000 274
20135000 272
20160000 270
20185000 274
20210000 272
20235000 276
20260000 276
20285000 277
20310000 281
20335000 278
20360000 278
20385000 278
20410000 277
20435000 277
20460000 279
20485000 278
20510000 276
20535000 275
20560000 272
20585000 273
20610000 275
20635000 273
20660000 278
20685000 278
20710000 277
20735000 278
20760000 277
20785000 273
20810000 271
20835000 268
20860000 269
20885000 271
20910000 268
20935000 272
20960000 276
20985000 278
21010000 280
21035000 278
21060000 278
21085000 277
21110000 278
21135000 283
21160000 280
21185000 279
21210000 276
21235000 272
21260000 275
21285000 276
21310000 277
21335000 279
21360000 277
21385000 274
21410000 272
21435000 270
21460000 273
21485000 272
21510000 276
21535000 274
21560000 274
21585000 275
21610000 277
21635000 276
21660000 277
21685000 278
21710000 278
21735000 275
21760000 279
21785000 279
21810000 280
21835000 275
21860000 274
21885000 274
21910000 275
21935000 275
21960000 275
21985000 271
22010000 273
22035000 272
22060000 274
22085000 275
22110000 270
22135000 273
22160000 275
22185000 275
22210000 275
22235000 275
22260000 276
22285000 275
22310000 275
22335000 275
22360000 278
22385000 275
22410000 273
22435000 274
22460000 274
22485000 270
22510000 271
22535000 269
22560000 270
22585000 271
22610000 273
22635000 272
22660000 273
22685000 272
22710000 272
22735000 275
22760000 276
22785000 277
22810000 270
22835000 270
22860000 275
22885000 273
22910000 277
22935000 281
22960000 282
22985000 284
23010000 281
23035000 278
23060000 278
23085000 273
23110000 274
23135000 276
23160000 275
23185000 279
23210000 277
23235000 275
23260000 276
23285000 275
23310000 276
23335000 276
23360000 275
23385000 273
23410000 270
23435000 270
23460000 269
23485000 271
23510000 270
23535000 269
23560000 271
23585000 271
23610000 274
23635000 276
23660000 275
23685000 276
23710000 278
23735000 278
23760000 275
23785000 274
23810000 277
23835000 276
23860000 278
23885000 274
23910000 275
23935000 277
23960000 277
23985000 273
24010000 274
24035000 275
24060000 275
24085000 270
24110000 269
24135000 268
24160000 269
24185000 266
24210000 273
24235000 278
24260000 275
24285000 278
24310000 275
24335000 276
24360000 274
24385000 274
24410000 272
24435000 270
24460000 271
24485000 272
24510000 272
24535000 277
24560000 275
24585000 273
24610000 271
24635000 275
24660000 276
24685000 275
24710000 277
24735000 278
24760000 278
24785000 278
24810000 279
24835000 274
24860000 273
24885000 272
24910000 270
24935000 270
24960000 270
24985000 268
