timestep c_coords
25000 80
50000 130
75000 164
100000 193
125000 215
150000 230
175000 237
200000 245
225000 250
250000 257
275000 259
300000 265
325000 263
350000 263
375000 264
400000 265
425000 269
450000 266
475000 269
500000 272
525000 280
550000 277
575000 280
600000 279
625000 280
650000 278
675000 280
700000 281
725000 280
750000 277
775000 277
800000 277
825000 274
850000 275
875000 277
900000 278
925000 276
950000 275
975000 275
1000000 278
1025000 280
1050000 281
1075000 280
1100000 278
1125000 275
1150000 273
1175000 271
1200000 272
1225000 273
1250000 270
1275000 268
1300000 272
1325000 272
1350000 268
1375000 272
1400000 276
1425000 278
1450000 277
1475000 276
1500000 276
1525000 271
1550000 270
1575000 270
1600000 272
1625000 271
1650000 273
1675000 274
1700000 273
1725000 271
1750000 270
1775000 270
1800000 269
1825000 269
1850000 266
1875000 266
1900000 267
1925000 271
1950000 275
1975000 276
2000000 276
2025000 277
2050000 279
2075000 273
2100000 274
2125000 270
2150000 269
2175000 272
2200000 270
2225000 269
2250000 270
2275000 267
2300000 271
2325000 276
2350000 275
2375000 274
2400000 268
2425000 269
2450000 265
2475000 265
2500000 266
2525000 265
2550000 264
2575000 265
2600000 266
2625000 268
2650000 273
2675000 270
2700000 272
2725000 273
2750000 267
2775000 270
2800000 273
2825000 273
2850000 273
2875000 277
2900000 275
2925000 277
2950000 279
2975000 277
3000000 276
3025000 279
3050000 281
3075000 278
3100000 279
3125000 280
3150000 276
3175000 274
3200000 277
3225000 280
3250000 276
3275000 273
3300000 270
3325000 275
3350000 273
3375000 276
3400000 274
3425000 275
3450000 275
3475000 275
3500000 276
3525000 269
3550000 275
3575000 273
3600000 273
3625000 270
3650000 273
3675000 274
3700000 274
3725000 274
3750000 271
3775000 273
3800000 272
3825000 274
3850000 275
3875000 274
3900000 275
3925000 275
3950000 272
3975000 272
4000000 267
4025000 263
4050000 267
4075000 268
4100000 268
4125000 266
4150000 268
4175000 271
4200000 273
4225000 271
4250000 268
4275000 268
4300000 264
4325000 262
4350000 267
4375000 268
4400000 268
4425000 271
4450000 275
4475000 274
4500000 270
4525000 269
4550000 269
4575000 271
4600000 270
4625000 273
4650000 271
4675000 269
4700000 271
4725000 273
4750000 274
4775000 277
4800000 278
4825000 279
4850000 278
4875000 277
4900000 280
4925000 280
4950000 281
4975000 282
5000000 278
5025000 274
5050000 273
5075000 272
5100000 273
5125000 271
5150000 269
5175000 270
5200000 270
5225000 274
5250000 271
5275000 271
5300000 269
5325000 274
5350000 272
5375000 271
5400000 269
5425000 268
5450000 266
5475000 265
5500000 267
5525000 264
5550000 266
5575000 266
5600000 270
5625000 269
5650000 268
5675000 267
5700000 266
5725000 265
5750000 267
5775000 267
5800000 267
5825000 271
5850000 271
5875000 271
5900000 269
5925000 272
5950000 271
5975000 271
6000000 274
6025000 278
6050000 277
6075000 273
6100000 275
6125000 276
6150000 279
6175000 279
6200000 280
6225000 282
6250000 280
6275000 278
6300000 278
6325000 284
6350000 283
6375000 281
6400000 282
6425000 280
6450000 278
6475000 275
6500000 279
6525000 280
6550000 283
6575000 289
6600000 288
6625000 285
6650000 287
6675000 284
6700000 280
6725000 285
6750000 289
6775000 286
6800000 290
6825000 288
6850000 281
6875000 281
6900000 278
6925000 275
6950000 276
6975000 275
7000000 274
7025000 273
7050000 273
7075000 274
7100000 273
7125000 276
7150000 277
7175000 277
7200000 278
7225000 274
7250000 275
7275000 275
7300000 272
7325000 274
7350000 274
7375000 275
7400000 275
7425000 276
7450000 276
7475000 278
7500000 277
7525000 277
7550000 276
7575000 276
7600000 272
7625000 270
7650000 272
7675000 274
7700000 273
7725000 276
7750000 278
7775000 278
7800000 280
7825000 279
7850000 279
7875000 279
7900000 278
7925000 273
7950000 272
7975000 269
8000000 269
8025000 270
8050000 270
8075000 275
8100000 274
8125000 275
8150000 277
8175000 269
8200000 273
8225000 267
8250000 268
8275000 267
8300000 271
8325000 271
8350000 272
8375000 273
8400000 272
8425000 269
8450000 268
8475000 270
8500000 270
8525000 275
8550000 277
8575000 276
8600000 279
8625000 282
8650000 284
8675000 283
8700000 284
8725000 282
8750000 279
8775000 279
8800000 276
8825000 280
8850000 278
8875000 271
8900000 273
8925000 274
8950000 270
8975000 272
9000000 270
9025000 275
9050000 278
9075000 275
9100000 275
9125000 279
9150000 277
9175000 279
9200000 280
9225000 278
9250000 274
9275000 273
9300000 271
9325000 274
9350000 275
9375000 271
9400000 270
9425000 275
9450000 274
9475000 277
9500000 275
9525000 274
9550000 272
9575000 271
9600000 273
9625000 272
9650000 274
9675000 274
9700000 278
9725000 279
9750000 277
9775000 276
9800000 273
9825000 271
9850000 273
9875000 273
9900000 273
9925000 270
9950000 272
9975000 274
10000000 275
10025000 277
10050000 278
10075000 275
10100000 279
10125000 276
10150000 276
10175000 278
10200000 275
10225000 275
10250000 274
10275000 276
10300000 279
10325000 277
10350000 281
10375000 283
10400000 285
10425000 283
10450000 284
10475000 284
10500000 282
10525000 282
10550000 282
10575000 284
10600000 281
10625000 278
10650000 275
10675000 276
10700000 276
10725000 273
10750000 272
10775000 275
10800000 276
10825000 275
10850000 273
10875000 273
10900000 275
10925000 270
10950000 273
10975000 270
11000000 272
11025000 270
11050000 267
11075000 269
11100000 272
11125000 278
11150000 275
11175000 273
11200000 269
11225000 275
11250000 271
11275000 269
11300000 269
11325000 272
11350000 274
11375000 273
11400000 271
11425000 270
11450000 273
11475000 274
11500000 269
11525000 272
11550000 276
11575000 275
11600000 275
11625000 274
11650000 270
11675000 274
11700000 274
11725000 277
11750000 277
11775000 281
11800000 280
11825000 281
11850000 278
11875000 277
11900000 278
11925000 276
11950000 279
11975000 276
12000000 276
12025000 271
12050000 268
12075000 271
12100000 276
12125000 276
12150000 278
12175000 277
12200000 275
12225000 273
12250000 275
12275000 272
12300000 270
12325000 267
12350000 266
12375000 266
12400000 267
12425000 267
12450000 268
12475000 269
12500000 268
12525000 265
12550000 263
12575000 261
12600000 264
12625000 266
12650000 266
12675000 268
12700000 268
12725000 268
12750000 270
12775000 271
12800000 275
12825000 275
12850000 275
12875000 274
12900000 273
12925000 272
12950000 266
12975000 266
13000000 269
13025000 271
13050000 276
13075000 275
13100000 273
13125000 276
13150000 277
13175000 278
13200000 277
13225000 274
13250000 276
13275000 276
13300000 279
13325000 276
13350000 276
13375000 276
13400000 274
13425000 276
13450000 275
13475000 277
13500000 278
13525000 277
13550000 276
13575000 280
13600000 283
13625000 279
13650000 279
13675000 277
13700000 275
13725000 276
13750000 273
13775000 267
13800000 267
13825000 266
13850000 268
13875000 270
13900000 270
13925000 263
13950000 263
13975000 266
14000000 270
14025000 271
14050000 275
14075000 274
14100000 267
14125000 264
14150000 266
14175000 265
14200000 269
14225000 268
14250000 267
14275000 268
14300000 267
14325000 267
14350000 266
14375000 269
14400000 267
14425000 269
14450000 265
14475000 267
14500000 269
14525000 271
14550000 275
14575000 280
14600000 282
14625000 282
14650000 281
14675000 282
14700000 281
14725000 277
14750000 280
14775000 278
14800000 279
14825000 277
14850000 280
14875000 276
14900000 279
14925000 279
14950000 280
14975000 278
15000000 280
15025000 276
15050000 274
15075000 275
15100000 275
15125000 275
15150000 274
15175000 273
15200000 275
15225000 279
15250000 279
15275000 277
15300000 274
15325000 278
15350000 275
15375000 274
15400000 275
15425000 276
15450000 279
15475000 278
15500000 278
15525000 276
15550000 277
15575000 276
15600000 275
15625000 273
15650000 273
15675000 273
15700000 268
15725000 271
15750000 271
15775000 269
15800000 272
15825000 274
15850000 276
15875000 275
15900000 276
15925000 281
15950000 281
15975000 282
16000000 282
16025000 280
16050000 278
16075000 280
16100000 279
16125000 276
16150000 272
16175000 272
16200000 275
16225000 272
16250000 271
16275000 269
16300000 269
16325000 269
16350000 270
16375000 266
16400000 268
16425000 272
16450000 268
16475000 269
16500000 270
16525000 273
16550000 270
16575000 269
16600000 266
16625000 264
16650000 265
16675000 263
16700000 265
16725000 264
16750000 268
16775000 267
16800000 266
16825000 265
16850000 265
16875000 270
16900000 275
16925000 272
16950000 272
16975000 269
17000000 274
17025000 276
17050000 275
17075000 273
17100000 274
17125000 278
17150000 279
17175000 278
17200000 277
17225000 282
17250000 282
17275000 280
17300000 280
17325000 279
17350000 277
17375000 274
17400000 275
17425000 274
17450000 273
17475000 278
17500000 281
17525000 282
17550000 276
17575000 277
17600000 275
17625000 273
17650000 274
17675000 275
17700000 276
17725000 272
17750000 274
17775000 276
17800000 279
17825000 282
17850000 278
17875000 281
17900000 277
17925000 275
17950000 277
17975000 277
18000000 275
18025000 276
18050000 273
18075000 275
18100000 276
18125000 277
18150000 274
18175000 279
18200000 285
18225000 282
18250000 283
18275000 282
18300000 282
18325000 273
18350000 273
18375000 276
18400000 277
18425000 276
18450000 272
18475000 274
18500000 276
18525000 275
18550000 268
18575000 269
18600000 270
18625000 274
18650000 273
18675000 277
18700000 279
18725000 275
18750000 280
18775000 277
18800000 275
18825000 275
18850000 276
18875000 277
18900000 278
18925000 275
18950000 274
18975000 272
19000000 272
19025000 275
19050000 275
19075000 274
19100000 272
19125000 274
19150000 272
19175000 271
19200000 269
19225000 269
19250000 268
19275000 273
19300000 274
19325000 268
19350000 268
19375000 270
19400000 274
19425000 273
19450000 270
19475000 273
19500000 271
19525000 275
19550000 272
19575000 271
19600000 271
19625000 272
19650000 271
19675000 271
19700000 272
19725000 269
19750000 273
19775000 272
19800000 273
19825000 274
19850000 276
19875000 276
19900000 274
19925000 272
19950000 274
19975000 273
20000000 271
20025000 273
20050000 272
20075000 272
20100000 271
20125000 274
20150000 272
20175000 270
20200000 274
20225000 272
20250000 276
20275000 276
20300000 277
20325000 281
20350000 278
20375000 278
20400000 278
20425000 277
20450000 277
20475000 279
20500000 278
20525000 276
20550000 275
20575000 272
20600000 273
20625000 275
20650000 273
20675000 278
20700000 278
20725000 277
20750000 278
20775000 277
20800000 273
20825000 271
20850000 268
20875000 269
20900000 271
20925000 268
20950000 272
20975000 276
21000000 278
21025000 280
21050000 278
21075000 278
21100000 277
21125000 278
21150000 283
21175000 280
21200000 279
21225000 276
21250000 272
21275000 275
21300000 276
21325000 277
21350000 279
21375000 277
21400000 274
21425000 272
21450000 270
21475000 273
21500000 272
21525000 276
21550000 274
21575000 274
21600000 275
21625000 277
21650000 276
21675000 277
21700000 278
21725000 278
21750000 275
21775000 279
21800000 279
21825000 280
21850000 275
21875000 274
21900000 274
21925000 275
21950000 275
21975000 275
22000000 271
22025000 273
22050000 272
22075000 274
22100000 275
22125000 270
22150000 273
22175000 275
22200000 275
22225000 275
22250000 275
22275000 276
22300000 275
22325000 275
22350000 275
22375000 278
22400000 275
22425000 273
22450000 274
22475000 274
22500000 270
22525000 271
22550000 269
22575000 270
22600000 271
22625000 273
22650000 272
22675000 273
22700000 272
22725000 272
22750000 275
22775000 276
22800000 277
22825000 270
22850000 270
22875000 275
22900000 273
22925000 277
22950000 281
22975000 282
23000000 284
23025000 281
23050000 278
23075000 278
23100000 273
23125000 274
23150000 276
23175000 275
23200000 279
23225000 277
23250000 275
23275000 276
23300000 275
23325000 276
23350000 276
23375000 275
23400000 273
23425000 270
23450000 270
23475000 269
23500000 271
23525000 270
23550000 269
23575000 271
23600000 271
23625000 274
23650000 276
23675000 275
23700000 276
23725000 278
23750000 278
23775000 275
23800000 274
23825000 277
23850000 276
23875000 278
23900000 274
23925000 275
23950000 277
23975000 277
24000000 273
24025000 274
24050000 275
24075000 275
24100000 270
24125000 269
24150000 268
24175000 269
24200000 266
24225000 273
24250000 278
24275000 275
24300000 278
24325000 275
24350000 276
24375000 274
24400000 274
24425000 272
24450000 270
24475000 271
24500000 272
24525000 272
24550000 277
24575000 275
24600000 273
24625000 271
24650000 275
24675000 276
24700000 275
24725000 277
24750000 278
24775000 278
24800000 278
24825000 279
24850000 274
24875000 273
24900000 272
24925000 270
24950000 270
24975000 270
25000000 268
