approx eq2 point is 7035000 which is at step 281
Average PE: -2484.0165877607787
Average Coordination Number: 274.2002781641168

std=4.157612065125467
distribution: [273 274 273 276 277 277 278 274 275 275 272 274 274 275 275 276 276 278
 277 277 276 276 272 270 272 274 273 276 278 278 280 279 279 279 278 273
 272 269 269 270 270 275 274 275 277 269 273 267 268 267 271 271 272 273
 272 269 268 270 270 275 277 276 279 282 284 283 284 282 279 279 276 280
 278 271 273 274 270 272 270 275 278 275 275 279 277 279 280 278 274 273
 271 274 275 271 270 275 274 277 275 274 272 271 273 272 274 274 278 279
 277 276 273 271 273 273 273 270 272 274 275 277 278 275 279 276 276 278
 275 275 274 276 279 277 281 283 285 283 284 284 282 282 282 284 281 278
 275 276 276 273 272 275 276 275 273 273 275 270 273 270 272 270 267 269
 272 278 275 273 269 275 271 269 269 272 274 273 271 270 273 274 269 272
 276 275 275 274 270 274 274 277 277 281 280 281 278 277 278 276 279 276
 276 271 268 271 276 276 278 277 275 273 275 272 270 267 266 266 267 267
 268 269 268 265 263 261 264 266 266 268 268 268 270 271 275 275 275 274
 273 272 266 266 269 271 276 275 273 276 277 278 277 274 276 276 279 276
 276 276 274 276 275 277 278 277 276 280 283 279 279 277 275 276 273 267
 267 266 268 270 270 263 263 266 270 271 275 274 267 264 266 265 269 268
 267 268 267 267 266 269 267 269 265 267 269 271 275 280 282 282 281 282
 281 277 280 278 279 277 280 276 279 279 280 278 280 276 274 275 275 275
 274 273 275 279 279 277 274 278 275 274 275 276 279 278 278 276 277 276
 275 273 273 273 268 271 271 269 272 274 276 275 276 281 281 282 282 280
 278 280 279 276 272 272 275 272 271 269 269 269 270 266 268 272 268 269
 270 273 270 269 266 264 265 263 265 264 268 267 266 265 265 270 275 272
 272 269 274 276 275 273 274 278 279 278 277 282 282 280 280 279 277 274
 275 274 273 278 281 282 276 277 275 273 274 275 276 272 274 276 279 282
 278 281 277 275 277 277 275 276 273 275 276 277 274 279 285 282 283 282
 282 273 273 276 277 276 272 274 276 275 268 269 270 274 273 277 279 275
 280 277 275 275 276 277 278 275 274 272 272 275 275 274 272 274 272 271
 269 269 268 273 274 268 268 270 274 273 270 273 271 275 272 271 271 272
 271 271 272 269 273 272 273 274 276 276 274 272 274 273 271 273 272 272
 271 274 272 270 274 272 276 276 277 281 278 278 278 277 277 279 278 276
 275 272 273 275 273 278 278 277 278 277 273 271 268 269 271 268 272 276
 278 280 278 278 277 278 283 280 279 276 272 275 276 277 279 277 274 272
 270 273 272 276 274 274 275 277 276 277 278 278 275 279 279 280 275 274
 274 275 275 275 271 273 272 274 275 270 273 275 275 275 275 276 275 275
 275 278 275 273 274 274 270 271 269 270 271 273 272 273 272 272 275 276
 277 270 270 275 273 277 281 282 284 281 278 278 273 274 276 275 279 277
 275 276 275 276 276 275 273 270 270 269 271 270 269 271 271 274 276 275
 276 278 278 275 274 277 276 278 274 275 277 277 273 274 275 275 270 269
 268 269 266 273 278 275 278 275 276 274 274 272 270 271 272 272 277 275
 273 271 275 276 275 277 278 278 278 279 274 273 272 270 270 270 268][ 7035000  7060000  7085000  7110000  7135000  7160000  7185000  7210000
  7235000  7260000  7285000  7310000  7335000  7360000  7385000  7410000
  7435000  7460000  7485000  7510000  7535000  7560000  7585000  7610000
  7635000  7660000  7685000  7710000  7735000  7760000  7785000  7810000
  7835000  7860000  7885000  7910000  7935000  7960000  7985000  8010000
  8035000  8060000  8085000  8110000  8135000  8160000  8185000  8210000
  8235000  8260000  8285000  8310000  8335000  8360000  8385000  8410000
  8435000  8460000  8485000  8510000  8535000  8560000  8585000  8610000
  8635000  8660000  8685000  8710000  8735000  8760000  8785000  8810000
  8835000  8860000  8885000  8910000  8935000  8960000  8985000  9010000
  9035000  9060000  9085000  9110000  9135000  9160000  9185000  9210000
  9235000  9260000  9285000  9310000  9335000  9360000  9385000  9410000
  9435000  9460000  9485000  9510000  9535000  9560000  9585000  9610000
  9635000  9660000  9685000  9710000  9735000  9760000  9785000  9810000
  9835000  9860000  9885000  9910000  9935000  9960000  9985000 10010000
 10035000 10060000 10085000 10110000 10135000 10160000 10185000 10210000
 10235000 10260000 10285000 10310000 10335000 10360000 10385000 10410000
 10435000 10460000 10485000 10510000 10535000 10560000 10585000 10610000
 10635000 10660000 10685000 10710000 10735000 10760000 10785000 10810000
 10835000 10860000 10885000 10910000 10935000 10960000 10985000 11010000
 11035000 11060000 11085000 11110000 11135000 11160000 11185000 11210000
 11235000 11260000 11285000 11310000 11335000 11360000 11385000 11410000
 11435000 11460000 11485000 11510000 11535000 11560000 11585000 11610000
 11635000 11660000 11685000 11710000 11735000 11760000 11785000 11810000
 11835000 11860000 11885000 11910000 11935000 11960000 11985000 12010000
 12035000 12060000 12085000 12110000 12135000 12160000 12185000 12210000
 12235000 12260000 12285000 12310000 12335000 12360000 12385000 12410000
 12435000 12460000 12485000 12510000 12535000 12560000 12585000 12610000
 12635000 12660000 12685000 12710000 12735000 12760000 12785000 12810000
 12835000 12860000 12885000 12910000 12935000 12960000 12985000 13010000
 13035000 13060000 13085000 13110000 13135000 13160000 13185000 13210000
 13235000 13260000 13285000 13310000 13335000 13360000 13385000 13410000
 13435000 13460000 13485000 13510000 13535000 13560000 13585000 13610000
 13635000 13660000 13685000 13710000 13735000 13760000 13785000 13810000
 13835000 13860000 13885000 13910000 13935000 13960000 13985000 14010000
 14035000 14060000 14085000 14110000 14135000 14160000 14185000 14210000
 14235000 14260000 14285000 14310000 14335000 14360000 14385000 14410000
 14435000 14460000 14485000 14510000 14535000 14560000 14585000 14610000
 14635000 14660000 14685000 14710000 14735000 14760000 14785000 14810000
 14835000 14860000 14885000 14910000 14935000 14960000 14985000 15010000
 15035000 15060000 15085000 15110000 15135000 15160000 15185000 15210000
 15235000 15260000 15285000 15310000 15335000 15360000 15385000 15410000
 15435000 15460000 15485000 15510000 15535000 15560000 15585000 15610000
 15635000 15660000 15685000 15710000 15735000 15760000 15785000 15810000
 15835000 15860000 15885000 15910000 15935000 15960000 15985000 16010000
 16035000 16060000 16085000 16110000 16135000 16160000 16185000 16210000
 16235000 16260000 16285000 16310000 16335000 16360000 16385000 16410000
 16435000 16460000 16485000 16510000 16535000 16560000 16585000 16610000
 16635000 16660000 16685000 16710000 16735000 16760000 16785000 16810000
 16835000 16860000 16885000 16910000 16935000 16960000 16985000 17010000
 17035000 17060000 17085000 17110000 17135000 17160000 17185000 17210000
 17235000 17260000 17285000 17310000 17335000 17360000 17385000 17410000
 17435000 17460000 17485000 17510000 17535000 17560000 17585000 17610000
 17635000 17660000 17685000 17710000 17735000 17760000 17785000 17810000
 17835000 17860000 17885000 17910000 17935000 17960000 17985000 18010000
 18035000 18060000 18085000 18110000 18135000 18160000 18185000 18210000
 18235000 18260000 18285000 18310000 18335000 18360000 18385000 18410000
 18435000 18460000 18485000 18510000 18535000 18560000 18585000 18610000
 18635000 18660000 18685000 18710000 18735000 18760000 18785000 18810000
 18835000 18860000 18885000 18910000 18935000 18960000 18985000 19010000
 19035000 19060000 19085000 19110000 19135000 19160000 19185000 19210000
 19235000 19260000 19285000 19310000 19335000 19360000 19385000 19410000
 19435000 19460000 19485000 19510000 19535000 19560000 19585000 19610000
 19635000 19660000 19685000 19710000 19735000 19760000 19785000 19810000
 19835000 19860000 19885000 19910000 19935000 19960000 19985000 20010000
 20035000 20060000 20085000 20110000 20135000 20160000 20185000 20210000
 20235000 20260000 20285000 20310000 20335000 20360000 20385000 20410000
 20435000 20460000 20485000 20510000 20535000 20560000 20585000 20610000
 20635000 20660000 20685000 20710000 20735000 20760000 20785000 20810000
 20835000 20860000 20885000 20910000 20935000 20960000 20985000 21010000
 21035000 21060000 21085000 21110000 21135000 21160000 21185000 21210000
 21235000 21260000 21285000 21310000 21335000 21360000 21385000 21410000
 21435000 21460000 21485000 21510000 21535000 21560000 21585000 21610000
 21635000 21660000 21685000 21710000 21735000 21760000 21785000 21810000
 21835000 21860000 21885000 21910000 21935000 21960000 21985000 22010000
 22035000 22060000 22085000 22110000 22135000 22160000 22185000 22210000
 22235000 22260000 22285000 22310000 22335000 22360000 22385000 22410000
 22435000 22460000 22485000 22510000 22535000 22560000 22585000 22610000
 22635000 22660000 22685000 22710000 22735000 22760000 22785000 22810000
 22835000 22860000 22885000 22910000 22935000 22960000 22985000 23010000
 23035000 23060000 23085000 23110000 23135000 23160000 23185000 23210000
 23235000 23260000 23285000 23310000 23335000 23360000 23385000 23410000
 23435000 23460000 23485000 23510000 23535000 23560000 23585000 23610000
 23635000 23660000 23685000 23710000 23735000 23760000 23785000 23810000
 23835000 23860000 23885000 23910000 23935000 23960000 23985000 24010000
 24035000 24060000 24085000 24110000 24135000 24160000 24185000 24210000
 24235000 24260000 24285000 24310000 24335000 24360000 24385000 24410000
 24435000 24460000 24485000 24510000 24535000 24560000 24585000 24610000
 24635000 24660000 24685000 24710000 24735000 24760000 24785000 24810000
 24835000 24860000 24885000 24910000 24935000 24960000 24985000]