timestep Temp E_pair E_mol TotEng
10000 143.3161 -1430.8236 1180.6949 2099.4607
15000 302.39554 -1329.3264 2392.2441 6020.5278
20000 301.74368 -1565.0005 2389.6141 5771.5369
25000 296.31373 -1839.8162 2426.5117 5444.5976
30000 301.76122 -1947.0907 2388.1266 5388.2467
35000 299.35068 -2017.4614 2387.6172 5277.8471
40000 300.61374 -2128.2494 2379.8315 5179.9807
45000 293.50895 -2226.8508 2313.7048 4898.7733
50000 296.10163 -2273.486 2347.6062 4928.5451
55000 303.56116 -2323.7446 2378.5627 5031.5379
60000 304.87073 -2418.3733 2306.4505 4886.2668
65000 300.79127 -2448.6113 2382.9929 4865.6906
70000 307.86561 -2475.1417 2389.529 4961.6764
75000 296.5667 -2516.5825 2367.5429 4713.0099
80000 306.93997 -2574.3577 2371.6424 4829.3983
85000 300.58277 -2620.9615 2378.4165 4685.3457
90000 302.38273 -2611.9388 2360.7721 4706.2335
95000 301.12072 -2675.2438 2351.3574 4612.8238
100000 300.62432 -2675.6654 2340.4323 4593.3389
105000 296.00239 -2689.9822 2318.4351 4481.2509
110000 292.73445 -2713.2668 2321.4443 4407.3994
115000 299.9932 -2705.5401 2354.0046 4566.6897
120000 298.71434 -2718.3252 2312.9687 4491.9024
125000 300.36983 -2725.1723 2302.1017 4501.3291
130000 301.49304 -2758.4771 2329.3985 4513.7355
135000 300.48854 -2811.5575 2324.7589 4439.5473
140000 302.53965 -2825.6359 2386.0337 4520.3707
145000 299.03493 -2878.0658 2390.0738 4414.5228
150000 301.79234 -2886.4663 2374.3783 4435.633
155000 303.18271 -2910.1517 2259.1668 4319.5304
160000 302.32453 -2897.2347 2359.0716 4418.283
165000 301.12018 -2964.847 2276.982 4248.8364
170000 305.17644 -2921.0929 2341.8067 4423.9152
175000 302.96087 -2916.2278 2320.2044 4370.8551
180000 301.60878 -2939.0282 2366.9108 4372.5942
185000 301.33099 -2878.3375 2300.6831 4362.5029
190000 300.94701 -2900.5122 2347.4779 4380.828
195000 299.7801 -2904.3689 2300.4901 4310.8526
200000 302.14182 -2909.0908 2326.8549 4371.2147
205000 301.08379 -2933.1065 2309.5709 4312.5692
210000 296.78042 -2957.3573 2387.5428 4295.7388
215000 305.10568 -2965.6965 2404.3191 4440.664
220000 301.406 -2978.4443 2322.3702 4285.3132
225000 302.73199 -2954.7241 2327.3775 4335.7795
230000 302.78449 -3020.8916 2289.7221 4232.8174
235000 304.03108 -3048.0981 2404.102 4340.4279
240000 298.5372 -3065.7685 2331.9504 4160.5367
245000 304.2273 -3036.9477 2357.8445 4308.5377
250000 298.24782 -3067.4685 2372.2857 4194.4277
255000 297.52728 -3051.7831 2305.3024 4131.3169
260000 302.14393 -3069.759 2268.9608 4152.687
265000 299.6009 -3046.0961 2308.7542 4174.4517
270000 292.74962 -3032.7739 2372.0099 4138.7065
275000 297.90888 -2976.3618 2343.1351 4250.8271
280000 298.58766 -2995.2942 2305.0759 4204.9637
285000 296.46619 -3008.45 2327.1435 4179.0953
290000 297.26475 -3023.9516 2318.5494 4168.0916
295000 299.79778 -2996.5926 2339.2965 4257.7252
300000 296.28251 -2943.7391 2345.1412 4258.7924
305000 304.61928 -3036.3694 2348.8329 4306.5307
310000 306.42279 -3000.8669 2354.1766 4376.9444
315000 294.74825 -2965.7128 2276.7516 4143.2758
320000 297.51621 -2996.4122 2330.8652 4212.0692
325000 294.69725 -3004.796 2272.1835 4098.7884
330000 300.97391 -2974.7087 2366.9809 4326.5755
335000 296.77369 -2945.9392 2324.2553 4243.7591
340000 299.92897 -2992.7085 2238.1406 4162.6042
345000 298.52728 -2931.5311 2324.4247 4287.0857
350000 298.13403 -2972.4716 2354.7729 4270.0464
355000 302.53869 -2994.1522 2284.6348 4250.4398
360000 305.49489 -2975.8169 2405.941 4438.5464
365000 302.28189 -2982.5916 2296.6401 4269.7953
370000 299.19741 -3000.5661 2274.7796 4179.392
375000 306.04746 -2995.4176 2345.7382 4367.802
380000 296.92339 -2962.96 2314.9013 4219.8386
385000 296.58647 -3008.8432 2328.2217 4181.7522
390000 296.7816 -2972.7369 2357.2231 4250.0588
395000 301.85225 -2968.0345 2326.5006 4307.1693
400000 299.05701 -3012.4705 2298.8197 4189.226
405000 298.8556 -2989.9094 2353.9159 4263.5812
410000 294.16683 -2986.4632 2373.8602 4210.1018
415000 294.95335 -2988.1293 2339.3819 4186.8521
420000 301.58627 -2987.3513 2285.6263 4242.6176
425000 299.34982 -2952.337 2373.7096 4329.0497
430000 299.23962 -2975.504 2339.7075 4270.074
435000 296.60242 -2980.8188 2355.7377 4237.5541
440000 298.70534 -2946.8366 2312.0639 4262.3386
445000 302.05811 -2966.4284 2284.1218 4269.7716
450000 296.08329 -2932.3522 2332.2704 4254.0424
455000 303.10267 -2963.877 2343.8787 4349.2049
460000 301.42913 -2978.503 2396.3436 4359.607
465000 296.72294 -2998.6303 2331.3294 4197.3101
470000 298.66186 -3005.0904 2335.1257 4226.4338
475000 298.30704 -2994.9399 2356.146 4251.7875
480000 304.86883 -2985.8639 2301.6509 4313.9454
485000 295.85536 -3063.2195 2298.5266 4085.6946
490000 299.4851 -3051.3034 2365.2071 4223.7987
495000 300.4232 -3040.1402 2378.1982 4263.3328
500000 296.68482 -3037.9765 2300.8821 4126.8917
505000 297.55266 -3008.5268 2342.4221 4212.1091
510000 303.57203 -3018.5897 2356.5082 4314.8166
515000 302.22682 -2988.3903 2316.6983 4283.1521
520000 298.27154 -3000.355 2320.2729 4209.9174
525000 297.80563 -2997.2122 2302.4763 4187.6252
530000 299.0032 -3016.3558 2370.3855 4256.0243
535000 300.53306 -2985.6497 2363.8595 4305.2855
540000 304.16254 -2994.7277 2340.2169 4332.0683
545000 301.20657 -3061.5306 2324.6145 4201.2016
550000 295.05984 -3025.9885 2350.119 4161.4758
555000 300.91712 -3079.0675 2355.5853 4209.89
560000 305.92546 -3046.4853 2323.8403 4292.8363
565000 299.92466 -3076.7676 2339.8165 4180.1504
570000 299.93474 -3068.8666 2298.4029 4146.803
575000 299.34297 -3075.864 2323.4985 4155.1995
580000 298.63592 -3109.3204 2282.1546 4068.8075
585000 304.27838 -3068.5161 2327.0842 4247.0463
590000 301.56353 -3092.1389 2259.2919 4111.1229
595000 300.85583 -3091.8037 2268.4014 4108.9651
600000 300.48392 -3102.1832 2283.0105 4107.0975
605000 301.87503 -3071.8423 2290.4955 4167.7299
610000 301.8587 -3086.0071 2317.0081 4179.8101
615000 298.08889 -3079.5295 2337.7422 4145.2177
620000 298.73343 -3059.7141 2336.3401 4174.1978
625000 298.47525 -3057.1692 2311.9446 4148.1146
630000 303.59954 -3093.1723 2354.0138 4238.1905
635000 302.15894 -3083.076 2411.0816 4281.7367
640000 304.21497 -3085.4077 2305.3923 4207.4233
645000 294.47194 -3026.6318 2347.0584 4148.1338
650000 304.41681 -3028.6983 2277.7335 4239.783
655000 301.05524 -3078.4497 2287.764 4144.951
660000 303.28163 -3065.3762 2393.3386 4300.0996
665000 301.76526 -3065.7068 2279.2009 4160.7711
670000 297.58569 -3087.3165 2353.3051 4144.744
675000 300.08857 -3053.2733 2306.2194 4172.7348
680000 299.00922 -3070.0467 2345.2484 4177.295
685000 303.37811 -3049.0661 2335.4922 4260.1449
690000 300.67522 -3038.4548 2364.7851 4255.7367
695000 302.11439 -3065.0847 2334.8789 4222.7951
700000 295.22662 -3054.9621 2333.2921 4118.4096
705000 302.40091 -3084.0993 2355.7242 4229.3232
710000 301.8637 -3047.2931 2391.986 4293.5838
715000 295.38705 -3103.8174 2366.1051 4104.9976
720000 298.84616 -3114.5948 2300.4195 4085.2447
725000 302.79102 -3127.7422 2402.1808 4238.5325
730000 301.97326 -3119.6416 2273.9109 4104.9563
735000 299.5552 -3145.2411 2314.1909 4079.9941
740000 298.71143 -3180.9184 2257.5223 3973.815
745000 295.32118 -3155.8377 2360.1385 4045.9306
750000 298.10306 -3120.5011 2406.9778 4173.714
755000 295.63429 -3082.8132 2327.0549 4091.0049
760000 303.97928 -3086.0258 2301.5631 4199.1121
765000 300.09891 -3081.7251 2335.2938 4173.5268
770000 303.12396 -3086.2393 2323.2867 4206.5996
775000 299.60632 -3095.7838 2289.8073 4105.906
780000 303.13576 -3077.662 2254.8669 4146.9505
785000 300.81316 -3046.233 2304.6077 4190.0426
790000 307.67991 -3076.1656 2372.8239 4340.9028
795000 298.86658 -3095.7643 2286.505 4090.4954
800000 299.19762 -3106.1324 2331.9566 4131.0063
805000 303.86516 -3103.9753 2256.1173 4133.8457
810000 298.50471 -3074.1089 2346.6211 4166.3343
815000 304.51949 -3091.8451 2324.5573 4225.1434
820000 301.38607 -3097.5295 2280.3807 4123.9115
825000 303.6252 -3096.475 2297.6945 4178.9892
830000 300.51625 -3072.3353 2289.7737 4144.2387
835000 305.10971 -3052.1834 2332.9256 4282.8496
840000 304.24571 -3063.9083 2322.1497 4246.1841
845000 299.79399 -3046.1475 2291.0262 4159.8378
850000 297.62037 -3023.0881 2348.9065 4205.1423
855000 296.61609 -3056.7873 2287.6411 4093.7129
860000 297.66949 -3046.6141 2238.964 4072.479
865000 296.33712 -3040.1136 2365.2233 4183.3954
870000 300.4657 -3026.1879 2355.4132 4255.1968
875000 297.29307 -3058.9326 2297.0996 4112.125
880000 304.89893 -3044.6852 2437.0681 4391.0347
885000 299.56826 -3036.906 2258.7381 4133.0906
890000 302.31785 -3066.2299 2358.1266 4248.2333
895000 296.04059 -3042.3283 2390.4682 4201.564
900000 299.15361 -3062.3462 2288.2923 4130.4066
905000 300.51914 -3066.2148 2321.4936 4182.1264
910000 294.11551 -3059.355 2300.5579 4063.0665
915000 296.65142 -3018.0843 2351.8847 4197.2387
920000 300.04822 -3042.8293 2343.1253 4219.4232
925000 297.52848 -3034.1312 2357.4481 4201.1342
930000 302.17238 -3040.7109 2338.6352 4251.8759
935000 290.92479 -2992.4759 2258.9454 4036.023
940000 296.88556 -3041.2142 2365.6858 4191.7486
945000 303.17111 -3027.3156 2326.6695 4269.679
950000 306.12621 -3055.8521 2285.6238 4248.5441
955000 305.03921 -3040.9446 2297.2842 4257.2913
960000 291.99034 -3086.1885 2282.8615 3983.6956
965000 301.74119 -3082.4337 2289.9808 4154.4296
970000 303.0235 -3047.232 2286.6737 4207.3468
975000 304.80881 -3049.6703 2335.2235 4282.7276
980000 300.30509 -3036.264 2277.9793 4165.0537
985000 297.38516 -3078.0505 2299.141 4096.5582
990000 300.61018 -3040.1953 2311.7924 4199.9373
995000 300.14456 -3036.0985 2351.2072 4235.8153
1000000 297.01124 -3017.4023 2321.4327 4173.3678
1005000 296.61794 -3002.1716 2342.561 4203.279
1010000 300.39587 -3003.3696 2384.5418 4305.9989
1015000 293.46643 -3050.7207 2305.7163 4066.2178
1020000 299.55002 -3080.9892 2331.9449 4161.9151
1025000 300.44262 -3073.6865 2327.1502 4179.0568
1030000 302.99332 -3109.0712 2352.2205 4210.5596
1035000 302.66828 -3057.6849 2324.8913 4229.288
1040000 297.47907 -3068.5769 2264.2093 4072.6396
1045000 302.91149 -3095.0924 2294.4831 4165.4597
1050000 302.60465 -3053.5116 2315.2108 4222.7375
1055000 302.788 -3091.4615 2237.7264 4110.3092
1060000 297.09632 -3087.2061 2312.7138 4096.2401
1065000 297.21026 -3087.3383 2363.2532 4148.5152
1070000 301.09522 -3110.6072 2313.5122 4139.197
1075000 302.02936 -3128.2045 2291.9746 4115.3769
1080000 294.12609 -3130.3858 2351.6387 4043.2899
1085000 299.02363 -3095.4501 2382.2538 4189.1332
1090000 303.27655 -3085.7158 2308.5733 4194.9114
1095000 301.86643 -3089.4565 2299.1661 4158.6453
1100000 296.75356 -3106.2826 2318.1159 4076.9463
1105000 303.43747 -3088.5095 2313.1146 4199.2972
1110000 296.9842 -3091.7753 2267.0463 4044.1652
1115000 302.40294 -3106.605 2352.9554 4204.0819
1120000 308.55687 -3106.6105 2320.9854 4272.9968
1125000 299.65702 -3097.2092 2334.1482 4149.6526
1130000 304.25945 -3057.9185 2277.018 4207.2674
1135000 302.25351 -3090.0332 2360.5904 4225.8388
1140000 299.73471 -3077.2818 2294.261 4130.9665
1145000 297.20652 -3074.8677 2302.008 4099.6793
1150000 306.5703 -3140.3286 2392.0931 4277.8175
1155000 299.20933 -3126.2556 2239.795 4018.9134
1160000 304.79079 -3157.5051 2278.5755 4117.9493
1165000 301.43102 -3136.0273 2376.7278 4182.4979
1170000 299.00687 -3161.9772 2300.1755 4040.2531
1175000 299.53298 -3177.7746 2280.121 4013.0264
1180000 297.23181 -3158.232 2360.1626 4074.8841
1185000 300.60302 -3175.724 2338.6823 4091.181
1190000 298.79142 -3179.4293 2372.0385 4091.1318
1195000 304.87321 -3157.3351 2311.355 4152.2501
1200000 298.83956 -3173.1289 2265.1066 3991.2894
1205000 301.45163 -3177.6412 2338.2432 4102.7372
1210000 303.89943 -3183.9562 2313.2499 4111.5593
1215000 303.90049 -3161.2533 2254.8047 4075.8343
1220000 296.99225 -3181.5037 2346.7343 4034.2568
1225000 298.97758 -3196.9742 2298.3791 4002.9795
1230000 296.21608 -3167.4175 2294.437 3983.3207
1235000 303.20647 -3145.0186 2235.9966 4061.8829
1240000 304.53307 -3175.3105 2382.3939 4199.7371
1245000 302.9349 -3130.9103 2278.9184 4114.4607
1250000 299.27782 -3101.0704 2281.0776 4086.504
1255000 296.53595 -3126.4179 2323.9093 4059.0367
1260000 297.63632 -3161.1363 2286.9821 4005.4311
1265000 304.05378 -3121.5166 2333.8495 4197.1289
1270000 299.35667 -3114.074 2381.5181 4175.2338
1275000 301.59344 -3094.3465 2327.0582 4177.1718
1280000 302.23028 -3065.6606 2359.4106 4248.6508
1285000 299.28617 -3103.9491 2320.6391 4123.3238
1290000 300.90687 -3085.0631 2284.8612 4133.0024
1295000 302.32523 -3110.1518 2335.8037 4182.1094
1300000 302.7075 -3110.4665 2293.8476 4146.1058
1305000 297.67212 -3118.9191 2286.1249 4047.3781
1310000 299.9242 -3123.2769 2391.471 4185.2881
1315000 301.6238 -3086.4865 2338.1046 4196.576
1320000 299.14237 -3102.2742 2328.433 4130.4351
1325000 307.76372 -3108.1419 2342.7038 4280.1804
1330000 298.19867 -3099.965 2303.2363 4092.076
1335000 297.95544 -3096.4808 2357.9314 4146.2679
1340000 298.94128 -3099.3049 2388.9915 4190.6661
1345000 298.56974 -3066.1797 2344.2779 4172.9864
1350000 306.94067 -3133.7651 2422.2497 4320.6096
1355000 299.09801 -3045.5051 2339.7134 4197.7574
1360000 302.54485 -3054.8485 2357.4736 4262.6832
1365000 297.35998 -3015.152 2279.0884 4138.9913
1370000 297.65309 -3065.9525 2289.1549 4103.0626
1375000 296.64399 -3044.9739 2327.8631 4146.2059
1380000 299.78335 -3051.4851 2326.6463 4189.9458
1385000 299.17121 -3087.8845 2333.9666 4150.8311
1390000 303.39868 -3058.1543 2365.9146 4281.8164
1395000 295.80955 -3154.5111 2319.0022 4014.1274
1400000 301.88988 -3073.9877 2337.7836 4213.1161
1405000 300.92992 -3085.3627 2295.4576 4143.677
1410000 295.32555 -3093.9333 2365.5807 4113.3489
1415000 293.39401 -3049.1211 2338.8132 4099.7271
1420000 300.17956 -3096.4988 2340.2925 4165.0741
1425000 300.95239 -3095.7365 2338.821 4177.0349
1430000 299.39594 -3017.1446 2343.949 4235.2378
1435000 295.81413 -3050.9414 2312.9019 4111.672
1440000 300.44496 -3033.1225 2274.7524 4167.2614
1445000 298.85131 -2990.6193 2259.3861 4168.2713
1450000 302.40508 -3026.5896 2305.1826 4236.3595
1455000 298.88035 -3031.2879 2296.3896 4165.0823
1460000 304.96803 -2998.1749 2353.5946 4355.2044
1465000 303.75753 -3038.0984 2416.8332 4358.6741
1470000 297.85467 -3018.904 2332.9474 4197.2085
1475000 302.50669 -2961.3582 2354.9951 4353.0693
1480000 302.9756 -2992.528 2339.5411 4314.133
1485000 296.55872 -2993.873 2314.0871 4182.1327
1490000 297.60036 -3023.4331 2344.3411 4199.9037
1495000 298.32588 -3031.759 2314.5824 4173.7137
1500000 300.48589 -3046.4447 2288.0046 4167.8622
1505000 301.41901 -3032.0933 2362.7439 4272.2511
1510000 303.09713 -3018.7729 2278.9495 4229.2889
1515000 296.32419 -3067.9955 2373.1573 4163.2354
1520000 303.85999 -3039.9045 2355.2919 4297.0064
1525000 299.86675 -3111.529 2321.8563 4126.4793
1530000 302.11028 -3066.4639 2342.2746 4228.7442
1535000 297.71757 -3047.7554 2329.3637 4162.5257
1540000 301.4588 -3067.2616 2279.2331 4154.2244
1545000 298.89202 -3015.9947 2361.1232 4245.3003
1550000 289.97585 -3050.088 2319.0761 4022.9843
1555000 299.08043 -3052.6552 2263.812 4114.4175
1560000 300.23827 -3037.4827 2403.2281 4287.9884
1565000 296.55344 -3059.7004 2356.2833 4158.415
1570000 301.26453 -3005.8776 2289.1293 4222.3195
1575000 289.54358 -3024.5504 2386.4549 4108.8138
1580000 296.21717 -3052.6274 2380.3063 4183.9979
1585000 300.38452 -3025.4768 2403.354 4302.5178
1590000 299.94805 -3062.3579 2259.3434 4114.4705
1595000 296.17487 -3062.9416 2332.15 4124.8341
1600000 297.23514 -3064.6987 2355.0484 4163.3579
1605000 307.39204 -3064.8692 2310.4308 4285.0867
1610000 301.16963 -3044.5373 2317.0896 4210.0643
1615000 303.39967 -3044.4272 2347.0301 4276.6752
1620000 302.54849 -3043.6388 2329.3621 4245.841
1625000 293.58665 -3060.0221 2306.6012 4059.7723
1630000 299.84097 -3056.243 2301.1257 4160.6121
1635000 298.36457 -3043.9369 2325.2255 4172.8133
1640000 296.15139 -3041.2232 2370.9148 4184.9323
1645000 303.235 -3056.4988 2376.8556 4291.7295
1650000 300.51001 -3012.7987 2304.1812 4218.0804
1655000 296.0067 -3012.3345 2379.8604 4220.3944
1660000 306.53417 -3054.322 2342.9262 4314.065
1665000 302.92866 -3065.5678 2370.4617 4271.2444
1670000 305.20317 -3059.3873 2323.0005 4267.2528
1675000 299.6233 -3028.7519 2352.5291 4235.938
1680000 299.03479 -3023.0726 2342.5639 4222.0037
1685000 301.69838 -3063.9216 2257.1686 4139.4276
1690000 300.61136 -3073.1117 2365.7164 4220.9643
1695000 302.30675 -3075.3231 2281.4482 4162.2796
1700000 296.16272 -3046.271 2306.8803 4116.0359
1705000 302.14537 -3029.7106 2320.3541 4244.1522
1710000 304.53534 -3059.7508 2363.2383 4296.1785
1715000 304.79643 -3080.1711 2289.9512 4206.7515
1720000 297.10081 -3076.685 2265.5171 4059.638
1725000 300.34661 -3125.4347 2308.9342 4107.5185
1730000 299.48636 -3083.086 2299.7188 4126.5485
1735000 298.08002 -3088.4022 2355.0887 4153.546
1740000 302.66348 -3083.2606 2342.5881 4221.3305
1745000 297.4938 -3036.7415 2397.4888 4237.996
1750000 296.94095 -3069.92 2355.7082 4153.9733
1755000 298.45114 -3067.0955 2311.0417 4136.8901
1760000 298.62844 -3055.7352 2323.902 4164.0174
1765000 298.71868 -3084.8571 2309.1877 4121.6606
1770000 299.83426 -3060.0898 2333.6881 4189.2176
1775000 302.04252 -3106.5057 2380.3226 4225.6394
1780000 304.02451 -3052.4872 2307.1286 4238.9576
1785000 303.11296 -3083.1366 2386.7975 4273.0327
1790000 299.80315 -3041.1884 2299.0853 4173.0063
1795000 301.96316 -3052.9531 2319.6 4217.1684
1800000 294.77995 -3088.1178 2238.5872 3983.226
1805000 297.36006 -3061.5577 2332.8398 4146.3382
1810000 301.46945 -3057.6067 2326.3924 4211.213
1815000 297.92099 -3102.4868 2306.5171 4088.2828
1820000 302.85547 -3096.1145 2324.3163 4193.3524
1825000 298.68049 -3071.2948 2332.067 4157.4762
1830000 301.84016 -3081.0545 2329.8942 4197.3447
1835000 299.59246 -3101.1176 2284.9621 4095.4996
1840000 295.8242 -3089.0811 2338.2071 4099.0026
1845000 300.93037 -3095.7728 2314.6058 4152.4226
1850000 301.61292 -3088.8587 2338.6513 4194.5722
1855000 299.3342 -3054.1711 2287.0241 4140.2741
1860000 300.15253 -3097.3572 2281.9005 4105.3806
1865000 300.01981 -3138.0836 2333.9459 4114.5238
1870000 299.69341 -3104.3882 2288.2475 4097.1693
1875000 299.02209 -3082.423 2306.5284 4126.4096
1880000 300.22994 -3097.514 2352.7446 4177.337
1885000 305.03138 -3072.7291 2285.2669 4213.3611
1890000 302.52362 -3085.0731 2287.2263 4161.8632
1895000 303.13304 -3098.6321 2362.6628 4233.7318
1900000 301.97113 -3059.4426 2374.6607 4265.8702
1905000 297.98284 -3065.3804 2290.9041 4110.79
1910000 297.1235 -3057.4899 2364.3016 4177.9897
1915000 301.98003 -3064.4473 2361.9019 4248.2526
1920000 302.05589 -3097.1447 2258.8012 4113.6982
1925000 298.10211 -3104.4991 2375.8487 4158.5714
1930000 299.53355 -3086.8339 2323.8454 4147.7009
1935000 302.22345 -3051.3173 2351.5728 4255.0444
1940000 297.49171 -3032.5443 2301.3332 4146.0034
1945000 295.49216 -3069.0998 2340.2116 4115.5448
1950000 297.95297 -3045.6565 2370.6004 4209.7205
1955000 299.04086 -3037.8065 2367.2739 4232.0794
1960000 301.78395 -3064.3299 2338.3837 4221.6372
1965000 296.58536 -3076.4184 2315.0141 4100.9512
1970000 301.14765 -3058.5339 2332.0724 4210.6902
1975000 299.85628 -3048.5367 2291.7946 4159.2382
1980000 300.03828 -3070.5379 2301.8208 4150.247
1985000 295.12426 -3070.3924 2340.635 4108.644
1990000 297.28108 -3059.1393 2242.4202 4057.0423
1995000 297.31832 -3020.2461 2384.6695 4238.7953
2000000 299.73633 -2981.8957 2274.1467 4206.2649
2005000 300.01321 -2982.0876 2355.4754 4291.9409
2010000 296.66986 -2985.7372 2340.8029 4218.8064
2015000 299.85814 -3002.3114 2306.51 4220.2094
2020000 295.0869 -3031.8836 2386.5651 4192.4704
2025000 298.85424 -2989.1445 2317.7722 4228.1802
2030000 299.63241 -3008.194 2372.876 4276.9922
2035000 298.97177 -2994.1685 2310.4025 4217.7134
2040000 295.1222 -3050.2655 2349.9004 4138.0026
2045000 299.54986 -3037.4855 2319.0825 4192.5537
2050000 302.591 -3050.5862 2274.7225 4184.951
2055000 300.96932 -3097.5848 2305.611 4142.2543
2060000 305.88322 -3054.4712 2307.437 4267.7545
2065000 303.14512 -3082.9053 2332.9354 4219.9291
2070000 298.29074 -3062.1956 2350.9647 4179.0833
2075000 306.66137 -3035.746 2250.5686 4242.3688
2080000 301.48084 -3001.9681 2457.521 4398.1671
2085000 301.23001 -3032.4277 2294.9254 4200.9997
2090000 304.74965 -2987.0284 2302.0049 4311.1811
2095000 291.85681 -2980.7298 2344.0762 4148.1799
2100000 303.29077 -3007.0939 2300.1494 4265.3425
2105000 301.55824 -3031.0888 2265.6792 4178.4735
2110000 300.98749 -3036.7938 2353.2977 4251.0299
2115000 296.07518 -3022.327 2321.6822 4153.3466
2120000 302.42585 -3055.5817 2304.0606 4206.5859
2125000 302.85518 -3069.8955 2314.7723 4210.0225
2130000 301.89444 -3032.6218 2301.0785 4217.8515
2135000 303.87721 -3015.1959 2335.7287 4302.4341
2140000 299.07251 -3032.0344 2352.1433 4223.2398
2145000 304.08038 -3059.1784 2282.6712 4208.7249
2150000 301.29483 -3030.6206 2350.5616 4259.5057
2155000 302.41154 -3007.8255 2284.7643 4234.8111
2160000 296.6206 -3033.0197 2330.1343 4160.0479
2165000 297.33368 -3002.8604 2361.0679 4232.8313
2170000 301.66222 -3041.2873 2290.0966 4194.3971
2175000 298.22035 -3023.551 2356.0699 4221.6791
2180000 302.96418 -3051.5701 2351.4131 4266.7757
2185000 303.54719 -3031.6156 2364.1744 4309.0497
2190000 299.97723 -3027.4912 2292.1368 4182.6088
2195000 298.51338 -3000.4172 2393.7196 4287.2666
2200000 300.35168 -3072.9131 2289.6312 4140.8202
2205000 304.53111 -3029.2377 2329.7205 4293.1045
2210000 296.18157 -3052.3829 2268.9913 4072.3438
2215000 295.71251 -3048.8308 2302.2549 4101.4695
2220000 300.73632 -3006.6672 2318.8265 4242.5675
2225000 299.012 -3012.4451 2301.3248 4191.0187
2230000 300.95804 -2979.2333 2307.9947 4262.8044
2235000 301.06818 -2954.4698 2232.5947 4213.9737
2240000 306.11754 -3009.7924 2336.6749 4345.5129
2245000 307.64359 -2997.204 2274.3451 4320.7902
2250000 295.32737 -2984.1988 2316.2983 4173.8309
2255000 299.67498 -3017.5008 2335.4812 4230.9885
2260000 299.13899 -3037.2768 2271.1622 4138.1061
2265000 304.93964 -3002.3499 2401.5802 4398.5496
2270000 301.82251 -3013.2179 2312.5832 4247.5809
2275000 298.9373 -2972.1438 2314.1516 4242.9219
2280000 293.00668 -2978.4801 2307.1812 4132.386
2285000 299.62996 -3018.5656 2370.1525 4263.8569
2290000 293.7062 -2983.601 2322.2768 4153.829
2295000 303.39663 -3023.1567 2331.4797 4282.3455
2300000 298.15188 -2990.0693 2313.3145 4211.2829
2305000 297.82031 -3000.449 2318.1242 4200.2768
2310000 293.97917 -3018.8889 2340.8612 4141.6007
2315000 300.2199 -2986.0899 2307.0829 4242.9347
2320000 296.52102 -3024.2347 2321.8028 4158.8687
2325000 301.21661 -3022.0259 2335.1376 4251.3939
2330000 300.11092 -2988.4515 2340.4761 4272.1796
2335000 303.20607 -3019.5394 2273.4795 4224.8384
2340000 292.35262 -3018.4587 2298.4477 4072.9509
2345000 295.22398 -3026.3961 2358.4374 4172.0776
2350000 298.94836 -3017.097 2346.1285 4230.127
2355000 302.57003 -3008.1066 2315.4735 4267.8376
2360000 304.01421 -2968.3552 2342.1705 4357.9627
2365000 299.8166 -2979.7949 2287.5636 4223.0985
2370000 304.12364 -2983.2599 2314.3482 4317.0297
2375000 298.20126 -3002.057 2341.4894 4228.2797
2380000 299.81995 -2997.3512 2319.5347 4237.5684
2385000 303.72222 -2978.3898 2351.9314 4352.9019
2390000 297.83889 -2985.0624 2329.97 4227.814
2395000 304.87539 -3002.0753 2334.9176 4331.1083
2400000 296.99935 -3000.0406 2286.6611 4155.763
2405000 301.11208 -3060.2907 2305.4995 4181.7774
2410000 303.67669 -3040.9909 2366.1943 4303.8174
2415000 298.89708 -3018.2034 2309.0577 4191.1091
2420000 297.33681 -3027.2867 2332.459 4179.8473
2425000 298.68477 -3022.1675 2310.4903 4185.0968
2430000 301.80559 -2995.5574 2309.5961 4261.977
2435000 295.91814 -2976.1886 2300.6179 4175.846
2440000 295.93002 -2999.4915 2356.4096 4208.5296
2445000 301.73952 -2951.7161 2287.0248 4282.1638
2450000 297.57297 -2975.0644 2392.6238 4296.1061
2455000 304.2376 -2968.4462 2356.6499 4376.0133
2460000 295.58444 -3012.6864 2328.7426 4162.0021
2465000 295.27076 -2996.4033 2301.3873 4145.7873
2470000 296.58416 -3026.4018 2315.155 4151.0889
2475000 299.12071 -3060.1947 2365.4743 4209.2007
2480000 297.17988 -3023.5282 2302.6563 4151.2303
2485000 296.32196 -3044.7923 2381.5226 4194.7674
2490000 296.85317 -3077.6539 2321.5544 4110.6465
2495000 311.62359 -3070.2312 2281.6882 4320.3559
2500000 299.12873 -3069.0665 2330.9258 4165.9119
2505000 296.06061 -3057.8208 2313.35 4109.2817
2510000 301.97728 -3053.4313 2351.1951 4248.5168
2515000 301.58441 -3088.8967 2271.7182 4127.1337
2520000 296.09862 -3069.1371 2363.2371 4148.4756
2525000 296.47959 -3054.3998 2356.1318 4162.3535
2530000 303.29817 -3032.5588 2343.25 4283.0996
2535000 303.82631 -3035.9976 2314.848 4259.9172
2540000 298.1241 -3103.8866 2252.1921 4035.8877
2545000 301.00366 -3125.0629 2244.9837 4054.7118
2550000 300.96897 -3083.9193 2319.6856 4169.9886
2555000 303.56415 -3108.2159 2335.8636 4204.4167
2560000 298.75032 -3040.3797 2310.8344 4168.3035
2565000 306.03305 -3053.2739 2243.9981 4207.9694
2570000 304.52088 -3082.3009 2360.2087 4270.3617
2575000 299.97362 -3090.5786 2267.8367 4095.1623
2580000 304.78363 -3105.6442 2287.7201 4178.8376
2585000 299.32654 -3058.7366 2353.3487 4201.9077
2590000 294.66643 -3067.4506 2343.4961 4106.9411
2595000 298.1738 -3100.3382 2302.8687 4090.9276
2600000 293.51179 -3054.19 2341.8712 4099.6471
2605000 296.71837 -3065.1463 2341.2781 4140.6678
2610000 300.55764 -3108.455 2377.4553 4196.479
2615000 305.48339 -3126.1213 2353.5012 4235.6137
2620000 300.7199 -3110.3914 2365.6997 4185.4473
2625000 304.60282 -3088.9703 2326.5558 4231.3827
2630000 301.83252 -3121.2581 2282.0142 4109.1359
2635000 298.53937 -3074.6517 2376.216 4195.9547
2640000 304.5633 -3090.5354 2294.366 4196.9801
2645000 299.37506 -3091.3641 2317.3288 4134.0558
2650000 299.38072 -3071.1376 2326.8517 4163.898
2655000 302.33839 -3062.6001 2341.811 4235.8842
2660000 299.82402 -3083.2649 2312.3147 4144.5013
2665000 297.71562 -3087.142 2429.85 4223.5934
2670000 306.71039 -3072.0743 2365.7383 4322.0138
2675000 304.55728 -3025.2288 2317.9459 4285.7679
2680000 298.85887 -3071.232 2328.3966 4156.7929
2685000 305.53583 -3044.7384 2301.24 4265.5952
2690000 298.1312 -3035.8201 2325.3143 4177.1928
2695000 307.08289 -3023.8531 2302.6823 4313.2858
2700000 300.45808 -3037.2455 2305.3707 4193.9718
2705000 303.06396 -3008.0529 2294.9435 4255.4592
2710000 300.18234 -3069.5547 2332.1467 4183.9179
2715000 297.8186 -3028.5098 2321.1157 4175.1797
2720000 297.64884 -3058.8331 2309.8606 4130.8181
2725000 297.48717 -3068.247 2379.9283 4188.8213
2730000 301.03213 -3057.2885 2272.144 4150.1133
2735000 297.76919 -3095.2936 2291.1085 4077.5786
2740000 303.9873 -3077.9472 2283.7228 4189.4818
2745000 298.29533 -3069.2063 2313.6884 4134.8716
2750000 301.67027 -3041.4141 2352.7888 4257.0944
2755000 298.62589 -3073.2938 2257.2524 4079.7675
2760000 299.80111 -3041.599 2355.6606 4229.1374
2765000 302.99417 -3006.4678 2241.448 4202.4045
2770000 301.57032 -3037.6085 2356.6029 4263.0755
2775000 298.67063 -2983.5141 2305.9792 4219.0074
2780000 300.64061 -3034.2818 2244.6824 4139.2398
2785000 297.79264 -3023.7819 2274.5153 4132.8814
2790000 301.51072 -3049.738 2403.2209 4296.5869
2795000 304.23114 -3063.5826 2354.6926 4278.8138
2800000 303.53113 -3068.5583 2274.393 4182.0622
2805000 307.58692 -3088.0697 2368.5744 4323.2247
2810000 297.59085 -3116.4382 2340.8163 4103.218
2815000 301.81894 -3060.0331 2355.9926 4244.1167
2820000 302.90258 -3113.5994 2347.8978 4200.2211
2825000 302.23332 -3084.4149 2289.0715 4159.6073
2830000 294.13811 -3080.8734 2358.6914 4100.0521
2835000 302.57097 -3071.7973 2375.7603 4264.4493
2840000 305.17924 -3046.0876 2314.6105 4271.7702
2845000 293.35681 -3054.5846 2302.6607 4057.5013
2850000 298.95246 -3065.3494 2366.6993 4202.5126
2855000 293.64248 -3093.0618 2315.8196 4036.8663
2860000 304.20471 -3055.3592 2383.8268 4315.7381
2865000 301.19726 -3094.2579 2381.5222 4225.2292
2870000 300.40059 -3080.1539 2380.0845 4224.8346
2875000 299.38617 -3083.5105 2303.6941 4128.4568
2880000 298.24771 -3060.6957 2291.9962 4120.9091
2885000 305.56704 -3052.8272 2297.1083 4253.8862
2890000 296.72653 -3087.4504 2341.1333 4118.3528
2895000 294.023 -3067.4135 2379.027 4131.9605
2900000 302.77465 -3109.3979 2295.0589 4149.4864
2905000 298.267 -3070.8124 2354.4531 4173.5657
2910000 300.29319 -3061.1912 2341.6152 4203.5674
2915000 295.73352 -3042.6661 2321.9911 4127.715
2920000 296.80881 -3044.1767 2290.0527 4111.8946
2925000 301.54932 -3040.213 2357.3315 4260.8553
2930000 305.03482 -3082.0241 2308.4654 4227.321
2935000 307.1904 -3087.6207 2320.0334 4268.6319
2940000 294.9242 -3001.6943 2281.7919 4115.2193
2945000 300.52833 -3031.0123 2265.2115 4161.1975
2950000 300.9505 -3065.952 2286.3846 4154.3521
2955000 306.57665 -3063.8142 2282.8428 4245.1857
2960000 299.06622 -3045.919 2369.5921 4226.7009
2965000 302.72709 -3050.5559 2318.9368 4231.4267
2970000 297.65599 -3041.5302 2337.2357 4175.6132
2975000 299.38457 -3093.8173 2342.3173 4156.747
2980000 299.00401 -3103.6032 2321.9063 4120.311
2985000 299.06367 -3063.6257 2302.8166 4142.1769
2990000 292.92819 -3056.1094 2269.7111 4015.9998
2995000 298.60627 -3082.1288 2338.3698 4151.7281
3000000 300.27294 -3063.3959 2271.1794 4130.5948
3005000 305.40057 -3080.651 2410.3247 4336.5497
3010000 297.61426 -3054.4369 2308.587 4133.3737
3015000 306.97484 -3089.481 2289.0559 4232.2601
3020000 297.60058 -3114.1727 2353.3148 4118.1415
3025000 299.63141 -3084.8236 2367.0283 4194.4985
3030000 307.04578 -3090.7687 2272.9079 4215.9876
3035000 294.87448 -3074.9006 2335.5316 4094.9375
3040000 299.08516 -3105.5927 2302.9888 4100.7344
3045000 301.62634 -3116.0205 2328.7882 4157.7672
3050000 300.20116 -3085.776 2334.1594 4170.0178
3055000 301.39191 -3123.825 2354.6077 4171.9388
3060000 300.44519 -3097.0891 2331.6415 4160.1876
3065000 300.7438 -3129.2787 2321.0731 4122.3252
3070000 301.89437 -3071.3771 2306.0245 4184.0413
3075000 300.35714 -3138.0137 2330.7119 4116.8898
3080000 298.72774 -3088.6046 2328.9782 4137.8522
3085000 303.54058 -3083.7954 2291.335 4183.9221
3090000 301.31125 -3076.8259 2343.1064 4206.1143
3095000 301.85501 -3066.4073 2399.1465 4281.4877
3100000 301.81877 -3053.9281 2320.3459 4214.572
3105000 294.53063 -3027.1378 2323.1941 4124.7254
3110000 302.2977 -3059.8317 2318.1923 4214.3667
3115000 297.70817 -3066.6808 2287.4582 4101.5406
3120000 293.71662 -3054.6299 2330.3706 4091.0647
3125000 297.45146 -3015.3232 2338.9809 4200.2123
3130000 300.4147 -3009.3981 2324.9362 4240.6735
3135000 301.29178 -3005.3513 2339.9288 4274.0921
3140000 295.26111 -3040.7315 2326.4643 4126.3779
3145000 306.06779 -3050.176 2294.2635 4261.9021
3150000 300.40533 -3092.5703 2294.405 4126.8166
3155000 301.013 -3035.2836 2337.3282 4236.9888
3160000 294.60042 -3048.1918 2354.9461 4136.5678
3165000 300.89637 -3016.4722 2283.909 4200.4689
3170000 300.79914 -3001.9762 2427.383 4356.8447
3175000 300.82437 -3042.4191 2339.5401 4228.9726
3180000 300.34692 -3052.4966 2348.4101 4219.9377
3185000 302.24827 -3042.6893 2242.7306 4155.237
3190000 301.71721 -3046.2805 2293.8903 4194.0991
3195000 295.30002 -3057.1212 2293.3777 4077.5394
3200000 301.08996 -3040.9611 2333.3914 4228.636
3205000 295.4454 -3026.583 2299.4327 4116.5162
3210000 300.54036 -3032.3948 2391.0878 4285.8885
3215000 297.49059 -2997.5432 2311.352 4191.005
3220000 301.50245 -3012.5073 2315.3574 4245.8186
3225000 301.87534 -3013.5837 2293.4169 4228.9149
3230000 305.15079 -3023.1378 2283.4892 4263.1325
3235000 301.82764 -2981.7996 2332.0605 4298.5607
3240000 300.21526 -3022.2701 2314.0049 4213.6004
3245000 300.87154 -3016.5979 2334.3155 4250.3426
3250000 301.01938 -3048.328 2322.5166 4209.2375
3255000 301.9788 -3039.4666 2302.3964 4213.7077
3260000 301.72759 -3062.0054 2364.7538 4249.4079
3265000 302.74184 -3080.7601 2282.6695 4165.197
3270000 300.78234 -3050.7099 2279.2411 4159.6939
3275000 297.48046 -3081.7952 2326.3445 4121.5795
3280000 298.83222 -3057.5463 2333.1143 4174.7595
3285000 298.62374 -3094.1662 2369.8115 4171.4189
3290000 300.5485 -3070.2475 2267.1805 4124.262
3295000 295.42825 -3057.6442 2323.9316 4109.6727
3300000 299.25142 -3080.644 2319.7034 4145.1234
3305000 296.82341 -3054.4512 2314.6371 4126.444
3310000 302.66244 -3067.202 2333.6796 4228.4634
3315000 296.08288 -3084.8294 2310.2921 4079.5803
3320000 298.39511 -3058.0319 2293.571 4127.5644
3325000 296.85669 -3096.8463 2372.5646 4142.5221
3330000 301.50656 -3100.9672 2289.6367 4131.7052
3335000 304.58657 -3118.6531 2376.855 4251.7329
3340000 299.31943 -3091.926 2312.7868 4128.0399
3345000 297.55022 -3060.3587 2324.4391 4142.2542
3350000 297.54882 -3118.3417 2295.6746 4055.4838
3355000 300.63409 -3047.2391 2306.3997 4187.8927
3360000 297.81491 -3084.4911 2277.7528 4075.7749
3365000 296.43819 -3052.5916 2339.9822 4147.3332
3370000 299.16402 -3055.8792 2356.2627 4205.0146
3375000 304.03441 -3095.3833 2272.2513 4161.3464
3380000 298.60691 -3076.3036 2281.8559 4101.0499
3385000 292.55594 -3070.0621 2355.3796 4081.6127
3390000 297.20521 -3076.3904 2375.0908 4171.2179
3395000 301.2579 -3082.7233 2309.3018 4165.5377
3400000 296.27435 -3092.4668 2379.101 4143.8908
3405000 295.36562 -3107.8621 2273.1276 4007.624
3410000 291.69949 -3130.4199 2390.4669 4042.3013
3415000 300.27675 -3104.4213 2278.3173 4096.7696
3420000 300.46837 -3137.0817 2310.7835 4099.7169
3425000 302.00373 -3058.3099 2323.092 4215.9686
3430000 303.13287 -3111.2605 2338.3891 4196.8269
3435000 299.88838 -3142.0264 2348.821 4123.3013
3440000 300.00451 -3123.7304 2273.482 4068.1622
3445000 299.86924 -3139.8657 2331.8586 4108.1857
3450000 303.1269 -3083.5845 2388.1373 4274.1531
3455000 293.11769 -3130.6877 2353.0808 4027.898
3460000 297.58618 -3106.8934 2359.4715 4131.3415
3465000 299.66799 -3105.9572 2255.4398 4062.3761
3470000 299.77758 -3114.1369 2287.6497 4088.2029
3475000 299.73783 -3137.6751 2318.9259 4095.2893
3480000 297.73362 -3123.0936 2340.2192 4098.3062
3485000 297.5467 -3150.1897 2367.9536 4095.88
3490000 300.24469 -3085.4523 2281.5755 4118.4714
3495000 297.33355 -3138.212 2300.6982 4037.1078
3500000 296.05896 -3087.6943 2274.7393 4040.7703
3505000 293.01045 -3105.3833 2343.0104 4041.3737
3510000 303.61007 -3113.8816 2336.7534 4200.3934
3515000 298.74823 -3093.2067 2326.6608 4131.2686
3520000 303.09491 -3030.1143 2273.3627 4212.3243
3525000 302.10909 -3007.4443 2308.8737 4254.3433
3530000 301.56685 -3005.1218 2301.4061 4240.3085
3535000 306.5278 -2981.0546 2287.4716 4331.7733
3540000 299.0571 -3045.9384 2308.1713 4165.1111
3545000 295.47254 -3061.2805 2301.2107 4084.0416
3550000 296.78202 -3033.9322 2360.0619 4191.7093
3555000 298.33125 -3040.6767 2308.5857 4158.8874
3560000 298.96426 -3053.1577 2286.7766 4134.9751
3565000 300.22954 -3079.8465 2274.1537 4116.4069
3570000 295.90138 -3016.582 2328.9566 4163.5165
3575000 301.15778 -3079.2892 2355.4022 4213.4307
3580000 303.32372 -3052.2497 2336.0667 4256.6441
3585000 301.16548 -3059.5872 2320.5059 4198.3626
3590000 298.5321 -3057.0942 2292.0501 4129.227
3595000 303.09299 -3025.7866 2319.9154 4263.1733
3600000 298.68005 -3031.4369 2340.6189 4205.8788
3605000 302.75703 -3055.629 2274.1072 4182.0148
3610000 301.51032 -3043.537 2336.4929 4236.0533
3615000 298.39579 -3074.9214 2345.3324 4162.4475
3620000 299.89944 -3064.1741 2375.9951 4228.5089
3625000 304.20906 -3076.9917 2359.2336 4269.5837
3630000 297.11021 -3088.0765 2308.1996 4091.0831
3635000 302.84572 -3044.952 2326.2375 4246.2761
3640000 306.23314 -3102.4643 2361.6109 4279.6721
3645000 296.4016 -3097.0837 2368.5797 4130.8387
3650000 302.65074 -3086.3051 2302.9823 4178.4712
3655000 297.87825 -3094.4626 2297.0035 4086.0925
3660000 300.34251 -3053.8148 2350.6381 4220.7753
3665000 301.03596 -3072.7493 2356.1807 4218.7519
3670000 299.27876 -3046.9347 2230.3872 4089.9647
3675000 298.83957 -3042.6114 2298.6496 4155.3501
3680000 294.22151 -3066.055 2362.6721 4120.2184
3685000 300.14868 -3063.6028 2349.0868 4206.2582
3690000 300.34985 -3072.9311 2306.0597 4157.2008
3695000 302.13141 -3026.5112 2308.64 4235.4087
3700000 302.58675 -3057.8233 2366.0123 4268.934
3705000 298.21525 -3021.6402 2339.8603 4207.2968
3710000 303.13261 -2996.0744 2301.1042 4274.7238
3715000 303.55603 -2994.721 2317.6189 4299.5337
3720000 296.12911 -3080.9134 2312.5227 4086.4847
3725000 301.87149 -3061.8301 2371.3589 4258.5474
3730000 305.65367 -3039.9074 2301.6029 4272.721
3735000 302.35216 -3023.5143 2340.6935 4274.0781
3740000 302.81975 -3057.1739 2355.2686 4262.6596
3745000 302.47006 -3004.1239 2295.706 4250.4141
3750000 300.54352 -3040.0093 2265.4937 4152.7317
3755000 295.56133 -3006.2332 2302.2341 4141.5679
3760000 296.62025 -3036.7008 2251.0121 4077.2387
3765000 301.46879 -3035.7121 2342.016 4248.7204
3770000 300.02353 -3048.7282 2268.261 4138.2551
3775000 295.94944 -3070.1592 2299.9388 4081.7094
3780000 300.94904 -3084.0777 2318.4624 4168.2802
3785000 295.21098 -3086.4002 2318.7493 4072.1723
3790000 302.27752 -3045.7082 2317.7461 4227.7132
3795000 303.07469 -3048.3023 2368.8974 4289.3395
3800000 297.52582 -3021.0423 2303.4028 4160.1342
3805000 301.24533 -2966.3333 2249.2728 4221.6925
3810000 296.78683 -3015.6178 2376.0884 4226.129
3815000 303.00565 -3018.0551 2372.5885 4322.146
3820000 298.78214 -3069.894 2305.8167 4134.2931
3825000 295.15957 -3113.3874 2275.239 4000.8321
3830000 302.60262 -3029.4305 2348.1324 4279.707
3835000 298.69489 -3059.0777 2363.8212 4201.6834
3840000 294.13721 -3037.5835 2335.0583 4119.6941
3845000 299.08909 -3058.467 2360.1872 4205.1229
3850000 295.6944 -3092.8117 2327.5921 4082.529
3855000 301.5805 -3099.4004 2325.7726 4170.6202
3860000 296.39041 -3094.4809 2331.6176 4096.296
3865000 299.72912 -3126.7942 2315.8112 4102.9127
3870000 295.1687 -3109.6528 2341.9712 4071.4484
3875000 297.98327 -3101.0171 2319.8972 4104.1535
3880000 304.42653 -3076.9416 2335.5874 4249.5529
3885000 299.91572 -3073.8965 2313.5062 4156.5646
3890000 298.69519 -3076.7156 2248.0288 4068.258
3895000 300.94902 -3075.2625 2339.2134 4197.8461
3900000 295.79417 -3062.9934 2325.7278 4112.1188
3905000 290.92122 -3066.8606 2368.829 4071.4633
3910000 303.80604 -3044.2832 2325.8453 4262.2966
3915000 304.14103 -3049.5985 2345.065 4281.6931
3920000 303.21126 -3047.1135 2275.2071 4199.077
3925000 297.97664 -3008.3364 2349.5324 4226.3606
3930000 302.05542 -3070.0854 2338.3965 4220.3452
3935000 304.69183 -3042.1801 2316.5638 4269.6404
3940000 290.02233 -3037.5548 2303.2117 4020.4149
3945000 293.51554 -3050.2049 2299.9005 4061.7229
3950000 300.6258 -3029.2461 2332.5983 4231.9485
3955000 302.90547 -3001.1915 2318.579 4283.3576
3960000 301.50739 -3037.8664 2297.7116 4202.8947
3965000 301.34308 -3073.636 2273.0814 4139.8011
3970000 300.41387 -3015.4976 2282.0824 4191.7065
3975000 300.18563 -3058.7373 2306.924 4169.5667
3980000 297.03335 -3013.2336 2351.7446 4208.2109
3985000 304.62344 -3035.2902 2325.4547 4284.2999
3990000 301.41698 -3097.2863 2299.6565 4143.9375
3995000 300.30102 -3072.1035 2361.6586 4212.8266
4000000 295.3903 -3066.6017 2344.6666 4120.828
4005000 304.98411 -3108.396 2325.2379 4216.8903
4010000 307.44906 -3086.9588 2333.9117 4287.4127
4015000 305.32221 -3053.4096 2296.6871 4248.8688
4020000 294.23674 -3059.6648 2362.4148 4126.601
4025000 299.56121 -3038.2224 2377.9471 4250.8675
4030000 299.15475 -3022.7545 2395.7248 4277.4494
4035000 302.76936 -3071.006 2310.7767 4203.5095
4040000 301.33092 -3109.8772 2354.1147 4184.3937
4045000 301.1016 -3074.8611 2347.2693 4208.805
4050000 298.77613 -3060.7638 2245.6185 4083.1265
4055000 298.83997 -3032.9978 2315.3547 4181.6754
4060000 306.19466 -2983.0533 2345.8583 4382.6996
4065000 299.49768 -3061.5869 2303.9416 4152.4561
4070000 302.60562 -3047.1463 2355.0708 4268.9788
4075000 302.64247 -3046.4893 2345.9868 4261.156
4080000 300.8514 -3005.4156 2339.7683 4266.6474
4085000 296.92343 -3024.8647 2320.4019 4163.4351
4090000 303.35258 -3084.2017 2344.5821 4233.6807
4095000 304.51605 -3054.2043 2307.9256 4246.0962
4100000 301.40458 -3067.5724 2345.1206 4218.9122
4105000 296.58665 -3078.9398 2317.6083 4101.045
4110000 302.71305 -3061.9794 2256.1956 4157.0317
4115000 300.03994 -3031.7167 2339.6354 4226.9101
4120000 300.77215 -3046.2111 2291.1393 4175.9237
4125000 302.4702 -3064.3718 2316.2388 4210.7012
4130000 298.90155 -3057.0844 2343.3375 4186.581
4135000 302.52059 -3099.9328 2363.8869 4223.6145
4140000 299.29131 -3062.3805 2319.3442 4163.6817
4145000 300.40536 -3065.9741 2368.2496 4227.2578
4150000 297.03036 -3091.6996 2360.0613 4138.0126
4155000 295.65307 -3051.4156 2286.3627 4082.0181
4160000 298.94471 -3025.2462 2321.7083 4197.4978
4165000 298.53161 -3024.3327 2272.5575 4142.4879
4170000 292.71113 -3082.775 2320.2246 4036.2892
4175000 296.2859 -3003.374 2356.3792 4210.4511
4180000 299.06475 -3052.8877 2387.8078 4237.9237
4185000 304.02106 -3027.2294 2366.5343 4323.5647
4190000 302.72404 -3039.7121 2317.0911 4240.3748
4195000 299.6373 -3001.4851 2297.6262 4208.5314
4200000 303.28525 -3034.2452 2293.7816 4231.7329
4205000 295.33366 -3046.2475 2381.281 4176.8679
4210000 296.573 -3059.9722 2317.3503 4119.5309
4215000 307.28808 -3039.6253 2277.9686 4276.1639
4220000 303.43224 -3011.1227 2334.6597 4298.1433
4225000 301.20734 -3036.9469 2312.9315 4214.1149
4230000 295.50236 -3038.6652 2273.3472 4079.2822
4235000 300.86397 -3045.0685 2355.0696 4242.502
4240000 296.76023 -3078.28 2384.0958 4171.0381
4245000 298.51941 -3070.9423 2327.9183 4151.0392
4250000 303.47438 -3070.9107 2335.8898 4240.2762
4255000 296.65729 -3039.8894 2318.6182 4142.2635
4260000 298.62399 -3094.338 2289.928 4091.3677
4265000 299.39673 -3041.5889 2303.9647 4170.8222
4270000 295.42968 -3040.2334 2291.2717 4094.4469
4275000 303.27263 -3050.7016 2298.5723 4219.8603
4280000 301.78996 -3000.4693 2355.9175 4303.1303
4285000 298.51131 -3033.5082 2312.904 4173.3262
4290000 297.8154 -3034.8141 2311.0895 4158.7966
4295000 296.23875 -3057.7063 2275.8765 4074.8432
4300000 304.62955 -3062.3868 2327.6498 4259.4985
4305000 294.35894 -3104.1006 2322.2204 4043.9743
4310000 302.81757 -3083.4715 2255.1076 4136.1651
4315000 299.69745 -3101.9026 2305.6759 4117.1498
4320000 295.70433 -3084.3901 2288.4644 4051.9856
4325000 297.65026 -3117.0558 2363.3085 4126.0666
4330000 297.76929 -3083.4083 2285.0368 4083.3938
4335000 297.93064 -3094.1728 2303.2883 4093.526
4340000 307.44351 -3110.4537 2320.6439 4250.559
4345000 297.63608 -3105.4396 2363.7355 4137.8773
4350000 298.39024 -3121.7955 2317.4859 4087.6358
4355000 298.15325 -3085.2259 2296.1858 4099.0201
4360000 305.00186 -3113.6433 2310.1064 4196.8024
4365000 300.75769 -3104.3083 2234.6863 4061.1364
4370000 300.18614 -3098.6411 2314.4848 4137.2319
4375000 301.63802 -3054.7165 2311.3232 4201.7977
4380000 291.27416 -3022.9229 2376.3381 4128.6964
4385000 299.76736 -3059.9466 2291.6842 4146.2602
4390000 300.29897 -3069.2883 2385.3885 4239.3383
4395000 298.61778 -3065.2583 2296.9648 4127.3823
4400000 307.51363 -3076.547 2306.5585 4271.5299
4405000 303.33279 -3075.9902 2371.979 4268.9647
4410000 298.64447 -3052.7638 2304.3752 4147.7248
4415000 302.07408 -3071.415 2299.6681 4180.5931
4420000 292.74676 -3093.6365 2270.2828 3976.07
4425000 300.43049 -3069.649 2278.1369 4133.8821
4430000 294.92763 -3075.5919 2277.0575 4036.6435
4435000 303.62334 -3109.3352 2328.3467 4196.7508
4440000 304.12517 -3100.6959 2359.7764 4245.047
4445000 299.43488 -3082.641 2297.292 4123.7228
4450000 300.13565 -3108.046 2250.9836 4063.4981
4455000 299.51042 -3108.7399 2327.0368 4128.607
4460000 295.94341 -3069.0602 2343.7668 4126.5375
4465000 293.83477 -3063.2393 2300.3202 4054.3419
4470000 301.96536 -3104.0746 2312.6344 4159.1174
4475000 300.19774 -3093.8856 2295.9819 4123.6748
4480000 303.15902 -3015.0696 2295.6494 4250.7067
4485000 299.5343 -3097.4416 2343.1771 4156.4373
4490000 302.82281 -3030.2958 2365.0706 4299.3897
4495000 297.48437 -3037.4711 2399.0704 4238.6935
4500000 299.03197 -3014.9651 2389.1263 4276.6274
4505000 298.47263 -3058.3792 2304.3315 4139.2485
4510000 303.74062 -3057.7844 2409.4299 4331.3075
4515000 298.99881 -3047.5441 2263.7508 4118.1293
4520000 297.96436 -3037.3129 2368.786 4216.4365
4525000 298.23512 -3022.9035 2311.5502 4178.049
4530000 299.02839 -3031.5436 2283.9861 4154.8501
4535000 304.68028 -3052.869 2340.4518 4282.6501
4540000 300.39989 -2994.8072 2310.4032 4240.4885
4545000 303.09639 -3010.2982 2394.9684 4353.7703
4550000 304.14079 -3031.0298 2278.5142 4233.7069
4555000 297.3435 -3017.7438 2373.9256 4230.9665
4560000 299.18856 -3013.4183 2403.4852 4295.1003
4565000 301.53765 -3026.6085 2326.2032 4243.1401
4570000 297.31028 -3019.4624 2355.8708 4210.6484
4575000 302.92453 -3036.914 2310.0786 4239.4473
4580000 299.12484 -3054.1689 2421.3053 4271.1252
4585000 300.98602 -3014.0219 2272.3288 4192.8087
4590000 299.50146 -3030.9053 2380.3577 4259.6156
4595000 300.17846 -3008.6226 2336.6489 4249.2887
4600000 301.31685 -3006.9797 2328.0091 4260.9549
4605000 304.43667 -2982.6586 2324.2261 4332.6409
4610000 297.402 -3000.8376 2345.5095 4220.4156
4615000 301.25551 -3047.451 2310.8936 4202.3625
4620000 297.2776 -2987.0314 2266.8693 4153.5422
4625000 297.05528 -2991.4186 2313.9922 4192.633
4630000 298.13382 -3005.344 2369.3428 4251.7404
4635000 297.71149 -3003.216 2321.9502 4199.552
4640000 301.16213 -2953.8837 2367.6918 4351.1972
4645000 299.12585 -2997.0857 2371.6605 4278.5801
4650000 304.43189 -3026.6226 2301.2137 4265.5861
4655000 298.33406 -3012.2481 2311.439 4190.2152
4660000 302.46863 -2992.3802 2278.7782 4245.2065
4665000 297.71954 -3067.1884 2324.0858 4137.8471
4670000 300.60651 -3094.8149 2320.3805 4153.8455
4675000 300.70627 -3029.9448 2318.0604 4218.0311
4680000 294.85517 -3048.5742 2380.9711 4166.3869
4685000 298.2518 -3074.9471 2315.8145 4130.5433
4690000 298.95855 -3072.7622 2312.4649 4140.9653
4695000 298.24733 -3037.3116 2319.5564 4171.8474
4700000 294.33504 -3070.3214 2402.135 4157.2763
4705000 299.36899 -3010.8544 2327.8216 4224.9587
4710000 302.09151 -3021.7983 2293.5679 4224.3953
4715000 296.81696 -2984.035 2360.9072 4243.0245
4720000 298.64238 -3000.2353 2334.1344 4229.9782
4725000 299.50798 -3039.3927 2261.361 4132.2386
4730000 300.37453 -3013.2312 2363.9086 4275.1542
4735000 298.81175 -2985.9842 2354.2893 4267.161
4740000 295.87981 -2978.5802 2245.2445 4117.4526
4745000 295.44747 -3001.0222 2337.2935 4179.9716
4750000 291.51149 -2959.4394 2274.2995 4094.0321
4755000 303.93803 -2979.1663 2261.6432 4265.3753
4760000 289.23999 -2972.8005 2296.2472 4065.3788
4765000 303.01138 -2969.255 2376.4833 4374.9348
4770000 301.9751 -2997.1859 2348.1983 4301.7298
4775000 295.33553 -3015.3573 2348.5464 4175.0542
4780000 305.48941 -2997.6781 2310.1481 4320.8025
4785000 299.64869 -3030.3362 2349.491 4231.7319
4790000 301.57225 -3040.1307 2255.9856 4159.9677
4795000 297.83049 -3044.3983 2317.0867 4155.457
4800000 299.54287 -3042.3492 2336.1045 4204.5975
4805000 298.7054 -3029.9846 2301.0864 4168.2141
4810000 297.99628 -3009.5706 2272.5769 4148.493
4815000 298.92366 -3015.2209 2340.2004 4225.67
4820000 302.00718 -2983.3209 2344.859 4312.7813
4825000 301.33061 -3004.2125 2330.5761 4266.5148
4830000 299.13821 -3041.6542 2293.1093 4155.6632
4835000 290.58359 -3060.9791 2295.3427 3998.3233
4840000 296.35081 -3047.6806 2304.9743 4115.8038
4845000 298.00855 -3031.463 2375.6219 4229.8467
4850000 295.40271 -3086.6444 2259.4901 4015.8123
4855000 304.09411 -3057.0433 2386.1519 4314.566
4860000 288.72294 -3071.0002 2267.9843 3930.4394
4865000 297.31386 -3087.7828 2264.5222 4051.0381
4870000 300.36169 -3081.2583 2308.8478 4151.8559
4875000 304.27512 -3051.7261 2379.6996 4316.3984
4880000 301.00549 -3105.5482 2361.0965 4190.3694
4885000 298.77939 -3078.3966 2300.9618 4120.8906
4890000 300.60726 -3141.105 2333.8736 4121.0608
4895000 297.44381 -3107.5445 2335.4354 4104.3201
4900000 302.98277 -3124.8399 2359.6393 4202.0369
4905000 301.88163 -3086.1418 2343.7061 4206.7493
4910000 300.76361 -3094.1014 2341.3705 4178.1245
4915000 298.68131 -3100.2361 2329.5843 4126.0656
4920000 303.90439 -3052.7028 2334.2829 4263.9271
4925000 305.59976 -3087.6829 2342.67 4265.1287
4930000 297.21754 -3051.7518 2358.2709 4179.2387
4935000 296.57264 -3073.8891 2371.6923 4159.9501
4940000 299.67266 -3069.0869 2316.738 4160.6212
4945000 299.45888 -3065.3115 2330.0721 4174.2258
4950000 302.95547 -3034.9163 2326.7522 4258.6259
4955000 304.65989 -3066.1952 2309.1478 4237.6856
4960000 299.21694 -3100.9673 2367.0115 4171.5429
4965000 296.02356 -3069.7198 2302.9172 4086.3423
4970000 297.76352 -3041.4149 2318.572 4158.8277
4975000 298.2262 -3052.7104 2276.3495 4112.8953
4980000 301.05139 -3064.8211 2310.2176 4180.9699
4985000 304.79658 -3082.2061 2254.3949 4169.1626
4990000 296.28841 -3074.6564 2348.5578 4131.3885
4995000 298.54132 -3106.8634 2332.9446 4120.5035
5000000 300.19281 -3055.5201 2328.5701 4194.5476
5005000 300.60554 -3043.1143 2322.0726 4207.2224
5010000 301.249 -3029.3107 2353.6825 4263.185
