timestep c_coords
10000 52
15000 69
20000 79
25000 96
30000 106
35000 116
40000 128
45000 138
50000 147
55000 150
60000 155
65000 164
70000 172
75000 177
80000 182
85000 188
90000 191
95000 193
100000 200
105000 205
110000 206
115000 206
120000 208
125000 211
130000 215
135000 217
140000 219
145000 221
150000 225
155000 229
160000 230
165000 232
170000 235
175000 236
180000 236
185000 241
190000 243
195000 247
200000 249
205000 247
210000 248
215000 247
220000 246
225000 249
230000 250
235000 249
240000 250
245000 250
250000 254
255000 255
260000 258
265000 260
270000 259
275000 260
280000 261
285000 261
290000 258
295000 260
300000 262
305000 265
310000 266
315000 268
320000 268
325000 267
330000 267
335000 268
340000 269
345000 269
350000 268
355000 268
360000 267
365000 266
370000 264
375000 263
380000 263
385000 261
390000 261
395000 260
400000 261
405000 263
410000 262
415000 264
420000 265
425000 268
430000 268
435000 268
440000 269
445000 269
450000 271
455000 272
460000 270
465000 270
470000 272
475000 271
480000 275
485000 276
490000 277
495000 274
500000 273
505000 274
510000 275
515000 274
520000 274
525000 276
530000 277
535000 276
540000 276
545000 277
550000 278
555000 279
560000 278
565000 277
570000 278
575000 276
580000 278
585000 275
590000 275
595000 275
600000 277
605000 277
610000 278
615000 277
620000 275
625000 278
630000 278
635000 277
640000 275
645000 278
650000 277
655000 277
660000 274
665000 275
670000 276
675000 279
680000 278
685000 281
690000 279
695000 278
700000 276
705000 275
710000 276
715000 279
720000 280
725000 278
730000 279
735000 277
740000 275
745000 277
750000 276
755000 275
760000 276
765000 274
770000 278
775000 278
780000 278
785000 277
790000 278
795000 280
800000 280
805000 280
810000 278
815000 279
820000 278
825000 276
830000 279
835000 281
840000 281
845000 280
850000 282
855000 279
860000 281
865000 281
870000 283
875000 285
880000 283
885000 282
890000 283
895000 283
900000 283
905000 282
910000 282
915000 281
920000 282
925000 281
930000 281
935000 280
940000 284
945000 283
950000 282
955000 280
960000 279
965000 279
970000 279
975000 280
980000 278
985000 279
990000 278
995000 281
1000000 279
1005000 276
1010000 276
1015000 276
1020000 275
1025000 276
1030000 278
1035000 276
1040000 279
1045000 277
1050000 277
1055000 272
1060000 278
1065000 275
1070000 273
1075000 272
1080000 272
1085000 272
1090000 273
1095000 272
1100000 274
1105000 273
1110000 274
1115000 276
1120000 276
1125000 277
1130000 277
1135000 277
1140000 279
1145000 280
1150000 281
1155000 280
1160000 281
1165000 281
1170000 280
1175000 280
1180000 280
1185000 277
1190000 277
1195000 278
1200000 280
1205000 282
1210000 279
1215000 279
1220000 280
1225000 282
1230000 279
1235000 280
1240000 281
1245000 280
1250000 281
1255000 279
1260000 280
1265000 283
1270000 282
1275000 282
1280000 283
1285000 283
1290000 281
1295000 282
1300000 280
1305000 280
1310000 281
1315000 280
1320000 281
1325000 281
1330000 281
1335000 281
1340000 284
1345000 284
1350000 281
1355000 282
1360000 281
1365000 281
1370000 283
1375000 283
1380000 282
1385000 284
1390000 283
1395000 283
1400000 280
1405000 281
1410000 277
1415000 280
1420000 280
1425000 279
1430000 279
1435000 280
1440000 280
1445000 282
1450000 281
1455000 281
1460000 282
1465000 280
1470000 279
1475000 279
1480000 280
1485000 281
1490000 283
1495000 281
1500000 280
1505000 282
1510000 281
1515000 281
1520000 277
1525000 278
1530000 280
1535000 279
1540000 279
1545000 279
1550000 279
1555000 281
1560000 280
1565000 279
1570000 277
1575000 279
1580000 281
1585000 284
1590000 284
1595000 286
1600000 288
1605000 288
1610000 287
1615000 288
1620000 289
1625000 289
1630000 287
1635000 281
1640000 282
1645000 281
1650000 282
1655000 285
1660000 285
1665000 286
1670000 289
1675000 282
1680000 284
1685000 284
1690000 282
1695000 284
1700000 285
1705000 283
1710000 284
1715000 284
1720000 286
1725000 287
1730000 288
1735000 288
1740000 289
1745000 287
1750000 290
1755000 289
1760000 289
1765000 292
1770000 292
1775000 291
1780000 291
1785000 289
1790000 287
1795000 285
1800000 287
1805000 288
1810000 288
1815000 290
1820000 291
1825000 290
1830000 292
1835000 292
1840000 292
1845000 289
1850000 289
1855000 288
1860000 290
1865000 290
1870000 289
1875000 288
1880000 290
1885000 288
1890000 289
1895000 290
1900000 290
1905000 289
1910000 287
1915000 285
1920000 285
1925000 286
1930000 286
1935000 285
1940000 285
1945000 286
1950000 284
1955000 284
1960000 285
1965000 286
1970000 285
1975000 284
1980000 283
1985000 282
1990000 281
1995000 280
2000000 282
2005000 281
2010000 284
2015000 285
2020000 285
2025000 282
2030000 285
2035000 284
2040000 284
2045000 283
2050000 285
2055000 285
2060000 283
2065000 284
2070000 282
2075000 282
2080000 280
2085000 283
2090000 282
2095000 282
2100000 284
2105000 283
2110000 285
2115000 283
2120000 282
2125000 283
2130000 284
2135000 280
2140000 280
2145000 278
2150000 278
2155000 276
2160000 277
2165000 276
2170000 276
2175000 277
2180000 276
2185000 277
2190000 279
2195000 280
2200000 280
2205000 280
2210000 280
2215000 280
2220000 280
2225000 280
2230000 280
2235000 278
2240000 279
2245000 278
2250000 281
2255000 283
2260000 282
2265000 283
2270000 282
2275000 281
2280000 282
2285000 283
2290000 283
2295000 286
2300000 285
2305000 283
2310000 282
2315000 283
2320000 285
2325000 288
2330000 285
2335000 284
2340000 282
2345000 283
2350000 285
2355000 284
2360000 285
2365000 285
2370000 285
2375000 283
2380000 284
2385000 286
2390000 285
2395000 283
2400000 285
2405000 285
2410000 283
2415000 281
2420000 283
2425000 285
2430000 285
2435000 287
2440000 289
2445000 286
2450000 285
2455000 287
2460000 288
2465000 287
2470000 284
2475000 282
2480000 283
2485000 283
2490000 283
2495000 283
2500000 283
2505000 284
2510000 283
2515000 281
2520000 283
2525000 282
2530000 282
2535000 282
2540000 282
2545000 282
2550000 282
2555000 282
2560000 282
2565000 279
2570000 279
2575000 280
2580000 279
2585000 282
2590000 283
2595000 279
2600000 281
2605000 283
2610000 283
2615000 282
2620000 283
2625000 282
2630000 281
2635000 283
2640000 283
2645000 281
2650000 282
2655000 280
2660000 279
2665000 279
2670000 280
2675000 281
2680000 281
2685000 281
2690000 281
2695000 282
2700000 283
2705000 281
2710000 281
2715000 280
2720000 283
2725000 282
2730000 280
2735000 283
2740000 284
2745000 283
2750000 283
2755000 282
2760000 284
2765000 284
2770000 283
2775000 282
2780000 282
2785000 282
2790000 280
2795000 282
2800000 281
2805000 282
2810000 282
2815000 281
2820000 281
2825000 277
2830000 280
2835000 278
2840000 278
2845000 280
2850000 281
2855000 285
2860000 286
2865000 285
2870000 285
2875000 284
2880000 286
2885000 286
2890000 289
2895000 289
2900000 289
2905000 287
2910000 287
2915000 288
2920000 286
2925000 286
2930000 282
2935000 282
2940000 282
2945000 281
2950000 282
2955000 284
2960000 285
2965000 285
2970000 285
2975000 287
2980000 288
2985000 286
2990000 286
2995000 288
3000000 288
3005000 288
3010000 286
3015000 287
3020000 286
3025000 286
3030000 283
3035000 280
3040000 281
3045000 284
3050000 282
3055000 285
3060000 281
3065000 283
3070000 283
3075000 281
3080000 281
3085000 280
3090000 283
3095000 282
3100000 285
3105000 285
3110000 285
3115000 283
3120000 284
3125000 283
3130000 283
3135000 282
3140000 279
3145000 280
3150000 280
3155000 278
3160000 278
3165000 279
3170000 279
3175000 278
3180000 280
3185000 279
3190000 282
3195000 282
3200000 280
3205000 278
3210000 280
3215000 279
3220000 279
3225000 278
3230000 275
3235000 276
3240000 275
3245000 275
3250000 278
3255000 278
3260000 280
3265000 281
3270000 281
3275000 281
3280000 283
3285000 284
3290000 285
3295000 285
3300000 285
3305000 284
3310000 283
3315000 283
3320000 286
3325000 286
3330000 284
3335000 283
3340000 285
3345000 285
3350000 285
3355000 284
3360000 286
3365000 285
3370000 285
3375000 284
3380000 282
3385000 281
3390000 284
3395000 284
3400000 284
3405000 286
3410000 285
3415000 284
3420000 284
3425000 284
3430000 285
3435000 288
3440000 290
3445000 290
3450000 287
3455000 288
3460000 288
3465000 288
3470000 289
3475000 289
3480000 290
3485000 288
3490000 288
3495000 287
3500000 285
3505000 287
3510000 287
3515000 287
3520000 286
3525000 284
3530000 283
3535000 283
3540000 280
3545000 280
3550000 281
3555000 281
3560000 283
3565000 280
3570000 279
3575000 281
3580000 280
3585000 278
3590000 276
3595000 280
3600000 281
3605000 279
3610000 280
3615000 282
3620000 283
3625000 284
3630000 284
3635000 284
3640000 284
3645000 283
3650000 283
3655000 283
3660000 284
3665000 284
3670000 284
3675000 285
3680000 285
3685000 284
3690000 284
3695000 282
3700000 283
3705000 283
3710000 282
3715000 282
3720000 281
3725000 280
3730000 280
3735000 281
3740000 279
3745000 279
3750000 279
3755000 276
3760000 279
3765000 277
3770000 276
3775000 278
3780000 278
3785000 278
3790000 281
3795000 280
3800000 281
3805000 281
3810000 278
3815000 276
3820000 276
3825000 274
3830000 274
3835000 276
3840000 276
3845000 276
3850000 275
3855000 276
3860000 274
3865000 276
3870000 276
3875000 276
3880000 276
3885000 276
3890000 279
3895000 281
3900000 281
3905000 281
3910000 280
3915000 281
3920000 281
3925000 281
3930000 282
3935000 280
3940000 279
3945000 280
3950000 281
3955000 281
3960000 279
3965000 281
3970000 278
3975000 279
3980000 278
3985000 278
3990000 278
3995000 278
4000000 278
4005000 281
4010000 279
4015000 281
4020000 282
4025000 282
4030000 284
4035000 285
4040000 285
4045000 285
4050000 286
4055000 286
4060000 286
4065000 285
4070000 285
4075000 287
4080000 285
4085000 283
4090000 282
4095000 283
4100000 283
4105000 284
4110000 286
4115000 284
4120000 284
4125000 283
4130000 285
4135000 287
4140000 288
4145000 287
4150000 286
4155000 285
4160000 287
4165000 284
4170000 285
4175000 285
4180000 284
4185000 283
4190000 282
4195000 282
4200000 280
4205000 282
4210000 278
4215000 279
4220000 280
4225000 279
4230000 278
4235000 277
4240000 276
4245000 276
4250000 274
4255000 274
4260000 277
4265000 274
4270000 276
4275000 277
4280000 277
4285000 278
4290000 280
4295000 281
4300000 281
4305000 281
4310000 281
4315000 279
4320000 275
4325000 279
4330000 279
4335000 281
4340000 281
4345000 280
4350000 279
4355000 277
4360000 280
4365000 280
4370000 282
4375000 282
4380000 282
4385000 282
4390000 281
4395000 280
4400000 283
4405000 282
4410000 282
4415000 281
4420000 282
4425000 282
4430000 282
4435000 282
4440000 279
4445000 276
4450000 278
4455000 276
4460000 276
4465000 278
4470000 275
4475000 276
4480000 276
4485000 276
4490000 277
4495000 277
4500000 277
4505000 277
4510000 277
4515000 273
4520000 271
4525000 271
4530000 271
4535000 274
4540000 273
4545000 272
4550000 275
4555000 277
4560000 276
4565000 276
4570000 274
4575000 275
4580000 274
4585000 275
4590000 275
4595000 276
4600000 276
4605000 276
4610000 275
4615000 275
4620000 276
4625000 276
4630000 277
4635000 277
4640000 274
4645000 275
4650000 273
4655000 272
4660000 273
4665000 272
4670000 273
4675000 270
4680000 273
4685000 274
4690000 274
4695000 275
4700000 275
4705000 275
4710000 275
4715000 274
4720000 275
4725000 274
4730000 274
4735000 275
4740000 275
4745000 273
4750000 275
4755000 275
4760000 276
4765000 275
4770000 275
4775000 274
4780000 275
4785000 274
4790000 274
4795000 278
4800000 277
4805000 276
4810000 275
4815000 275
4820000 273
4825000 274
4830000 274
4835000 276
4840000 278
4845000 278
4850000 277
4855000 276
4860000 274
4865000 275
4870000 274
4875000 277
4880000 280
4885000 282
4890000 279
4895000 278
4900000 278
4905000 278
4910000 277
4915000 278
4920000 277
4925000 276
4930000 275
4935000 276
4940000 278
4945000 278
4950000 277
4955000 277
4960000 276
4965000 277
4970000 277
4975000 279
4980000 279
4985000 280
4990000 281
4995000 280
5000000 280
5005000 279
5010000 279
5015000 282
5020000 282
5025000 280
5030000 284
5035000 284
5040000 281
5045000 282
5050000 288
5055000 287
5060000 286
5065000 285
5070000 284
5075000 283
5080000 284
5085000 285
5090000 283
5095000 285
5100000 284
5105000 285
5110000 284
5115000 287
5120000 286
5125000 286
5130000 282
5135000 280
5140000 281
5145000 282
5150000 279
5155000 278
5160000 280
5165000 280
5170000 280
5175000 279
5180000 278
5185000 277
5190000 274
5195000 277
5200000 278
5205000 279
5210000 280
5215000 278
5220000 280
5225000 280
5230000 281
5235000 282
5240000 281
5245000 280
5250000 277
5255000 279
5260000 277
5265000 279
5270000 281
5275000 282
5280000 284
5285000 284
5290000 282
5295000 282
5300000 283
5305000 284
5310000 286
5315000 288
5320000 288
5325000 286
5330000 287
5335000 287
5340000 288
5345000 286
5350000 287
5355000 286
5360000 287
5365000 284
5370000 282
5375000 282
5380000 283
5385000 283
5390000 282
5395000 281
5400000 279
5405000 278
5410000 277
5415000 278
5420000 277
5425000 279
5430000 280
5435000 280
5440000 276
5445000 279
5450000 281
5455000 280
5460000 279
5465000 283
5470000 286
5475000 287
5480000 289
5485000 286
5490000 289
5495000 289
5500000 290
5505000 289
5510000 289
5515000 289
5520000 289
5525000 285
5530000 287
5535000 286
5540000 286
5545000 281
5550000 286
5555000 286
5560000 284
5565000 286
5570000 285
5575000 285
5580000 284
5585000 285
5590000 284
5595000 286
5600000 285
5605000 284
5610000 283
5615000 280
5620000 282
5625000 280
5630000 281
5635000 282
5640000 283
5645000 283
5650000 284
5655000 284
5660000 284
5665000 282
5670000 283
5675000 282
5680000 283
5685000 284
5690000 285
5695000 284
5700000 281
5705000 286
5710000 289
5715000 288
5720000 289
5725000 290
5730000 289
5735000 290
5740000 289
5745000 285
5750000 286
5755000 285
5760000 286
5765000 286
5770000 286
5775000 286
5780000 286
5785000 286
5790000 283
5795000 282
5800000 283
5805000 285
5810000 287
5815000 286
5820000 287
5825000 288
5830000 289
5835000 289
5840000 289
5845000 287
5850000 285
5855000 286
5860000 289
5865000 287
5870000 286
5875000 285
5880000 284
5885000 283
5890000 282
5895000 282
5900000 282
5905000 283
5910000 282
5915000 283
5920000 283
5925000 284
5930000 283
5935000 282
5940000 284
5945000 285
5950000 283
5955000 282
5960000 282
5965000 280
5970000 282
5975000 282
5980000 281
5985000 280
5990000 283
5995000 284
6000000 284
6005000 286
6010000 284
6015000 287
6020000 289
6025000 287
6030000 288
6035000 287
6040000 287
6045000 284
6050000 282
6055000 283
6060000 284
6065000 283
6070000 283
6075000 282
6080000 283
6085000 282
6090000 282
6095000 282
6100000 281
6105000 281
6110000 281
6115000 281
6120000 283
6125000 282
6130000 280
6135000 278
6140000 277
6145000 277
6150000 278
6155000 277
6160000 277
6165000 277
6170000 277
6175000 278
6180000 277
6185000 276
6190000 274
6195000 275
6200000 275
6205000 276
6210000 275
6215000 272
6220000 274
6225000 275
6230000 277
6235000 277
6240000 277
6245000 276
6250000 277
6255000 278
6260000 277
6265000 278
6270000 280
6275000 277
6280000 276
6285000 276
6290000 275
6295000 274
6300000 275
6305000 275
6310000 275
6315000 276
6320000 278
6325000 281
6330000 281
6335000 280
6340000 281
6345000 282
6350000 281
6355000 280
6360000 276
6365000 279
6370000 279
6375000 280
6380000 280
6385000 282
6390000 281
6395000 283
6400000 280
6405000 279
6410000 282
6415000 279
6420000 280
6425000 279
6430000 280
6435000 280
6440000 280
6445000 279
6450000 278
6455000 278
6460000 277
6465000 275
6470000 277
6475000 277
6480000 275
6485000 277
6490000 277
6495000 277
6500000 276
6505000 277
6510000 276
6515000 274
6520000 275
6525000 274
6530000 276
6535000 278
6540000 278
6545000 279
6550000 282
6555000 282
6560000 280
6565000 279
6570000 279
6575000 278
6580000 279
6585000 278
6590000 277
6595000 276
6600000 276
6605000 276
6610000 277
6615000 279
6620000 275
6625000 273
6630000 271
6635000 273
6640000 274
6645000 274
6650000 276
6655000 277
6660000 275
6665000 275
6670000 274
6675000 273
6680000 273
6685000 270
6690000 271
6695000 271
6700000 271
6705000 269
6710000 271
6715000 272
6720000 272
6725000 271
6730000 274
6735000 274
6740000 272
6745000 273
6750000 273
6755000 273
6760000 272
6765000 272
6770000 273
6775000 273
6780000 274
6785000 275
6790000 276
6795000 276
6800000 276
6805000 275
6810000 275
6815000 278
6820000 276
6825000 275
6830000 274
6835000 275
6840000 274
6845000 274
6850000 274
6855000 274
6860000 276
6865000 274
6870000 274
6875000 273
6880000 274
6885000 272
6890000 272
6895000 273
6900000 273
6905000 275
6910000 279
6915000 279
6920000 280
6925000 280
6930000 279
6935000 279
6940000 280
6945000 279
6950000 276
6955000 278
6960000 279
6965000 277
6970000 278
6975000 280
6980000 282
6985000 281
6990000 279
6995000 278
7000000 275
7005000 276
7010000 276
7015000 276
7020000 276
7025000 275
7030000 277
7035000 277
7040000 276
7045000 277
7050000 278
7055000 277
7060000 276
7065000 276
7070000 281
7075000 282
7080000 283
7085000 282
7090000 285
7095000 284
7100000 286
7105000 288
7110000 289
7115000 288
7120000 288
7125000 287
7130000 285
7135000 285
7140000 284
7145000 285
7150000 284
7155000 283
7160000 280
7165000 281
7170000 279
7175000 274
7180000 277
7185000 276
7190000 275
7195000 274
7200000 274
7205000 277
7210000 276
7215000 278
7220000 280
7225000 278
7230000 278
7235000 277
7240000 276
7245000 278
7250000 279
7255000 278
7260000 278
7265000 278
7270000 278
7275000 278
7280000 276
7285000 275
7290000 275
7295000 276
7300000 276
7305000 278
7310000 277
7315000 275
7320000 275
7325000 274
7330000 273
7335000 270
7340000 269
7345000 269
7350000 268
7355000 269
7360000 267
7365000 269
7370000 271
7375000 275
7380000 274
7385000 277
7390000 278
7395000 277
7400000 278
7405000 278
7410000 278
7415000 278
7420000 279
7425000 280
7430000 278
7435000 278
7440000 278
7445000 280
7450000 280
7455000 280
7460000 280
7465000 281
7470000 282
7475000 282
7480000 280
7485000 278
7490000 279
7495000 279
7500000 279
7505000 278
7510000 276
7515000 277
7520000 278
7525000 279
7530000 278
7535000 280
7540000 279
7545000 280
7550000 280
7555000 279
7560000 277
7565000 276
7570000 276
7575000 276
7580000 274
7585000 274
7590000 274
7595000 275
7600000 279
7605000 279
7610000 276
7615000 275
7620000 277
7625000 278
7630000 279
7635000 279
7640000 279
7645000 281
7650000 281
7655000 281
7660000 280
7665000 281
7670000 280
7675000 280
7680000 281
7685000 282
7690000 280
7695000 279
7700000 280
7705000 280
7710000 282
7715000 284
7720000 284
7725000 283
7730000 282
7735000 281
7740000 284
7745000 284
7750000 284
7755000 284
7760000 284
7765000 282
7770000 280
7775000 280
7780000 283
7785000 283
7790000 284
7795000 284
7800000 284
7805000 284
7810000 285
7815000 284
7820000 284
7825000 284
7830000 285
7835000 287
7840000 286
7845000 287
7850000 286
7855000 284
7860000 283
7865000 283
7870000 284
7875000 285
7880000 287
7885000 285
7890000 285
7895000 285
7900000 283
7905000 283
7910000 286
7915000 286
7920000 284
7925000 285
7930000 285
7935000 287
7940000 286
7945000 289
7950000 285
7955000 286
7960000 285
7965000 286
7970000 287
7975000 289
7980000 291
7985000 291
7990000 291
7995000 292
8000000 293
8005000 295
8010000 293
8015000 294
8020000 294
8025000 297
8030000 295
8035000 296
8040000 295
8045000 294
8050000 294
8055000 293
8060000 290
8065000 288
8070000 287
8075000 287
8080000 285
8085000 285
8090000 285
8095000 284
8100000 284
8105000 285
8110000 286
8115000 283
8120000 282
8125000 286
8130000 283
8135000 284
8140000 283
8145000 281
8150000 282
8155000 281
8160000 281
8165000 281
8170000 279
8175000 281
8180000 282
8185000 285
8190000 283
8195000 282
8200000 281
8205000 280
8210000 280
8215000 281
8220000 282
8225000 283
8230000 282
8235000 279
8240000 279
8245000 278
8250000 276
8255000 275
8260000 275
8265000 276
8270000 278
8275000 277
8280000 277
8285000 277
8290000 277
8295000 277
8300000 277
8305000 277
8310000 277
8315000 277
8320000 276
8325000 278
8330000 279
8335000 277
8340000 279
8345000 279
8350000 279
8355000 278
8360000 278
8365000 279
8370000 279
8375000 279
8380000 279
8385000 278
8390000 277
8395000 277
8400000 277
8405000 275
8410000 276
8415000 275
8420000 274
8425000 275
8430000 276
8435000 275
8440000 276
8445000 278
8450000 277
8455000 275
8460000 275
8465000 275
8470000 276
8475000 275
8480000 278
8485000 278
8490000 280
8495000 278
8500000 275
8505000 277
8510000 278
8515000 278
8520000 278
8525000 278
8530000 278
8535000 279
8540000 281
8545000 281
8550000 279
8555000 280
8560000 280
8565000 279
8570000 279
8575000 279
8580000 278
8585000 279
8590000 280
8595000 280
8600000 279
8605000 282
8610000 281
8615000 282
8620000 283
8625000 282
8630000 282
8635000 282
8640000 282
8645000 282
8650000 281
8655000 281
8660000 278
8665000 278
8670000 279
8675000 279
8680000 280
8685000 278
8690000 280
8695000 281
8700000 283
8705000 285
8710000 284
8715000 282
8720000 284
8725000 285
8730000 284
8735000 282
8740000 283
8745000 282
8750000 283
8755000 284
8760000 282
8765000 278
8770000 278
8775000 277
8780000 276
8785000 279
8790000 279
8795000 283
8800000 283
8805000 280
8810000 279
8815000 281
8820000 280
8825000 279
8830000 279
8835000 281
8840000 277
8845000 277
8850000 277
8855000 274
8860000 272
8865000 270
8870000 271
8875000 271
8880000 270
8885000 273
8890000 273
8895000 273
8900000 276
8905000 274
8910000 274
8915000 274
8920000 274
8925000 274
8930000 274
8935000 276
8940000 277
8945000 277
8950000 277
8955000 277
8960000 277
8965000 278
8970000 278
8975000 280
8980000 279
8985000 281
8990000 284
8995000 285
9000000 286
9005000 285
9010000 286
9015000 288
9020000 286
9025000 287
9030000 289
9035000 289
9040000 288
9045000 288
9050000 289
9055000 287
9060000 287
9065000 288
9070000 288
9075000 288
9080000 288
9085000 288
9090000 288
9095000 287
9100000 287
9105000 287
9110000 290
9115000 290
9120000 292
9125000 292
9130000 290
9135000 289
9140000 290
9145000 286
9150000 285
9155000 284
9160000 283
9165000 285
9170000 286
9175000 286
9180000 287
9185000 286
9190000 287
9195000 286
9200000 287
9205000 287
9210000 284
9215000 285
9220000 286
9225000 285
9230000 286
9235000 286
9240000 285
9245000 287
9250000 288
9255000 287
9260000 282
9265000 282
9270000 285
9275000 285
9280000 285
9285000 284
9290000 284
9295000 286
9300000 286
9305000 285
9310000 285
9315000 285
9320000 283
9325000 283
9330000 282
9335000 282
9340000 277
9345000 279
9350000 279
9355000 279
9360000 278
9365000 278
9370000 277
9375000 276
9380000 275
9385000 274
9390000 275
9395000 275
9400000 276
9405000 277
9410000 277
9415000 276
9420000 277
9425000 278
9430000 275
9435000 277
9440000 278
9445000 277
9450000 276
9455000 274
9460000 276
9465000 273
9470000 274
9475000 275
9480000 274
9485000 276
9490000 277
9495000 278
9500000 276
9505000 278
9510000 278
9515000 275
9520000 277
9525000 279
9530000 279
9535000 277
9540000 277
9545000 278
9550000 279
9555000 284
9560000 282
9565000 281
9570000 283
9575000 283
9580000 280
9585000 282
9590000 281
9595000 279
9600000 281
9605000 281
9610000 280
9615000 281
9620000 280
9625000 280
9630000 278
9635000 278
9640000 280
9645000 276
9650000 277
9655000 279
9660000 277
9665000 274
9670000 275
9675000 274
9680000 275
9685000 277
9690000 277
9695000 278
9700000 276
9705000 278
9710000 278
9715000 276
9720000 276
9725000 277
9730000 275
9735000 276
9740000 276
9745000 278
9750000 278
9755000 275
9760000 276
9765000 275
9770000 276
9775000 276
9780000 277
9785000 280
9790000 277
9795000 277
9800000 277
9805000 276
9810000 276
9815000 275
9820000 275
9825000 275
9830000 274
9835000 275
9840000 274
9845000 275
9850000 273
9855000 278
9860000 279
9865000 278
9870000 280
9875000 280
9880000 282
9885000 282
9890000 279
9895000 280
9900000 278
9905000 278
9910000 278
9915000 278
9920000 278
9925000 278
9930000 277
9935000 278
9940000 277
9945000 278
9950000 280
9955000 278
9960000 279
9965000 278
9970000 279
9975000 279
9980000 281
9985000 282
9990000 283
9995000 283
10000000 285
10005000 284
10010000 286
10015000 286
10020000 287
10025000 289
10030000 290
10035000 289
10040000 287
10045000 288
10050000 287
10055000 289
10060000 289
10065000 290
10070000 289
10075000 288
10080000 286
10085000 285
10090000 288
10095000 285
10100000 286
10105000 285
10110000 287
10115000 286
10120000 285
10125000 285
10130000 283
10135000 283
10140000 280
10145000 284
10150000 282
10155000 282
10160000 277
10165000 280
10170000 279
10175000 280
10180000 279
10185000 279
10190000 278
10195000 278
10200000 281
10205000 282
10210000 279
10215000 280
10220000 282
10225000 281
10230000 282
10235000 282
10240000 281
10245000 282
10250000 280
10255000 282
10260000 281
10265000 282
10270000 283
10275000 284
10280000 282
10285000 287
10290000 287
10295000 289
10300000 287
10305000 288
10310000 288
10315000 291
10320000 291
10325000 292
10330000 291
10335000 290
10340000 289
10345000 288
10350000 284
10355000 286
10360000 287
10365000 286
10370000 285
10375000 287
10380000 285
10385000 282
10390000 281
10395000 281
10400000 281
10405000 281
10410000 281
10415000 283
10420000 283
10425000 284
10430000 282
10435000 281
10440000 282
10445000 281
10450000 283
10455000 281
10460000 283
10465000 283
10470000 282
10475000 284
10480000 284
10485000 284
10490000 284
10495000 285
10500000 284
10505000 283
10510000 281
10515000 278
10520000 274
10525000 278
10530000 278
10535000 279
10540000 278
10545000 282
10550000 280
10555000 279
10560000 279
10565000 277
10570000 278
10575000 280
10580000 280
10585000 281
10590000 283
10595000 283
10600000 282
10605000 282
10610000 283
10615000 283
10620000 282
10625000 281
10630000 279
10635000 282
10640000 284
10645000 287
10650000 288
10655000 288
10660000 290
10665000 288
10670000 287
10675000 288
10680000 289
10685000 287
10690000 286
10695000 286
10700000 287
10705000 285
10710000 286
10715000 285
10720000 286
10725000 285
10730000 285
10735000 286
10740000 287
10745000 289
10750000 288
10755000 288
10760000 286
10765000 288
10770000 287
10775000 285
10780000 284
10785000 284
10790000 285
10795000 284
10800000 283
10805000 284
10810000 284
10815000 284
10820000 285
10825000 286
10830000 285
10835000 285
10840000 283
10845000 283
10850000 285
10855000 285
10860000 282
10865000 282
10870000 283
10875000 285
10880000 285
10885000 286
10890000 288
10895000 285
10900000 286
10905000 286
10910000 285
10915000 287
10920000 287
10925000 287
10930000 288
10935000 288
10940000 287
10945000 288
10950000 289
10955000 291
10960000 291
10965000 292
10970000 292
10975000 290
10980000 287
10985000 285
10990000 286
10995000 286
11000000 283
11005000 284
11010000 283
11015000 281
11020000 281
11025000 284
11030000 282
11035000 284
11040000 284
11045000 284
11050000 284
11055000 282
11060000 285
11065000 284
11070000 283
11075000 283
11080000 282
11085000 281
11090000 279
11095000 280
11100000 281
11105000 282
11110000 282
11115000 282
11120000 282
11125000 282
11130000 280
11135000 283
11140000 284
11145000 281
11150000 280
11155000 281
11160000 281
11165000 280
11170000 279
11175000 280
11180000 280
11185000 281
11190000 281
11195000 282
11200000 285
11205000 283
11210000 284
11215000 285
11220000 286
11225000 286
11230000 286
11235000 286
11240000 285
11245000 284
11250000 281
11255000 280
11260000 281
11265000 283
11270000 284
11275000 285
11280000 283
11285000 287
11290000 286
11295000 287
11300000 284
11305000 289
11310000 289
11315000 288
11320000 291
11325000 290
11330000 291
11335000 291
11340000 293
11345000 292
11350000 291
11355000 293
11360000 292
11365000 293
11370000 292
11375000 295
11380000 295
11385000 295
11390000 295
11395000 294
11400000 292
11405000 291
11410000 289
11415000 290
11420000 288
11425000 288
11430000 286
11435000 285
11440000 284
11445000 282
11450000 283
11455000 283
11460000 282
11465000 281
11470000 283
11475000 282
11480000 284
11485000 284
11490000 284
11495000 282
11500000 281
11505000 279
11510000 282
11515000 283
11520000 283
11525000 284
11530000 282
11535000 283
11540000 284
11545000 284
11550000 284
11555000 284
11560000 282
11565000 285
11570000 287
11575000 285
11580000 286
11585000 286
11590000 285
11595000 284
11600000 284
11605000 281
11610000 284
11615000 284
11620000 285
11625000 287
11630000 284
11635000 285
11640000 285
11645000 284
11650000 281
11655000 280
11660000 285
11665000 284
11670000 283
11675000 282
11680000 281
11685000 282
11690000 283
11695000 282
11700000 279
11705000 279
11710000 280
11715000 280
11720000 281
11725000 282
11730000 281
11735000 278
11740000 273
11745000 275
11750000 273
11755000 275
11760000 274
11765000 275
11770000 273
11775000 275
11780000 276
11785000 277
11790000 275
11795000 277
11800000 278
11805000 280
11810000 280
11815000 278
11820000 279
11825000 281
11830000 280
11835000 282
11840000 281
11845000 278
11850000 281
11855000 283
11860000 284
11865000 284
11870000 284
11875000 282
11880000 282
11885000 284
11890000 285
11895000 286
11900000 285
11905000 284
11910000 283
11915000 284
11920000 284
11925000 279
11930000 281
11935000 279
11940000 280
11945000 281
11950000 280
11955000 279
11960000 281
11965000 279
11970000 280
11975000 280
11980000 281
11985000 281
11990000 281
11995000 281
12000000 280
12005000 279
12010000 278
12015000 277
12020000 278
12025000 278
12030000 279
12035000 282
12040000 281
12045000 281
12050000 280
12055000 281
12060000 283
12065000 284
12070000 283
12075000 280
12080000 281
12085000 279
12090000 279
12095000 280
12100000 280
12105000 281
12110000 279
12115000 281
12120000 283
12125000 283
12130000 285
12135000 282
12140000 286
12145000 285
12150000 289
12155000 289
12160000 289
12165000 291
12170000 290
12175000 292
12180000 293
12185000 291
12190000 292
12195000 292
12200000 291
12205000 290
12210000 291
12215000 290
12220000 287
12225000 288
12230000 288
12235000 290
12240000 289
12245000 289
12250000 290
12255000 290
12260000 290
12265000 289
12270000 290
12275000 289
12280000 287
12285000 289
12290000 287
12295000 287
12300000 285
12305000 288
12310000 287
12315000 287
12320000 286
12325000 285
12330000 283
12335000 285
12340000 285
12345000 285
12350000 286
12355000 287
12360000 287
12365000 285
12370000 286
12375000 288
12380000 288
12385000 288
12390000 288
12395000 287
12400000 288
12405000 285
12410000 286
12415000 285
12420000 287
12425000 287
12430000 288
12435000 288
12440000 288
12445000 290
12450000 289
12455000 288
12460000 288
12465000 288
12470000 286
12475000 285
12480000 286
12485000 285
12490000 286
12495000 286
12500000 286
12505000 283
12510000 284
12515000 283
12520000 283
12525000 284
12530000 283
12535000 284
12540000 284
12545000 284
12550000 284
12555000 283
12560000 282
12565000 282
12570000 283
12575000 283
12580000 282
12585000 281
12590000 284
12595000 285
12600000 286
12605000 285
12610000 286
12615000 285
12620000 285
12625000 283
12630000 281
12635000 280
12640000 279
12645000 280
12650000 280
12655000 279
12660000 281
12665000 284
12670000 281
12675000 280
12680000 282
12685000 280
12690000 280
12695000 280
12700000 280
12705000 277
12710000 280
12715000 280
12720000 278
12725000 279
12730000 279
12735000 279
12740000 281
12745000 281
12750000 281
12755000 280
12760000 282
12765000 281
12770000 279
12775000 286
12780000 288
12785000 289
12790000 289
12795000 289
12800000 290
12805000 288
12810000 289
12815000 286
12820000 288
12825000 287
12830000 288
12835000 288
12840000 288
12845000 287
12850000 288
12855000 288
12860000 288
12865000 288
12870000 288
12875000 288
12880000 286
12885000 287
12890000 286
12895000 287
12900000 284
12905000 285
12910000 285
12915000 284
12920000 283
12925000 283
12930000 282
12935000 282
12940000 283
12945000 283
12950000 284
12955000 287
12960000 286
12965000 286
12970000 287
12975000 286
12980000 284
12985000 285
12990000 285
12995000 285
13000000 283
13005000 283
13010000 282
13015000 285
13020000 285
13025000 285
13030000 286
13035000 285
13040000 283
13045000 285
13050000 284
13055000 284
13060000 285
13065000 285
13070000 287
13075000 287
13080000 284
13085000 286
13090000 286
13095000 286
13100000 283
13105000 282
13110000 283
13115000 282
13120000 283
13125000 284
13130000 282
13135000 280
13140000 279
13145000 277
13150000 283
13155000 279
13160000 279
13165000 282
13170000 281
13175000 281
13180000 281
13185000 281
13190000 281
13195000 283
13200000 282
13205000 283
13210000 282
13215000 282
13220000 284
13225000 283
13230000 281
13235000 283
13240000 280
13245000 281
13250000 279
13255000 281
13260000 280
13265000 279
13270000 278
13275000 276
13280000 276
13285000 279
13290000 277
13295000 278
13300000 278
13305000 278
13310000 277
13315000 276
13320000 275
13325000 274
13330000 275
13335000 276
13340000 274
13345000 274
13350000 275
13355000 277
13360000 276
13365000 275
13370000 277
13375000 275
13380000 277
13385000 278
13390000 278
13395000 279
13400000 278
13405000 279
13410000 282
13415000 282
13420000 281
13425000 282
13430000 282
13435000 281
13440000 282
13445000 283
13450000 282
13455000 281
13460000 282
13465000 280
13470000 280
13475000 282
13480000 282
13485000 283
13490000 282
13495000 284
13500000 283
13505000 285
13510000 285
13515000 285
13520000 287
13525000 287
13530000 284
13535000 286
13540000 287
13545000 285
13550000 285
13555000 286
13560000 287
13565000 287
13570000 285
13575000 284
13580000 282
13585000 279
13590000 279
13595000 276
13600000 277
13605000 277
13610000 278
13615000 279
13620000 278
13625000 279
13630000 279
13635000 281
13640000 281
13645000 280
13650000 281
13655000 282
13660000 279
13665000 281
13670000 279
13675000 280
13680000 280
13685000 282
13690000 279
13695000 279
13700000 278
13705000 275
13710000 274
13715000 272
13720000 271
13725000 272
13730000 275
13735000 274
13740000 275
13745000 276
13750000 273
13755000 273
13760000 272
13765000 274
13770000 274
13775000 272
13780000 272
13785000 274
13790000 275
13795000 273
13800000 273
13805000 274
13810000 273
13815000 272
13820000 272
13825000 272
13830000 270
13835000 270
13840000 271
13845000 271
13850000 273
13855000 272
13860000 270
13865000 271
13870000 272
13875000 272
13880000 269
13885000 271
13890000 269
13895000 269
13900000 269
13905000 270
13910000 269
13915000 268
13920000 266
13925000 268
13930000 270
13935000 271
13940000 274
13945000 272
13950000 272
13955000 274
13960000 274
13965000 272
13970000 273
13975000 273
13980000 276
13985000 276
13990000 278
13995000 278
14000000 281
14005000 279
14010000 276
14015000 274
14020000 275
14025000 274
14030000 273
14035000 276
14040000 275
14045000 276
14050000 275
14055000 274
14060000 272
14065000 273
14070000 274
14075000 272
14080000 272
14085000 271
14090000 273
14095000 275
14100000 276
14105000 276
14110000 275
14115000 277
14120000 276
14125000 280
14130000 282
14135000 281
14140000 284
14145000 287
14150000 288
14155000 287
14160000 284
14165000 284
14170000 281
14175000 281
14180000 279
14185000 278
14190000 278
14195000 278
14200000 277
14205000 276
14210000 280
14215000 279
14220000 281
14225000 280
14230000 281
14235000 281
14240000 279
14245000 283
14250000 281
14255000 280
14260000 281
14265000 284
14270000 286
14275000 286
14280000 286
14285000 285
14290000 288
14295000 286
14300000 288
14305000 286
14310000 288
14315000 289
14320000 289
14325000 289
14330000 290
14335000 290
14340000 292
14345000 293
14350000 291
14355000 292
14360000 291
14365000 293
14370000 292
14375000 294
14380000 292
14385000 290
14390000 291
14395000 289
14400000 291
14405000 292
14410000 295
14415000 294
14420000 295
14425000 294
14430000 295
14435000 296
14440000 294
14445000 294
14450000 295
14455000 294
14460000 295
14465000 293
14470000 292
14475000 289
14480000 290
14485000 287
14490000 288
14495000 287
14500000 284
14505000 284
14510000 285
14515000 286
14520000 285
14525000 283
14530000 284
14535000 286
14540000 286
14545000 285
14550000 285
14555000 285
14560000 288
14565000 289
14570000 289
14575000 288
14580000 289
14585000 289
14590000 289
14595000 288
14600000 288
14605000 286
14610000 287
14615000 287
14620000 288
14625000 286
14630000 285
14635000 285
14640000 286
14645000 285
14650000 285
14655000 283
14660000 282
14665000 283
14670000 283
14675000 283
14680000 282
14685000 281
14690000 282
14695000 285
14700000 284
14705000 285
14710000 284
14715000 284
14720000 284
14725000 284
14730000 283
14735000 283
14740000 280
14745000 277
14750000 273
14755000 275
14760000 276
14765000 278
14770000 278
14775000 278
14780000 279
14785000 276
14790000 279
14795000 278
14800000 280
14805000 277
14810000 276
14815000 277
14820000 277
14825000 275
14830000 278
14835000 278
14840000 279
14845000 281
14850000 278
14855000 278
14860000 279
14865000 277
14870000 279
14875000 279
14880000 281
14885000 281
14890000 280
14895000 280
14900000 279
14905000 280
14910000 280
14915000 279
14920000 279
14925000 278
14930000 278
14935000 277
14940000 279
14945000 280
14950000 282
14955000 282
14960000 281
14965000 281
14970000 280
14975000 278
14980000 281
14985000 279
14990000 280
14995000 279
15000000 278
15005000 278
15010000 277
15015000 278
15020000 279
15025000 280
15030000 278
15035000 276
15040000 277
15045000 278
15050000 276
15055000 277
15060000 277
15065000 277
15070000 278
15075000 280
15080000 279
15085000 284
15090000 285
15095000 285
15100000 285
15105000 285
15110000 284
15115000 283
15120000 282
15125000 281
15130000 281
15135000 281
15140000 284
15145000 284
15150000 283
15155000 281
15160000 280
15165000 281
15170000 280
15175000 281
15180000 281
15185000 281
15190000 280
15195000 279
15200000 278
15205000 279
15210000 281
15215000 281
15220000 282
15225000 283
15230000 283
15235000 284
15240000 283
15245000 281
15250000 280
15255000 281
15260000 280
15265000 278
15270000 279
15275000 280
15280000 280
15285000 281
15290000 282
15295000 280
15300000 281
15305000 281
15310000 280
15315000 280
15320000 280
15325000 279
15330000 278
15335000 277
15340000 276
15345000 277
15350000 278
15355000 281
15360000 281
15365000 281
15370000 282
15375000 280
15380000 280
15385000 278
15390000 280
15395000 281
15400000 281
15405000 279
15410000 281
15415000 282
15420000 282
15425000 282
15430000 285
15435000 287
15440000 287
15445000 286
15450000 286
15455000 285
15460000 285
15465000 287
15470000 286
15475000 285
15480000 283
15485000 285
15490000 285
15495000 284
15500000 285
15505000 287
15510000 285
15515000 284
15520000 283
15525000 284
15530000 284
15535000 285
15540000 283
15545000 282
15550000 284
15555000 284
15560000 283
15565000 282
15570000 282
15575000 280
15580000 281
15585000 284
15590000 283
15595000 284
15600000 284
15605000 282
15610000 283
15615000 284
15620000 284
15625000 283
15630000 282
15635000 283
15640000 286
15645000 286
15650000 286
15655000 285
15660000 286
15665000 286
15670000 284
15675000 285
15680000 285
15685000 285
15690000 286
15695000 285
15700000 285
15705000 284
15710000 281
15715000 281
15720000 280
15725000 280
15730000 278
15735000 277
15740000 279
15745000 278
15750000 277
15755000 276
15760000 277
15765000 278
15770000 277
15775000 277
15780000 276
15785000 274
15790000 274
15795000 273
15800000 275
15805000 278
15810000 280
15815000 283
15820000 283
15825000 282
15830000 278
15835000 279
15840000 278
15845000 281
15850000 278
15855000 279
15860000 276
15865000 274
15870000 275
15875000 275
15880000 277
15885000 273
15890000 273
15895000 272
15900000 273
15905000 275
15910000 275
15915000 276
15920000 277
15925000 277
15930000 279
15935000 279
15940000 279
15945000 277
15950000 277
15955000 276
15960000 276
15965000 274
15970000 276
15975000 278
15980000 279
15985000 278
15990000 279
15995000 281
16000000 281
16005000 281
16010000 283
16015000 284
16020000 283
16025000 284
16030000 279
16035000 282
16040000 282
16045000 284
16050000 282
16055000 286
16060000 287
16065000 288
16070000 288
16075000 289
16080000 289
16085000 288
16090000 289
16095000 289
16100000 290
16105000 290
16110000 291
16115000 292
16120000 291
16125000 288
16130000 286
16135000 286
16140000 287
16145000 285
16150000 288
16155000 287
16160000 287
16165000 288
16170000 288
16175000 287
16180000 288
16185000 288
16190000 288
16195000 288
16200000 289
16205000 287
16210000 286
16215000 285
16220000 285
16225000 287
16230000 287
16235000 288
16240000 287
16245000 287
16250000 288
16255000 288
16260000 288
16265000 287
16270000 289
16275000 290
16280000 291
16285000 290
16290000 289
16295000 287
16300000 285
16305000 288
16310000 287
16315000 287
16320000 284
16325000 290
16330000 290
16335000 291
16340000 292
16345000 290
16350000 288
16355000 288
16360000 287
16365000 287
16370000 288
16375000 286
16380000 287
16385000 287
16390000 287
16395000 287
16400000 285
16405000 284
16410000 284
16415000 286
16420000 281
16425000 284
16430000 283
16435000 286
16440000 287
16445000 285
16450000 287
16455000 284
16460000 283
16465000 282
16470000 282
16475000 284
16480000 284
16485000 285
16490000 287
16495000 286
16500000 287
16505000 287
16510000 287
16515000 287
16520000 286
16525000 286
16530000 287
16535000 287
16540000 285
16545000 286
16550000 286
16555000 286
16560000 287
16565000 285
16570000 287
16575000 289
16580000 288
16585000 287
16590000 288
16595000 288
16600000 287
16605000 290
16610000 288
16615000 286
16620000 285
16625000 283
16630000 282
16635000 283
16640000 283
16645000 282
16650000 281
16655000 284
16660000 286
16665000 284
16670000 286
16675000 288
16680000 288
16685000 286
16690000 285
16695000 286
16700000 287
16705000 285
16710000 284
16715000 283
16720000 280
16725000 281
16730000 280
16735000 281
16740000 283
16745000 281
16750000 281
16755000 281
16760000 282
16765000 278
16770000 279
16775000 283
16780000 284
16785000 285
16790000 284
16795000 284
16800000 287
16805000 286
16810000 287
16815000 287
16820000 286
16825000 285
16830000 286
16835000 286
16840000 287
16845000 287
16850000 284
16855000 282
16860000 287
16865000 288
16870000 287
16875000 288
16880000 288
16885000 287
16890000 288
16895000 287
16900000 285
16905000 286
16910000 284
16915000 283
16920000 279
16925000 280
16930000 280
16935000 279
16940000 279
16945000 283
16950000 283
16955000 286
16960000 287
16965000 289
16970000 288
16975000 286
16980000 285
16985000 285
16990000 286
16995000 284
17000000 285
17005000 286
17010000 284
17015000 280
17020000 279
17025000 278
17030000 278
17035000 280
17040000 280
17045000 276
17050000 277
17055000 279
17060000 280
17065000 280
17070000 281
17075000 281
17080000 280
17085000 279
17090000 280
17095000 281
17100000 281
17105000 282
17110000 278
17115000 280
17120000 278
17125000 281
17130000 281
17135000 281
17140000 278
17145000 278
17150000 279
17155000 278
17160000 275
17165000 275
17170000 276
17175000 277
17180000 276
17185000 277
17190000 278
17195000 276
17200000 276
17205000 278
17210000 276
17215000 276
17220000 277
17225000 276
17230000 277
17235000 279
17240000 279
17245000 281
17250000 279
17255000 278
17260000 279
17265000 281
17270000 280
17275000 280
17280000 278
17285000 278
17290000 277
17295000 280
17300000 279
17305000 279
17310000 281
17315000 279
17320000 281
17325000 283
17330000 285
17335000 283
17340000 283
17345000 284
17350000 285
17355000 284
17360000 283
17365000 283
17370000 284
17375000 283
17380000 282
17385000 284
17390000 285
17395000 289
17400000 288
17405000 286
17410000 288
17415000 286
17420000 285
17425000 286
17430000 284
17435000 284
17440000 284
17445000 284
17450000 284
17455000 285
17460000 284
17465000 286
17470000 286
17475000 290
17480000 288
17485000 289
17490000 289
17495000 287
17500000 289
17505000 288
17510000 290
17515000 289
17520000 288
17525000 288
17530000 285
17535000 287
17540000 285
17545000 285
17550000 282
17555000 284
17560000 284
17565000 285
17570000 286
17575000 283
17580000 284
17585000 283
17590000 281
17595000 281
17600000 280
17605000 281
17610000 279
17615000 281
17620000 282
17625000 282
17630000 281
17635000 280
17640000 281
17645000 281
17650000 283
17655000 282
17660000 282
17665000 285
17670000 287
17675000 287
17680000 287
17685000 286
17690000 283
17695000 283
17700000 279
17705000 279
17710000 279
17715000 277
17720000 276
17725000 276
17730000 276
17735000 276
17740000 278
17745000 276
17750000 278
17755000 277
17760000 279
17765000 279
17770000 281
17775000 282
17780000 282
17785000 281
17790000 281
17795000 280
17800000 284
17805000 283
17810000 281
17815000 279
17820000 280
17825000 279
17830000 279
17835000 280
17840000 280
17845000 281
17850000 281
17855000 280
17860000 281
17865000 283
17870000 283
17875000 283
17880000 281
17885000 279
17890000 280
17895000 280
17900000 283
17905000 281
17910000 281
17915000 281
17920000 279
17925000 279
17930000 280
17935000 281
17940000 280
17945000 279
17950000 277
17955000 277
17960000 280
17965000 280
17970000 280
17975000 281
17980000 281
17985000 281
17990000 281
17995000 284
18000000 284
18005000 287
18010000 286
18015000 284
18020000 284
18025000 284
18030000 286
18035000 284
18040000 287
18045000 288
18050000 290
18055000 289
18060000 291
18065000 290
18070000 291
18075000 288
18080000 289
18085000 289
18090000 289
18095000 291
18100000 290
18105000 290
18110000 290
18115000 289
18120000 291
18125000 289
18130000 293
18135000 291
18140000 291
18145000 291
18150000 290
18155000 291
18160000 287
18165000 288
18170000 285
18175000 283
18180000 284
18185000 284
18190000 282
18195000 282
18200000 281
18205000 278
18210000 278
18215000 280
18220000 279
18225000 281
18230000 280
18235000 277
18240000 278
18245000 279
18250000 283
18255000 284
18260000 283
18265000 283
18270000 281
18275000 281
18280000 279
18285000 279
18290000 279
18295000 280
18300000 277
18305000 274
18310000 274
18315000 275
18320000 275
18325000 273
18330000 275
18335000 276
18340000 272
18345000 271
18350000 272
18355000 276
18360000 271
18365000 275
18370000 274
18375000 276
18380000 275
18385000 275
18390000 276
18395000 276
18400000 274
18405000 273
18410000 270
18415000 271
18420000 270
18425000 271
18430000 271
18435000 272
18440000 273
18445000 274
18450000 273
18455000 273
18460000 272
18465000 276
18470000 276
18475000 275
18480000 275
18485000 276
18490000 277
18495000 279
18500000 279
18505000 276
18510000 279
18515000 277
18520000 280
18525000 282
18530000 281
18535000 281
18540000 282
18545000 283
18550000 281
18555000 282
18560000 280
18565000 281
18570000 281
18575000 281
18580000 281
18585000 280
18590000 280
18595000 280
18600000 280
18605000 280
18610000 279
18615000 279
18620000 280
18625000 279
18630000 278
18635000 281
18640000 281
18645000 281
18650000 284
18655000 283
18660000 283
18665000 284
18670000 285
18675000 287
18680000 287
18685000 288
18690000 287
18695000 284
18700000 282
18705000 280
18710000 281
18715000 281
18720000 283
18725000 284
18730000 286
18735000 288
18740000 289
18745000 289
18750000 288
18755000 290
18760000 288
18765000 288
18770000 288
18775000 287
18780000 288
18785000 288
18790000 288
18795000 288
18800000 288
18805000 287
18810000 288
18815000 286
18820000 285
18825000 285
18830000 289
18835000 288
18840000 289
18845000 289
18850000 290
18855000 289
18860000 289
18865000 288
18870000 288
18875000 288
18880000 285
18885000 287
18890000 285
18895000 289
18900000 292
18905000 292
18910000 290
18915000 291
18920000 291
18925000 292
18930000 290
18935000 291
18940000 293
18945000 293
18950000 294
18955000 293
18960000 291
18965000 291
18970000 290
18975000 288
18980000 286
18985000 287
18990000 284
18995000 286
19000000 287
19005000 285
19010000 287
19015000 286
19020000 286
19025000 285
19030000 284
19035000 285
19040000 287
19045000 288
19050000 288
19055000 286
19060000 284
19065000 282
19070000 280
19075000 279
19080000 281
19085000 282
19090000 282
19095000 280
19100000 281
19105000 280
19110000 281
19115000 280
19120000 279
19125000 281
19130000 281
19135000 280
19140000 280
19145000 280
19150000 280
19155000 278
19160000 279
19165000 277
19170000 279
19175000 279
19180000 280
19185000 280
19190000 281
19195000 281
19200000 282
19205000 279
19210000 279
19215000 280
19220000 279
19225000 277
19230000 277
19235000 276
19240000 276
19245000 276
19250000 277
19255000 277
19260000 277
19265000 276
19270000 275
19275000 274
19280000 274
19285000 273
19290000 275
19295000 274
19300000 273
19305000 275
19310000 277
19315000 276
19320000 277
19325000 278
19330000 278
19335000 282
19340000 283
19345000 283
19350000 281
19355000 281
19360000 281
19365000 283
19370000 283
19375000 282
19380000 282
19385000 280
19390000 282
19395000 282
19400000 282
19405000 281
19410000 279
19415000 280
19420000 282
19425000 282
19430000 280
19435000 280
19440000 278
19445000 277
19450000 277
19455000 274
19460000 276
19465000 278
19470000 278
19475000 280
19480000 276
19485000 280
19490000 282
19495000 286
19500000 284
19505000 283
19510000 283
19515000 282
19520000 283
19525000 284
19530000 284
19535000 284
19540000 283
19545000 282
19550000 282
19555000 278
19560000 280
19565000 279
19570000 278
19575000 275
19580000 275
19585000 274
19590000 272
19595000 272
19600000 272
19605000 273
19610000 274
19615000 276
19620000 277
19625000 277
19630000 275
19635000 271
19640000 270
19645000 272
19650000 268
19655000 271
19660000 271
19665000 270
19670000 273
19675000 271
19680000 274
19685000 275
19690000 275
19695000 273
19700000 275
19705000 276
19710000 274
19715000 272
19720000 271
19725000 270
19730000 270
19735000 269
19740000 266
19745000 267
19750000 268
19755000 268
19760000 269
19765000 268
19770000 268
19775000 267
19780000 268
19785000 267
19790000 269
19795000 267
19800000 267
19805000 269
19810000 270
19815000 272
19820000 273
19825000 275
19830000 275
19835000 276
19840000 276
19845000 276
19850000 274
19855000 274
19860000 274
19865000 274
19870000 273
19875000 274
19880000 274
19885000 273
19890000 273
19895000 273
19900000 274
19905000 272
19910000 273
19915000 272
19920000 274
19925000 275
19930000 274
19935000 274
19940000 275
19945000 276
19950000 276
19955000 275
19960000 273
19965000 272
19970000 271
19975000 269
19980000 270
19985000 271
19990000 272
19995000 273
20000000 272
20005000 275
20010000 275
20015000 274
20020000 273
20025000 273
20030000 273
20035000 275
20040000 277
20045000 275
20050000 274
20055000 272
20060000 273
20065000 272
20070000 275
20075000 276
20080000 278
20085000 277
20090000 278
20095000 276
20100000 276
20105000 276
20110000 279
20115000 279
20120000 278
20125000 281
20130000 282
20135000 282
20140000 282
20145000 281
20150000 282
20155000 281
20160000 281
20165000 280
20170000 280
20175000 276
20180000 275
20185000 273
20190000 272
20195000 271
20200000 274
20205000 275
20210000 276
20215000 275
20220000 273
20225000 272
20230000 270
20235000 272
20240000 271
20245000 271
20250000 272
20255000 271
20260000 272
20265000 272
20270000 271
20275000 273
20280000 272
20285000 272
20290000 272
20295000 271
20300000 270
20305000 269
20310000 272
20315000 271
20320000 272
20325000 272
20330000 272
20335000 272
20340000 272
20345000 274
20350000 275
20355000 274
20360000 273
20365000 275
20370000 275
20375000 275
20380000 274
20385000 275
20390000 272
20395000 273
20400000 276
20405000 276
20410000 275
20415000 275
20420000 278
20425000 279
20430000 277
20435000 276
20440000 276
20445000 276
20450000 276
20455000 276
20460000 277
20465000 276
20470000 277
20475000 279
20480000 280
20485000 279
20490000 280
20495000 282
20500000 281
20505000 280
20510000 279
20515000 278
20520000 275
20525000 275
20530000 274
20535000 276
20540000 274
20545000 272
20550000 271
20555000 274
20560000 273
20565000 274
20570000 275
20575000 274
20580000 272
20585000 274
20590000 275
20595000 275
20600000 276
20605000 276
20610000 274
20615000 277
20620000 276
20625000 277
20630000 277
20635000 279
20640000 277
20645000 277
20650000 277
20655000 276
20660000 276
20665000 276
20670000 276
20675000 276
20680000 275
20685000 277
20690000 278
20695000 276
20700000 276
20705000 276
20710000 276
20715000 275
20720000 275
20725000 272
20730000 275
20735000 275
20740000 276
20745000 279
20750000 277
20755000 277
20760000 278
20765000 280
20770000 279
20775000 280
20780000 280
20785000 280
20790000 280
20795000 278
20800000 277
20805000 275
20810000 275
20815000 277
20820000 279
20825000 282
20830000 284
20835000 284
20840000 284
20845000 285
20850000 284
20855000 283
20860000 284
20865000 282
20870000 281
20875000 281
20880000 282
20885000 282
20890000 282
20895000 284
20900000 285
20905000 284
20910000 284
20915000 282
20920000 280
20925000 279
20930000 282
20935000 281
20940000 280
20945000 283
20950000 284
20955000 286
20960000 287
20965000 287
20970000 287
20975000 286
20980000 285
20985000 286
20990000 284
20995000 282
21000000 285
21005000 283
21010000 283
21015000 284
21020000 283
21025000 283
21030000 282
21035000 285
21040000 287
21045000 286
21050000 287
21055000 286
21060000 285
21065000 287
21070000 288
21075000 288
21080000 285
21085000 285
21090000 285
21095000 286
21100000 287
21105000 287
21110000 287
21115000 288
21120000 289
21125000 290
21130000 288
21135000 288
21140000 288
21145000 288
21150000 290
21155000 291
21160000 289
21165000 291
21170000 288
21175000 289
21180000 290
21185000 285
21190000 288
21195000 288
21200000 287
21205000 286
21210000 286
21215000 286
21220000 282
21225000 281
21230000 282
21235000 284
21240000 283
21245000 280
21250000 282
21255000 281
21260000 282
21265000 284
21270000 285
21275000 283
21280000 283
21285000 284
21290000 283
21295000 283
21300000 282
21305000 282
21310000 279
21315000 278
21320000 279
21325000 279
21330000 282
21335000 283
21340000 283
21345000 283
21350000 282
21355000 283
21360000 282
21365000 283
21370000 283
21375000 282
21380000 285
21385000 284
21390000 286
21395000 285
21400000 283
21405000 283
21410000 285
21415000 286
21420000 285
21425000 285
21430000 285
21435000 283
21440000 284
21445000 281
21450000 280
21455000 280
21460000 279
21465000 280
21470000 279
21475000 281
21480000 280
21485000 281
21490000 281
21495000 281
21500000 279
21505000 279
21510000 278
21515000 279
21520000 279
21525000 280
21530000 280
21535000 284
21540000 283
21545000 281
21550000 281
21555000 282
21560000 281
21565000 278
21570000 281
21575000 279
21580000 279
21585000 279
21590000 279
21595000 278
21600000 277
21605000 277
21610000 276
21615000 277
21620000 278
21625000 275
21630000 276
21635000 276
21640000 275
21645000 277
21650000 278
21655000 279
21660000 279
21665000 279
21670000 280
21675000 280
21680000 281
21685000 281
21690000 284
21695000 280
21700000 282
21705000 281
21710000 282
21715000 279
21720000 280
21725000 280
21730000 278
21735000 276
21740000 275
21745000 276
21750000 275
21755000 272
21760000 274
21765000 274
21770000 277
21775000 278
21780000 278
21785000 278
21790000 278
21795000 280
21800000 279
21805000 282
21810000 282
21815000 281
21820000 282
21825000 284
21830000 284
21835000 285
21840000 286
21845000 286
21850000 287
21855000 287
21860000 286
21865000 288
21870000 284
21875000 282
21880000 282
21885000 284
21890000 284
21895000 282
21900000 285
21905000 284
21910000 284
21915000 286
21920000 285
21925000 285
21930000 282
21935000 282
21940000 283
21945000 283
21950000 284
21955000 284
21960000 283
21965000 282
21970000 283
21975000 284
21980000 284
21985000 285
21990000 285
21995000 285
22000000 285
22005000 284
22010000 283
22015000 283
22020000 281
22025000 281
22030000 280
22035000 280
22040000 280
22045000 279
22050000 280
22055000 282
22060000 283
22065000 282
22070000 283
22075000 283
22080000 283
22085000 285
22090000 285
22095000 284
22100000 284
22105000 282
22110000 284
22115000 281
22120000 282
22125000 280
22130000 282
22135000 281
22140000 279
22145000 279
22150000 279
22155000 277
22160000 277
22165000 277
22170000 275
22175000 275
22180000 275
22185000 275
22190000 276
22195000 275
22200000 275
22205000 274
22210000 274
22215000 275
22220000 275
22225000 277
22230000 276
22235000 276
22240000 274
22245000 277
22250000 278
22255000 277
22260000 277
22265000 277
22270000 278
22275000 278
22280000 277
22285000 278
22290000 278
22295000 277
22300000 278
22305000 278
22310000 279
22315000 278
22320000 280
22325000 281
22330000 281
22335000 280
22340000 280
22345000 281
22350000 280
22355000 280
22360000 280
22365000 279
22370000 278
22375000 279
22380000 278
22385000 280
22390000 280
22395000 283
22400000 284
22405000 282
22410000 282
22415000 281
22420000 279
22425000 282
22430000 282
22435000 280
22440000 281
22445000 283
22450000 285
22455000 283
22460000 282
22465000 283
22470000 286
22475000 286
22480000 285
22485000 283
22490000 283
22495000 282
22500000 281
22505000 282
22510000 282
22515000 281
22520000 280
22525000 278
22530000 281
22535000 282
22540000 282
22545000 283
22550000 283
22555000 280
22560000 282
22565000 282
22570000 281
22575000 282
22580000 283
22585000 287
22590000 287
22595000 288
22600000 288
22605000 287
22610000 286
22615000 291
22620000 292
22625000 292
22630000 292
22635000 293
22640000 291
22645000 291
22650000 291
22655000 290
22660000 288
22665000 286
22670000 289
22675000 287
22680000 287
22685000 289
22690000 286
22695000 285
22700000 285
22705000 285
22710000 281
22715000 281
22720000 283
22725000 283
22730000 282
22735000 280
22740000 278
22745000 280
22750000 280
22755000 281
22760000 281
22765000 282
22770000 281
22775000 282
22780000 280
22785000 283
22790000 284
22795000 283
22800000 281
22805000 281
22810000 282
22815000 282
22820000 282
22825000 280
22830000 280
22835000 281
22840000 279
22845000 279
22850000 274
22855000 277
22860000 276
22865000 278
22870000 276
22875000 275
22880000 274
22885000 275
22890000 276
22895000 277
22900000 278
22905000 279
22910000 279
22915000 280
22920000 280
22925000 279
22930000 280
22935000 280
22940000 280
22945000 279
22950000 279
22955000 278
22960000 278
22965000 277
22970000 276
22975000 275
22980000 275
22985000 277
22990000 278
22995000 280
23000000 279
23005000 277
23010000 282
23015000 280
23020000 283
23025000 279
23030000 278
23035000 279
23040000 280
23045000 282
23050000 281
23055000 280
23060000 279
23065000 280
23070000 280
23075000 280
23080000 277
23085000 277
23090000 277
23095000 278
23100000 279
23105000 277
23110000 277
23115000 276
23120000 277
23125000 275
23130000 277
23135000 278
23140000 279
23145000 279
23150000 277
23155000 277
23160000 279
23165000 279
23170000 277
23175000 278
23180000 278
23185000 277
23190000 277
23195000 276
23200000 277
23205000 278
23210000 277
23215000 277
23220000 277
23225000 275
23230000 275
23235000 276
23240000 276
23245000 275
23250000 276
23255000 276
23260000 275
23265000 276
23270000 276
23275000 274
23280000 275
23285000 276
23290000 275
23295000 276
23300000 275
23305000 273
23310000 275
23315000 275
23320000 274
23325000 275
23330000 276
23335000 276
23340000 275
23345000 276
23350000 277
23355000 279
23360000 279
23365000 277
23370000 278
23375000 278
23380000 277
23385000 279
23390000 281
23395000 281
23400000 279
23405000 281
23410000 282
23415000 282
23420000 280
23425000 279
23430000 279
23435000 280
23440000 276
23445000 278
23450000 279
23455000 279
23460000 278
23465000 276
23470000 276
23475000 276
23480000 279
23485000 278
23490000 272
23495000 273
23500000 272
23505000 275
23510000 277
23515000 277
23520000 276
23525000 274
23530000 275
23535000 276
23540000 276
23545000 278
23550000 276
23555000 277
23560000 278
23565000 276
23570000 280
23575000 281
23580000 281
23585000 281
23590000 279
23595000 277
23600000 277
23605000 277
23610000 276
23615000 277
23620000 276
23625000 276
23630000 275
23635000 276
23640000 276
23645000 278
23650000 279
23655000 280
23660000 281
23665000 281
23670000 281
23675000 280
23680000 278
23685000 282
23690000 282
23695000 281
23700000 282
23705000 282
23710000 282
23715000 284
23720000 288
23725000 287
23730000 286
23735000 284
23740000 283
23745000 282
23750000 282
23755000 281
23760000 281
23765000 280
23770000 280
23775000 278
23780000 280
23785000 281
23790000 280
23795000 281
23800000 283
23805000 283
23810000 284
23815000 283
23820000 283
23825000 285
23830000 283
23835000 282
23840000 283
23845000 282
23850000 282
23855000 284
23860000 282
23865000 284
23870000 283
23875000 283
23880000 285
23885000 285
23890000 284
23895000 281
23900000 281
23905000 283
23910000 281
23915000 283
23920000 285
23925000 284
23930000 285
23935000 285
23940000 285
23945000 286
23950000 285
23955000 283
23960000 284
23965000 283
23970000 285
23975000 286
23980000 285
23985000 285
23990000 286
23995000 284
24000000 287
24005000 285
24010000 287
24015000 285
24020000 285
24025000 285
24030000 283
24035000 285
24040000 285
24045000 284
24050000 286
24055000 287
24060000 287
24065000 283
24070000 285
24075000 285
24080000 286
24085000 286
24090000 286
24095000 285
24100000 286
24105000 287
24110000 287
24115000 286
24120000 286
24125000 285
24130000 284
24135000 283
24140000 283
24145000 284
24150000 284
24155000 284
24160000 283
24165000 282
24170000 284
24175000 281
24180000 281
24185000 285
24190000 283
24195000 284
24200000 284
24205000 283
24210000 283
24215000 282
24220000 283
24225000 282
24230000 282
24235000 282
24240000 282
24245000 280
24250000 279
24255000 279
24260000 278
24265000 277
24270000 279
24275000 277
24280000 275
24285000 277
24290000 279
24295000 276
24300000 279
24305000 281
24310000 280
24315000 278
24320000 279
24325000 278
24330000 275
24335000 278
24340000 279
24345000 279
24350000 279
24355000 279
24360000 280
24365000 282
24370000 279
24375000 280
24380000 278
24385000 278
24390000 277
24395000 279
24400000 281
24405000 282
24410000 282
24415000 283
24420000 282
24425000 283
24430000 285
24435000 283
24440000 284
24445000 285
24450000 289
24455000 289
24460000 289
24465000 288
24470000 288
24475000 286
24480000 286
24485000 284
24490000 283
24495000 283
24500000 283
24505000 283
24510000 284
24515000 284
24520000 283
24525000 285
24530000 286
24535000 286
24540000 285
24545000 287
24550000 286
24555000 284
24560000 285
24565000 282
24570000 284
24575000 281
24580000 280
24585000 281
24590000 283
24595000 284
24600000 285
24605000 283
24610000 283
24615000 283
24620000 283
24625000 281
24630000 282
24635000 283
24640000 285
24645000 283
24650000 285
24655000 284
24660000 282
24665000 282
24670000 282
24675000 280
24680000 280
24685000 280
24690000 280
24695000 278
24700000 278
24705000 277
24710000 279
24715000 278
24720000 276
24725000 278
24730000 276
24735000 276
24740000 278
24745000 279
24750000 281
24755000 281
24760000 281
24765000 280
24770000 280
24775000 277
24780000 276
24785000 274
24790000 276
24795000 278
24800000 279
24805000 279
24810000 279
24815000 279
24820000 280
24825000 278
24830000 279
24835000 280
24840000 277
24845000 281
24850000 282
24855000 284
24860000 283
24865000 284
24870000 283
24875000 282
24880000 281
24885000 277
24890000 282
24895000 281
24900000 282
24905000 282
24910000 281
24915000 278
24920000 278
24925000 278
24930000 278
24935000 277
24940000 278
24945000 278
24950000 278
24955000 276
24960000 276
24965000 274
24970000 278
24975000 274
24980000 275
24985000 275
24990000 277
24995000 279
25000000 278
25005000 278
25010000 278
