760000 0
765000 0
770000 1
775000 0
780000 1
785000 0
790000 0
795000 0
800000 0
805000 0
810000 0
815000 0
820000 2
825000 0
830000 0
835000 0
840000 0
845000 0
850000 0
855000 0
860000 0
865000 0
870000 0
875000 0
880000 1
885000 0
890000 0
895000 1
900000 1
905000 1
910000 1
915000 0
920000 0
925000 0
930000 0
935000 1
940000 0
945000 0
950000 0
955000 0
960000 0
965000 1
970000 1
975000 0
980000 0
985000 0
990000 1
995000 2
1000000 0
1005000 0
1010000 0
1015000 0
1020000 0
1025000 0
1030000 1
1035000 0
1040000 0
1045000 0
1050000 0
1055000 0
1060000 0
1065000 0
1070000 0
1075000 1
1080000 0
1085000 1
1090000 1
1095000 0
1100000 0
1105000 0
1110000 0
1115000 0
1120000 0
1125000 1
1130000 0
1135000 0
1140000 0
1145000 1
1150000 0
1155000 0
1160000 1
1165000 0
1170000 0
1175000 1
1180000 1
1185000 0
1190000 0
1195000 1
1200000 0
1205000 0
1210000 1
1215000 0
1220000 0
1225000 1
1230000 1
1235000 1
1240000 0
1245000 0
1250000 1
1255000 0
1260000 0
1265000 0
1270000 2
1275000 2
1280000 0
1285000 0
1290000 0
1295000 2
1300000 1
1305000 0
1310000 1
1315000 1
1320000 0
1325000 1
1330000 1
1335000 0
1340000 1
1345000 0
1350000 0
1355000 0
1360000 1
1365000 1
1370000 0
1375000 0
1380000 0
1385000 0
1390000 0
1395000 0
1400000 0
1405000 0
1410000 0
1415000 1
1420000 0
1425000 0
1430000 0
1435000 0
1440000 1
1445000 0
1450000 1
1455000 0
1460000 0
1465000 0
1470000 0
1475000 1
1480000 0
1485000 0
1490000 0
1495000 0
1500000 0
1505000 0
1510000 1
1515000 1
1520000 0
1525000 0
1530000 1
1535000 0
1540000 1
1545000 1
1550000 0
1555000 0
1560000 0
1565000 0
1570000 0
1575000 0
1580000 1
1585000 0
1590000 0
1595000 0
1600000 0
1605000 1
1610000 0
1615000 0
1620000 1
1625000 0
1630000 0
1635000 1
1640000 0
1645000 0
1650000 2
1655000 1
1660000 0
1665000 0
1670000 0
1675000 0
1680000 0
1685000 1
1690000 0
1695000 0
1700000 0
1705000 1
1710000 0
1715000 0
1720000 0
1725000 0
1730000 0
1735000 0
1740000 1
1745000 0
1750000 0
1755000 0
1760000 0
1765000 1
1770000 0
1775000 1
1780000 0
1785000 0
1790000 0
1795000 0
1800000 0
1805000 0
1810000 0
1815000 0
1820000 1
1825000 0
1830000 1
1835000 0
1840000 0
1845000 0
1850000 0
1855000 0
1860000 0
1865000 0
1870000 1
1875000 0
1880000 1
1885000 0
1890000 0
1895000 0
1900000 1
1905000 0
1910000 0
1915000 1
1920000 1
1925000 0
1930000 0
1935000 1
1940000 0
1945000 0
1950000 1
1955000 0
1960000 0
1965000 1
1970000 0
1975000 0
1980000 0
1985000 0
1990000 0
1995000 1
2000000 0
2005000 0
2010000 0
2015000 0
2020000 0
2025000 0
2030000 0
2035000 0
2040000 0
2045000 0
2050000 0
2055000 1
2060000 0
2065000 0
2070000 1
2075000 0
2080000 1
2085000 0
2090000 0
2095000 0
2100000 0
2105000 0
2110000 0
2115000 0
2120000 0
2125000 0
2130000 0
2135000 0
2140000 0
2145000 1
2150000 1
2155000 0
2160000 3
2165000 0
2170000 0
2175000 1
2180000 0
2185000 0
2190000 2
2195000 3
2200000 0
2205000 0
2210000 0
2215000 0
2220000 1
2225000 0
2230000 0
2235000 0
2240000 0
2245000 0
2250000 1
2255000 0
2260000 0
2265000 2
2270000 0
2275000 0
2280000 0
2285000 0
2290000 0
2295000 0
2300000 1
2305000 1
2310000 0
2315000 0
2320000 0
2325000 0
2330000 1
2335000 1
2340000 0
2345000 0
2350000 0
2355000 0
2360000 0
2365000 1
2370000 0
2375000 0
2380000 1
2385000 0
2390000 1
2395000 1
2400000 0
2405000 0
2410000 0
2415000 0
2420000 0
2425000 0
2430000 0
2435000 1
2440000 1
2445000 1
2450000 0
2455000 0
2460000 0
2465000 1
2470000 1
2475000 0
2480000 0
2485000 0
2490000 0
2495000 0
2500000 0
2505000 0
2510000 0
2515000 0
2520000 0
2525000 0
2530000 1
2535000 0
2540000 1
2545000 0
2550000 2
2555000 0
2560000 0
2565000 2
2570000 0
2575000 0
2580000 1
2585000 0
2590000 1
2595000 0
2600000 0
2605000 0
2610000 0
2615000 0
2620000 1
2625000 0
2630000 0
2635000 0
2640000 0
2645000 0
2650000 0
2655000 0
2660000 0
2665000 1
2670000 0
2675000 0
2680000 0
2685000 1
2690000 0
2695000 2
2700000 0
2705000 0
2710000 0
2715000 0
2720000 0
2725000 0
2730000 0
2735000 0
2740000 0
2745000 2
2750000 0
2755000 0
2760000 0
2765000 0
2770000 0
2775000 0
2780000 1
2785000 0
2790000 0
2795000 0
2800000 0
2805000 0
2810000 0
2815000 1
2820000 0
2825000 1
2830000 0
2835000 1
2840000 0
2845000 1
2850000 0
2855000 0
2860000 0
2865000 0
2870000 0
2875000 0
2880000 0
2885000 0
2890000 0
2895000 0
2900000 0
2905000 0
2910000 0
2915000 0
2920000 0
2925000 1
2930000 0
2935000 0
2940000 2
2945000 0
2950000 1
2955000 0
2960000 0
2965000 0
2970000 0
2975000 0
2980000 0
2985000 0
2990000 0
2995000 0
3000000 1
3005000 1
3010000 0
3015000 0
3020000 0
3025000 0
3030000 0
3035000 0
3040000 0
3045000 0
3050000 0
3055000 0
3060000 0
3065000 0
3070000 0
3075000 0
3080000 1
3085000 0
3090000 0
3095000 0
3100000 0
3105000 1
3110000 0
3115000 0
3120000 0
3125000 0
3130000 1
3135000 1
3140000 0
3145000 0
3150000 0
3155000 0
3160000 0
3165000 1
3170000 0
3175000 1
3180000 0
3185000 0
3190000 0
3195000 0
3200000 0
3205000 0
3210000 0
3215000 1
3220000 1
3225000 0
3230000 0
3235000 0
3240000 2
3245000 0
3250000 0
3255000 0
3260000 0
3265000 0
3270000 2
3275000 0
3280000 0
3285000 0
3290000 1
3295000 0
3300000 0
3305000 1
3310000 0
3315000 1
3320000 0
3325000 0
3330000 0
3335000 0
3340000 0
3345000 0
3350000 0
3355000 0
3360000 0
3365000 0
3370000 0
3375000 0
3380000 0
3385000 0
3390000 0
3395000 0
3400000 0
3405000 3
3410000 0
3415000 0
3420000 1
3425000 0
3430000 1
3435000 0
3440000 2
3445000 0
3450000 0
3455000 1
3460000 0
3465000 0
3470000 1
3475000 0
3480000 0
3485000 1
3490000 1
3495000 0
3500000 0
3505000 1
3510000 1
3515000 1
3520000 0
3525000 2
3530000 0
3535000 0
3540000 1
3545000 0
3550000 1
3555000 0
3560000 0
3565000 1
3570000 0
3575000 0
3580000 0
3585000 0
3590000 0
3595000 0
3600000 0
3605000 0
3610000 1
3615000 0
3620000 0
3625000 0
3630000 0
3635000 0
3640000 0
3645000 1
3650000 0
3655000 0
3660000 0
3665000 0
3670000 1
3675000 1
3680000 0
3685000 3
3690000 0
3695000 0
3700000 1
3705000 1
3710000 0
3715000 0
3720000 1
3725000 0
3730000 0
3735000 0
3740000 0
3745000 0
3750000 0
3755000 0
3760000 0
3765000 1
3770000 0
3775000 0
3780000 0
3785000 1
3790000 0
3795000 0
3800000 1
3805000 0
3810000 0
3815000 1
3820000 0
3825000 0
3830000 0
3835000 0
3840000 2
3845000 0
3850000 0
3855000 0
3860000 1
3865000 0
3870000 0
3875000 0
3880000 0
3885000 0
3890000 0
3895000 0
3900000 1
3905000 0
3910000 0
3915000 1
3920000 0
3925000 0
3930000 1
3935000 1
3940000 0
3945000 0
3950000 0
3955000 0
3960000 1
3965000 0
3970000 0
3975000 0
3980000 0
3985000 0
3990000 0
3995000 0
4000000 0
4005000 0
4010000 0
4015000 1
4020000 0
4025000 0
4030000 0
4035000 0
4040000 0
4045000 0
4050000 0
4055000 0
4060000 0
4065000 0
4070000 0
4075000 0
4080000 0
4085000 0
4090000 1
4095000 1
4100000 0
4105000 0
4110000 0
4115000 0
4120000 0
4125000 0
4130000 0
4135000 2
4140000 0
4145000 1
4150000 0
4155000 0
4160000 0
4165000 0
4170000 1
4175000 1
4180000 0
4185000 0
4190000 0
4195000 0
4200000 1
4205000 0
4210000 0
4215000 1
4220000 0
4225000 1
4230000 0
4235000 1
4240000 0
4245000 0
4250000 0
4255000 1
4260000 0
4265000 0
4270000 1
4275000 1
4280000 0
4285000 2
4290000 0
4295000 0
4300000 0
4305000 0
4310000 1
4315000 0
4320000 0
4325000 0
4330000 0
4335000 0
4340000 0
4345000 1
4350000 0
4355000 0
4360000 0
4365000 1
4370000 1
4375000 0
4380000 0
4385000 0
4390000 0
4395000 0
4400000 0
4405000 0
4410000 0
4415000 0
4420000 0
4425000 0
4430000 0
4435000 1
4440000 0
4445000 1
4450000 1
4455000 0
4460000 0
4465000 0
4470000 0
4475000 0
4480000 0
4485000 1
4490000 1
4495000 0
4500000 0
4505000 1
4510000 0
4515000 0
4520000 0
4525000 0
4530000 0
4535000 0
4540000 0
4545000 0
4550000 0
4555000 0
4560000 0
4565000 1
4570000 0
4575000 0
4580000 0
4585000 0
4590000 0
4595000 1
4600000 0
4605000 0
4610000 2
4615000 0
4620000 1
4625000 0
4630000 0
4635000 0
4640000 0
4645000 0
4650000 0
4655000 1
4660000 0
4665000 0
4670000 0
4675000 1
4680000 0
4685000 0
4690000 0
4695000 0
4700000 0
4705000 0
4710000 0
4715000 0
4720000 1
4725000 0
4730000 0
4735000 0
4740000 0
4745000 1
4750000 1
4755000 0
4760000 0
4765000 1
4770000 0
4775000 0
4780000 0
4785000 0
4790000 0
4795000 0
4800000 1
4805000 0
4810000 1
4815000 0
4820000 0
4825000 1
4830000 0
4835000 1
4840000 0
4845000 1
4850000 0
4855000 0
4860000 0
4865000 0
4870000 0
4875000 1
4880000 0
4885000 0
4890000 2
4895000 0
4900000 1
4905000 1
4910000 0
4915000 0
4920000 0
4925000 0
4930000 0
4935000 0
4940000 0
4945000 0
4950000 2
4955000 0
4960000 0
4965000 0
4970000 1
4975000 0
4980000 1
4985000 0
4990000 0
4995000 0
5000000 1
5005000 1
5010000 0
