timestep Temp E_pair E_mol TotEng Press
10000 143.78383 -449.93319 636.59019 1472.4339 1.8955038
15000 301.46648 -593.09482 1254.9046 3357.6527 3.0474623
20000 293.43904 -708.90119 1250.074 3165.231 3.5364031
25000 296.29203 -794.99421 1263.9598 3118.5364 4.879933
30000 302.84478 -887.08385 1292.0089 3113.0933 19.694458
35000 301.65366 -961.33325 1275.5743 3011.7578 3.1554461
40000 301.17625 -994.20838 1255.223 2954.2622 17.292902
45000 299.13764 -1106.2115 1263.4716 2832.2776 -1.5572419
50000 303.36977 -1162.3593 1247.3652 2797.8688 14.666035
55000 301.59739 -1184.728 1261.3368 2773.6223 1.1001882
60000 296.96353 -1247.4391 1306.2457 2714.3823 1.772514
65000 306.82152 -1297.7275 1299.9241 2745.9267 9.256418
70000 301.96941 -1361.5301 1340.7439 2679.5542 4.2770474
75000 302.93061 -1389.6689 1268.412 2587.679 16.435909
80000 301.72159 -1417.231 1251.2025 2532.0957 12.865251
85000 292.03128 -1444.6294 1267.4612 2434.3011 7.3498847
90000 299.0665 -1437.3922 1218.2288 2455.2179 -7.7793062
95000 298.7079 -1475.5134 1285.7421 2481.4033 -3.3408739
100000 305.10111 -1474.1252 1212.5601 2466.7803 -0.97996899
105000 300.10302 -1483.1756 1314.6831 2515.1579 6.3242189
110000 293.0406 -1493.6757 1256.572 2383.3914 3.1327913
115000 297.95213 -1491.8588 1296.8367 2469.394 3.1898427
120000 304.04144 -1511.2095 1295.4282 2503.088 7.7208505
125000 298.76252 -1547.2592 1278.3909 2402.7947 -17.216295
130000 307.05956 -1558.1158 1247.5987 2435.3415 6.3751195
135000 302.25241 -1568.891 1197.1325 2331.1126 17.589434
140000 297.56847 -1584.4087 1218.7693 2295.3458 3.2454241
145000 301.32629 -1614.6957 1289.3676 2369.2612 25.969313
150000 298.95753 -1621.7812 1284.6041 2336.2298 -6.7842643
155000 297.11069 -1657.4009 1274.1494 2273.6401 12.040296
160000 300.58164 -1653.0948 1251.5486 2286.3841 10.643196
165000 299.83361 -1650.0637 1225.5358 2256.7132 14.273125
170000 297.65409 -1666.0293 1230.5494 2226.271 7.8023383
175000 298.22346 -1645.8498 1217.9013 2238.8939 -0.8278103
180000 303.9973 -1662.7437 1260.3071 2316.0381 3.4959525
185000 296.68173 -1699.9536 1293.2243 2246.3263 -5.3730928
190000 298.35822 -1713.1437 1287.2517 2242.1556 1.3921959
195000 298.52454 -1730.9469 1283.1746 2221.7626 -1.7739835
200000 294.77893 -1736.8601 1237.9483 2137.1283 38.802683
205000 307.25577 -1785.6993 1250.8434 2212.7573 15.110277
210000 300.06468 -1781.0635 1275.8373 2178.0813 -10.678682
215000 303.52761 -1793.3394 1281.2384 2202.1734 5.8581694
220000 301.64849 -1788.43 1262.2966 2171.3371 20.283537
225000 294.65502 -1812.8917 1248.9193 2070.9596 3.7561985
230000 294.796 -1814.7336 1238.3705 2059.8296 13.285467
235000 303.63626 -1842.2965 1245.1879 2118.1375 22.427484
240000 299.96985 -1860.1165 1255.2813 2077.6243 16.90735
245000 290.90183 -1854.7265 1277.3424 2023.9852 7.905936
250000 305.93338 -1856.5608 1256.4601 2135.6872 27.916983
255000 290.2247 -1872.7066 1297.4976 2020.1051 -9.9736822
260000 300.64625 -1878.9271 1211.9963 2021.5773 2.4429474
265000 302.25187 -1842.0689 1201.4728 2062.2701 16.963233
270000 303.27754 -1855.8496 1277.9054 2134.094 -6.3863423
275000 291.51995 -1871.7779 1257.6017 1992.7206 0.47730959
280000 300.94585 -1869.2127 1248.2327 2070.2072 21.858823
285000 303.93625 -1872.6555 1231.4723 2076.7456 12.701189
290000 295.42711 -1859.1199 1235.7697 2018.4861 12.250898
295000 295.24041 -1879.9254 1308.6461 2068.8875 -18.066704
300000 312.43286 -1879.883 1268.7895 2182.8155 15.304923
305000 294.71866 -1890.3946 1213.4683 1958.5748 0.60709023
310000 305.2695 -1886.452 1283.2975 2126.6967 3.9442207
315000 298.36708 -1899.0575 1224.531 1993.6002 38.403247
320000 307.98267 -1887.8368 1265.4868 2131.7635 0.52892875
325000 297.34434 -1892.4423 1244.7078 2011.2465 -14.761212
330000 298.78432 -1883.7303 1222.7939 2010.9216 -5.8327647
335000 303.8757 -1892.2628 1235.7348 2060.8593 -7.8716619
340000 299.66493 -1891.0327 1242.2198 2030.9198 -3.5864552
345000 302.10164 -1897.7548 1235.8302 2039.5982 7.9523957
350000 300.13542 -1915.122 1290.8485 2059.6665 -0.9756448
355000 303.98222 -1902.2389 1293.8239 2109.9248 14.89474
360000 309.54026 -1915.4488 1241.607 2094.2005 5.5007775
365000 298.66563 -1903.8264 1216.0776 1983.0478 -13.035929
370000 302.14633 -1915.8864 1287.7302 2073.7662 9.2182479
375000 295.93883 -1944.577 1232.854 1934.6893 12.019633
380000 302.85456 -1912.0954 1284.7496 2080.91 10.859225
385000 307.44001 -1937.9601 1172.7822 1984.0829 3.5661522
390000 300.98919 -1955.1598 1246.2427 1982.6577 -12.750666
395000 305.74607 -1938.2779 1253.0056 2048.8406 8.904994
400000 305.64402 -1943.1771 1225.9281 2015.9513 16.193062
405000 294.47874 -1956.0189 1261.8155 1939.1522 -12.97298
410000 300.50835 -1930.1918 1251.3819 2008.4651 6.361293
415000 290.48644 -1928.4422 1261.7196 1930.9321 -23.766933
420000 300.66313 -1937.9383 1240.6442 1991.3649 -2.1023308
425000 307.77469 -1948.0074 1207.6439 2011.8902 2.5207839
430000 300.25813 -1959.0492 1265.4805 1991.4687 4.908504
435000 303.32377 -1946.454 1282.3131 2048.3108 9.8257968
440000 313.19754 -1957.4639 1205.126 2048.4091 -1.0293022
445000 304.79261 -1937.0292 1223.0706 2011.6281 26.517175
450000 300.26263 -1982.1673 1226.1128 1929.0231 19.003617
455000 299.56068 -1960.7928 1270.0097 1988.0174 -17.901123
460000 308.97287 -1986.9866 1278.8196 2054.8013 9.3311074
465000 299.06501 -1954.9648 1284.8855 2004.2887 15.169909
470000 301.15939 -1949.014 1236.7336 1980.8165 7.1799498
475000 305.47442 -1938.5616 1250.2625 2043.3845 -3.5338562
480000 304.11506 -1986.2862 1231.1404 1964.3818 -8.1573694
485000 304.12379 -1990.372 1232.6385 1961.8722 3.1609658
490000 304.39638 -2000.7523 1201.6021 1922.8932 35.573184
495000 291.5099 -1997.9791 1244.0493 1852.8772 3.4915892
500000 304.46762 -1996.9818 1235.3125 1961.0111 16.337574
505000 300.69137 -1997.543 1252.9745 1944.3432 -11.079751
510000 295.82179 -2008.7062 1225.7379 1862.3974 34.559602
515000 291.8535 -2015.9173 1236.7305 1830.6927 12.958507
520000 299.81994 -2013.9135 1291.4017 1958.6071 -5.4173245
525000 297.72864 -2007.822 1317.0682 1971.6639 -1.4983206
530000 298.16533 -2027.924 1253.1556 1891.5542 13.803561
535000 298.29531 -2030.8124 1252.7919 1889.4645 -8.3443642
540000 302.37676 -2027.5891 1215.3101 1891.704 0.65324641
545000 298.61345 -2028.8176 1233.3978 1874.9102 -28.616908
550000 304.28105 -2024.4237 1279.5239 1976.1122 2.5901575
555000 304.54066 -2020.1644 1248.0009 1951.1701 3.790205
560000 301.2972 -2022.9172 1223.1965 1894.6085 -5.795295
565000 300.39976 -2010.2036 1262.3838 1938.4841 -1.3958282
570000 298.94242 -2027.212 1240.7086 1886.7683 -16.392726
575000 292.48868 -2023.1779 1257.8519 1850.2336 2.926446
580000 302.50257 -2004.2444 1256.8848 1957.7485 17.001271
585000 304.88882 -2027.8572 1224.0209 1922.6106 -3.8770586
590000 303.07254 -2024.2198 1273.275 1959.2602 7.9151305
595000 300.33014 -2018.202 1263.6832 1931.1625 28.930515
600000 298.47398 -2034.2671 1233.514 1868.3296 -2.7949492
605000 295.29459 -2034.8751 1216.1152 1821.8913 10.005243
610000 301.19976 -2043.358 1294.2857 1944.3856 10.545318
615000 300.28928 -2018.3735 1243.945 1910.8875 6.231614
620000 302.02279 -2063.1276 1233.5971 1871.2871 -0.95759785
625000 300.60203 -2034.665 1256.7565 1910.2041 -8.4888005
630000 301.88151 -2049.5442 1255.3769 1905.387 17.293122
635000 292.12777 -2050.3015 1272.3956 1834.4263 14.262244
640000 297.95191 -2063.3932 1191.1303 1792.1514 0.92808267
645000 298.51363 -2076.9877 1240.2858 1832.7353 21.169449
650000 304.35921 -2048.3139 1235.4817 1908.8788 -7.6246616
655000 294.90798 -2093.2879 1234.357 1778.2631 -16.501243
660000 308.7761 -2074.9806 1280.2747 1966.5028 -12.243103
665000 295.28893 -2090.5742 1277.9717 1827.9981 -11.618952
670000 304.67028 -2098.1654 1186.2397 1812.567 2.4685414
675000 302.46959 -2083.0018 1275.8695 1897.6809 -9.9579293
680000 298.6486 -2099.9676 1182.4838 1753.1604 -6.5423737
685000 308.04211 -2077.7884 1239.1878 1916.0444 -7.7602566
690000 297.26133 -2063.2498 1241.1206 1836.1095 3.3034204
695000 304.31849 -2093.0405 1262.329 1890.6354 23.303419
700000 308.27418 -2069.7567 1227.6211 1914.5848 -10.654626
705000 296.92037 -2060.021 1217.4 1812.5686 10.461903
710000 303.63298 -2077.8477 1267.2014 1904.5704 0.98575762
715000 294.64627 -2064.95 1247.5432 1817.4469 -0.75036808
720000 311.18972 -2065.3893 1226.7979 1944.2009 -4.627211
725000 303.86051 -2053.0635 1223.8346 1888.0224 8.5843948
730000 296.07838 -2043.3985 1232.4437 1836.7054 31.082877
735000 294.91095 -2039.3444 1262.166 1860.0422 -10.340212
740000 305.57172 -2035.5883 1218.6272 1915.5926 13.765758
745000 305.88423 -2041.0691 1228.2655 1922.5448 18.662804
750000 303.03675 -2041.4654 1214.3569 1882.7765 -3.0329503
755000 300.79097 -2042.7618 1251.1961 1898.2365 5.2672192
760000 304.49818 -2015.9846 1220.9947 1927.9638 3.2130939
765000 297.42644 -2042.4403 1251.3217 1868.5966 -3.9042957
770000 290.77345 -2008.2771 1224.5709 1816.515 12.735604
775000 295.73269 -2043.2463 1275.8369 1877.1596 13.441274
780000 296.95768 -2051.5656 1213.3204 1817.2781 -1.066462
785000 295.48056 -2055.2421 1189.0005 1776.0727 17.723681
790000 301.5709 -2067.8808 1264.0213 1892.9172 -22.416191
795000 301.16678 -2067.1763 1263.6296 1889.6161 16.281336
800000 298.1684 -2049.3503 1252.4778 1869.4775 -2.0142931
805000 303.02654 -2085.8052 1229.1512 1853.1396 7.7975225
810000 298.28057 -2088.5241 1222.1348 1800.9639 7.5960678
815000 303.10257 -2091.7533 1255.0416 1873.7618 -8.7411439
820000 306.76024 -2095.7055 1257.0036 1904.4801 8.8102078
825000 299.44132 -2107.5996 1226.0146 1796.1481 12.596537
830000 298.92609 -2086.8461 1292.0102 1878.2899 21.925657
835000 301.88474 -2101.0378 1224.1383 1822.6837 13.007329
840000 306.49081 -2110.3388 1259.8225 1890.2564 -0.35511334
845000 304.02973 -2105.0029 1219.2841 1833.0458 -0.51301519
850000 302.40649 -2124.2911 1232.8235 1812.7813 9.7680152
855000 304.2541 -2118.7031 1216.5406 1818.6085 -0.29291787
860000 298.51643 -2100.662 1244.8527 1813.653 4.9778331
865000 295.8575 -2124.8586 1286.6147 1807.4412 10.400015
870000 295.5843 -2113.3653 1195.7331 1725.6098 1.7663672
875000 300.97618 -2115.0747 1219.8126 1796.1963 12.727016
880000 299.60926 -2123.7805 1243.115 1798.5694 5.6013404
885000 306.68594 -2135.6249 1245.8943 1852.7869 11.703451
890000 304.05323 -2116.057 1248.9791 1851.8968 23.990809
895000 299.00654 -2118.6007 1219.4813 1774.7257 7.8581436
900000 296.48637 -2119.9202 1212.9284 1744.3168 -4.8286823
905000 299.22378 -2124.0905 1192.4067 1744.1039 30.540482
910000 300.41343 -2111.3287 1250.6508 1825.7482 4.8096849
915000 298.77596 -2108.6456 1289.0322 1852.1698 2.6092778
920000 306.05091 -2097.7465 1279.8881 1918.9805 10.628077
925000 310.97705 -2110.3947 1189.8367 1860.3325 -16.645937
930000 295.74917 -2125.1476 1181.893 1701.4617 0.70327447
935000 309.4717 -2104.684 1232.0966 1894.8416 10.404293
940000 298.18762 -2108.8584 1239.2959 1796.9594 -1.9364012
945000 299.02083 -2095.7189 1228.3276 1806.5816 12.493249
950000 293.45488 -2098.7181 1255.1471 1780.6288 1.2834557
955000 298.45814 -2116.7702 1280.6887 1832.8596 -5.3527303
960000 297.74442 -2122.1709 1252.59 1792.9778 -22.822184
965000 299.52541 -2110.8417 1204.8033 1772.4467 -5.7810887
970000 306.14087 -2092.0768 1232.9717 1878.5382 7.8197477
975000 300.91298 -2133.3954 1276.1937 1833.6916 3.1762014
980000 298.02393 -2127.85 1201.9924 1739.2005 22.968263
985000 301.56183 -2134.3612 1230.8952 1793.2296 -0.42985902
990000 294.83676 -2114.693 1268.7383 1790.6024 -9.3314024
995000 301.66149 -2106.4245 1238.8636 1830.026 9.7927303
1000000 305.59072 -2116.1128 1249.7985 1866.4093 -3.380801
1005000 299.82345 -2119.5767 1266.0148 1827.5884 -2.6052583
1010000 295.65331 -2145.1178 1221.4977 1720.2389 9.870368
1015000 295.95095 -2126.7986 1248.5217 1768.2438 10.89123
1020000 305.01831 -2123.2573 1223.0814 1827.4291 10.364804
1025000 298.67825 -2120.0167 1218.8069 1769.6996 -8.2992458
1030000 293.32179 -2131.2881 1318.1514 1809.8729 -10.549903
1035000 299.11903 -2149.1804 1255.2249 1780.8955 10.654145
1040000 300.9433 -2161.2753 1197.8377 1727.7268 13.331024
1045000 302.93732 -2156.1201 1228.5236 1781.3994 17.99823
1050000 303.11108 -2134.3126 1222.375 1798.6121 -0.10060478
1055000 301.33137 -2154.7314 1242.6821 1782.5855 3.643245
1060000 294.42779 -2148.9221 1182.4608 1666.4387 -3.9612553
1065000 296.38087 -2162.3132 1231.352 1719.404 17.45359
1070000 295.38091 -2181.3255 1246.6563 1706.7539 19.433319
1075000 292.86779 -2174.1039 1237.5776 1682.4234 -10.097658
1080000 295.94208 -2189.8044 1266.8937 1723.5307 -3.5215786
1085000 300.84984 -2155.0033 1221.218 1756.5433 4.0158192
1090000 304.23165 -2160.2015 1262.2015 1822.5703 5.9522218
1095000 295.54767 -2137.4886 1218.8161 1724.2419 19.205287
1100000 296.05132 -2139.7862 1208.6316 1716.2636 -13.028192
1105000 297.15932 -2128.6536 1266.4975 1795.1703 -0.58041564
1110000 303.50007 -2126.5627 1245.9497 1833.4152 9.6925559
1115000 299.29584 -2137.4042 1230.9909 1770.0188 13.413167
1120000 298.7426 -2114.7571 1246.4443 1803.172 8.3319654
1125000 300.46874 -2106.9563 1237.9493 1817.9137 26.234206
1130000 292.71128 -2118.2139 1205.6058 1704.9421 2.7619834
1135000 293.59957 -2113.7558 1229.1915 1740.9292 24.301491
1140000 302.10338 -2110.7061 1228.8166 1819.6489 10.043341
1145000 296.60741 -2104.8493 1227.8346 1775.3763 5.4448643
1150000 305.88216 -2130.9392 1244.1535 1848.5441 -27.533387
1155000 300.61495 -2105.1953 1232.8798 1815.9126 3.4263347
1160000 302.8872 -2120.8012 1221.6942 1809.4406 24.956006
1165000 302.70674 -2101.9731 1233.0084 1837.9692 15.559805
1170000 294.98479 -2115.1542 1203.733 1726.4597 17.122533
1175000 306.47461 -2129.0559 1226.08 1837.6518 2.4196649
1180000 297.83224 -2119.6645 1259.0126 1802.6921 14.105048
1185000 302.13996 -2116.5197 1238.1027 1823.4485 4.355834
1190000 300.28849 -2125.1459 1233.6066 1793.7696 7.1067455
1195000 295.43574 -2116.5948 1198.0495 1723.3682 18.048073
1200000 293.07255 -2096.6318 1253.1243 1777.2733 13.307591
1205000 299.38181 -2118.9652 1212.0509 1770.2866 -6.4800919
1210000 306.95341 -2106.6018 1246.1907 1884.4983 25.621841
1215000 303.87872 -2104.128 1234.2944 1847.5806 16.151061
1220000 297.73161 -2112.3667 1257.936 1808.0134 5.924855
1225000 296.89345 -2092.2463 1282.2203 1844.9229 2.1407312
1230000 305.36984 -2102.5654 1190.8639 1819.047 11.731903
1235000 299.4459 -2111.0037 1222.7672 1789.5375 16.430626
1240000 306.79075 -2086.0735 1211.205 1868.5863 -18.230881
1245000 306.1635 -2080.3278 1258.2903 1915.8081 17.069853
1250000 302.60005 -2131.0957 1262.0189 1836.903 17.999909
1255000 298.37287 -2084.401 1254.3828 1838.1604 -0.97722221
1260000 297.96057 -2091.6515 1288.784 1861.6241 14.865575
1265000 303.99626 -2103.0061 1207.9708 1823.43 2.4029271
1270000 298.18239 -2077.9285 1291.6354 1880.1822 -0.50004955
1275000 298.38327 -2072.7963 1266.9662 1862.4414 5.0638962
1280000 310.43988 -2061.6557 1235.0128 1949.4441 11.802746
1285000 304.45848 -2059.1442 1240.9885 1904.443 -8.4475329
1290000 298.05703 -2051.6113 1285.4812 1899.2241 -15.995954
1295000 299.94928 -2034.4023 1216.88 1864.7532 1.6524397
1300000 300.90318 -2072.0812 1262.7137 1881.4382 13.812368
1305000 301.1763 -2117.5879 1237.4736 1813.1337 -3.0675402
1310000 303.39906 -2111.6468 1227.7819 1829.26 18.649615
1315000 300.30022 -2120.3534 1233.2069 1798.2672 5.4015022
1320000 303.50666 -2087.7375 1220.5457 1846.8954 16.254968
1325000 304.70032 -2094.1634 1243.8886 1874.4865 9.3138391
1330000 297.89066 -2126.3648 1235.437 1772.9385 -27.155995
1335000 300.69748 -2122.9327 1215.2349 1781.2683 12.165863
1340000 302.85601 -2137.2025 1230.2704 1801.3367 11.034106
1345000 297.63876 -2136.3297 1231.0328 1756.3168 15.261729
1350000 296.00819 -2142.51 1249.2419 1753.7645 24.669306
1355000 300.5539 -2119.7785 1235.7151 1803.6189 -4.3723212
1360000 301.98935 -2145.1489 1230.246 1785.6157 -2.8138006
1365000 291.5994 -2146.7086 1264.1914 1725.0901 26.743281
1370000 294.44348 -2125.8604 1225.4795 1732.6594 9.5564578
1375000 304.56326 -2145.3119 1258.0913 1836.3151 0.83204587
1380000 296.4812 -2146.6869 1268.7747 1773.3503 14.0712
1385000 300.47262 -2105.8916 1246.6931 1827.7569 6.6658043
1390000 301.39434 -2127.1448 1211.7722 1779.8252 0.64403795
1395000 299.3729 -2121.4112 1206.4273 1762.1373 3.3952258
1400000 302.63886 -2120.1521 1208.6595 1794.8342 25.139391
1405000 302.88875 -2142.1306 1245.7482 1812.1791 -0.04057575
1410000 293.11816 -2131.1734 1258.1408 1748.156 -9.5936371
1415000 296.84524 -2164.8899 1287.1743 1776.8022 10.151576
1420000 303.93707 -2126.8782 1207.7481 1798.806 23.07083
1425000 291.51269 -2121.9486 1232.0541 1716.9373 -9.2021953
1430000 301.94989 -2125.3683 1216.1551 1790.9526 7.6050845
1435000 304.68223 -2127.5377 1275.8009 1872.8627 24.709157
1440000 304.71384 -2106.3563 1235.4407 1853.9666 -11.738719
1445000 310.52184 -2111.3991 1154.6747 1820.0954 24.385829
1450000 301.67742 -2123.67 1238.0603 1812.1196 11.278894
1455000 289.73182 -2139.817 1223.3597 1674.4492 -4.4926835
1460000 294.26148 -2134.3961 1246.3411 1743.3578 31.556933
1465000 308.5387 -2139.2022 1227.0754 1846.959 -1.8883068
1470000 302.54009 -2109.7374 1209.6066 1805.3128 16.325805
1475000 296.89538 -2114.7945 1274.9836 1815.1553 -11.683237
1480000 300.70223 -2114.8162 1217.3937 1791.5861 6.3899919
1485000 302.39947 -2111.1935 1188.5662 1781.5588 -6.9493746
1490000 299.24016 -2132.176 1264.1491 1807.9073 -36.519956
1495000 299.41713 -2137.0737 1240.1231 1780.5661 4.9185076
1500000 294.03283 -2124.8061 1250.4837 1755.0457 -3.1304104
1505000 298.47619 -2128.9925 1241.1353 1781.2453 13.065176
1510000 297.58813 -2097.6521 1243.1757 1806.6847 -13.856546
1515000 300.62004 -2120.2224 1216.6067 1784.658 19.128774
1520000 299.57788 -2095.8185 1297.0937 1880.2294 4.2162775
1525000 295.23861 -2099.0076 1282.0894 1823.2325 10.551276
1530000 295.9169 -2118.2153 1252.0968 1780.0977 -21.797353
1535000 301.13718 -2109.294 1237.6899 1821.2942 1.8354575
1540000 301.65842 -2085.7736 1261.6047 1873.3905 14.447426
1545000 301.11252 -2127.1128 1275.5429 1841.1078 9.3353663
1550000 293.87548 -2116.8716 1243.252 1754.3413 -17.429585
1555000 296.32822 -2102.6544 1263.9124 1811.1524 -5.5503251
1560000 296.02467 -2106.3176 1287.9574 1828.8198 11.123417
1565000 297.50288 -2072.6545 1223.9901 1811.7343 3.0558795
1570000 306.79665 -2075.8921 1242.6612 1910.2768 -9.8887877
1575000 302.50257 -2089.8325 1212.217 1827.4926 27.576064
1580000 298.26992 -2091.4959 1344.2121 1919.9742 10.554851
1585000 295.35546 -2069.4485 1268.963 1840.7101 18.582709
1590000 305.16691 -2086.2329 1195.3445 1838.0453 -8.8407625
1595000 302.47704 -2112.8607 1240.3891 1832.4082 -10.818533
1600000 297.13973 -2090.6746 1231.9764 1798.4531 5.5708839
1605000 299.9899 -2091.2087 1213.2975 1804.7275 6.7431764
1610000 294.05046 -2117.0185 1292.2462 1804.7533 -4.8822325
1615000 295.27735 -2116.5431 1194.5634 1718.5174 1.8790991
1620000 299.13104 -2107.2657 1236.9192 1804.6119 -9.7400351
1625000 302.44906 -2115.0812 1214.2259 1803.7743 -11.080212
1630000 296.55161 -2100.9645 1235.4156 1786.3432 21.256247
1635000 300.86225 -2089.819 1195.557 1796.1777 -2.6150921
1640000 294.69971 -2089.13 1215.4816 1761.6831 9.1897794
1645000 299.20309 -2078.2108 1243.3325 1840.7244 20.937011
1650000 304.03629 -2092.8998 1221.2275 1847.151 -21.003826
1655000 288.65291 -2092.2317 1254.7257 1743.7525 -6.2896672
1660000 309.38738 -2103.3309 1274.7429 1938.087 -3.6493327
1665000 299.34999 -2094.8686 1250.6103 1832.6581 5.582216
1670000 301.67753 -2105.0592 1240.453 1833.1241 -5.2240479
1675000 298.69305 -2118.3587 1260.217 1812.9 21.830248
1680000 304.5187 -2112.0524 1283.7765 1894.8612 22.337243
1685000 307.78324 -2120.9431 1244.0107 1875.3977 -2.3061432
1690000 300.50804 -2124.0461 1264.4507 1827.6768 -4.0901663
1695000 304.96354 -2126.0602 1263.4239 1864.4789 20.034764
1700000 305.0922 -2115.4052 1248.5312 1861.3917 12.90684
1705000 297.7285 -2120.4147 1220.1693 1762.1709 1.9937213
1710000 305.68663 -2139.8386 1226.19 1819.9328 12.034917
1715000 304.42959 -2129.7518 1214.7144 1807.303 3.2082653
1720000 310.07648 -2115.0723 1228.1367 1885.9017 2.7871557
1725000 295.38289 -2114.1924 1190.5938 1717.8423 9.3816268
1730000 294.55593 -2130.5181 1228.2082 1731.7359 8.9212819
1735000 306.55188 -2130.5018 1238.8991 1849.716 17.172895
1740000 297.92652 -2125.2195 1242.0044 1780.972 7.3570525
1745000 297.60133 -2123.6854 1237.5391 1775.1328 22.330598
1750000 297.63291 -2114.069 1237.2608 1784.7532 -4.7970342
1755000 300.03949 -2092.4782 1261.4878 1852.0918 -1.3373324
1760000 305.70761 -2102.0286 1256.8136 1888.554 27.011658
1765000 298.66177 -2092.9846 1180.124 1757.9014 10.525383
1770000 304.30506 -2104.2824 1268.5038 1885.4481 23.892182
1775000 296.80435 -2068.9911 1265.3645 1850.5255 -9.6692559
1780000 293.44656 -2093.3378 1282.3834 1813.171 24.553962
1785000 300.49343 -2110.429 1187.8647 1764.5772 -0.6671265
1790000 305.37741 -2117.0353 1249.8863 1863.6672 27.955813
1795000 294.11289 -2103.7426 1207.5363 1733.8777 -16.561342
1800000 309.12894 -2111.7148 1249.02 1901.6691 -2.0069724
1805000 302.37004 -2095.9808 1274.8018 1882.744 -8.3838226
1810000 303.52235 -2076.9876 1231.6606 1868.9004 -4.2277504
1815000 297.99795 -2080.3792 1251.0789 1835.5256 3.6642781
1820000 302.8158 -2068.1437 1204.9616 1844.727 24.486178
1825000 305.28564 -2073.6076 1241.07 1897.4579 18.048801
1830000 297.55086 -2089.7549 1255.5357 1826.6085 -8.8235331
1835000 291.90521 -2082.9313 1234.8108 1762.2214 15.423034
1840000 299.11217 -2048.5834 1257.485 1883.6913 19.055246
1845000 298.62883 -2060.2021 1246.5324 1856.7977 -11.851482
1850000 304.68837 -2067.4719 1269.6514 1926.834 6.2067701
1855000 310.70168 -2079.0825 1253.7764 1953.122 5.1400359
1860000 297.19757 -2078.1927 1282.8324 1862.3082 17.874996
1865000 293.94842 -2090.2231 1234.0481 1772.4382 17.912182
1870000 299.48328 -2058.6548 1179.1409 1798.5944 17.730136
1875000 300.35018 -2064.7404 1280.3351 1901.4552 9.4222285
1880000 300.0228 -2076.4779 1246.0672 1852.5222 -4.1488701
1885000 302.22225 -2074.6238 1263.5805 1891.558 14.296274
1890000 294.66309 -2085.2434 1300.298 1850.0587 10.389422
1895000 300.07413 -2079.9836 1253.4255 1856.8338 -11.709428
1900000 298.21749 -2084.8185 1246.3901 1828.3606 4.3314911
1905000 295.13802 -2114.4572 1195.5329 1720.3268 16.846774
1910000 298.66095 -2088.3391 1296.444 1878.8597 -11.717518
1915000 306.06312 -2071.2914 1284.4166 1950.0733 25.023383
1920000 295.40989 -2095.0332 1289.9192 1836.5683 15.71584
1925000 305.36206 -2104.3074 1263.2921 1889.6636 6.6312
1930000 302.85454 -2101.6105 1252.9106 1859.5556 16.39477
1935000 296.31043 -2076.0966 1259.1071 1832.7459 32.190049
1940000 305.40896 -2110.0153 1185.5744 1806.6574 17.637361
1945000 296.37733 -2099.5124 1240.881 1791.7022 -2.4833708
1950000 299.20655 -2091.9476 1266.7411 1850.4271 14.263778
1955000 305.44016 -2088.0345 1265.9978 1909.3407 14.644032
1960000 301.70334 -2099.0963 1208.8801 1807.745 8.9114306
1965000 303.00519 -2074.9556 1238.2124 1872.8595 12.957776
1970000 290.64948 -2077.6542 1254.5114 1775.9698 6.5449383
1975000 303.32035 -2097.0655 1225.592 1840.9475 3.6058288
1980000 294.424 -2094.3812 1242.7078 1781.1927 -2.1401666
1985000 296.42311 -2076.5001 1273.9778 1848.2206 23.523413
1990000 293.87285 -2069.3322 1275.517 1834.1223 9.6194435
1995000 312.19861 -2062.5513 1255.7867 1985.0496 12.023033
2000000 303.70292 -2043.3865 1262.1104 1934.5661 15.717513
2005000 300.87002 -2068.1249 1226.9591 1849.3434 -14.845826
2010000 300.9475 -2078.7261 1244.176 1856.6518 -3.5170506
2015000 298.68752 -2062.946 1300.7665 1908.8128 -6.6652832
2020000 299.78854 -2096.0254 1240.7295 1825.5421 -10.173536
2025000 292.18377 -2070.3774 1261.2227 1803.6783 -13.63581
2030000 298.94138 -2073.972 1236.4996 1835.79 14.325784
2035000 308.25565 -2070.8139 1228.2382 1913.9789 0.58874499
2040000 297.31165 -2067.4889 1219.6555 1810.8552 -6.7226821
2045000 295.14553 -2049.8347 1273.5798 1863.0633 9.7710582
2050000 291.15952 -2076.4928 1227.5964 1754.7773 11.967329
2055000 304.43416 -2055.0674 1214.5896 1881.9034 13.066687
2060000 305.96146 -2076.321 1248.7459 1908.4639 7.7444593
2065000 297.43209 -2049.5585 1236.7836 1846.9907 -4.0905633
2070000 295.24014 -2063.9649 1211.701 1787.9004 11.024763
2075000 304.83352 -2065.3013 1284.0816 1944.7328 18.410764
2080000 303.53184 -2093.1361 1259.8208 1880.997 -0.08707484
2085000 299.07729 -2068.3991 1248.8098 1854.8885 15.975862
2090000 296.44082 -2071.0102 1195.0599 1774.951 0.80274145
2095000 299.65762 -2036.9153 1205.9233 1848.6754 9.6844988
2100000 298.58987 -2053.8212 1249.4986 1865.7964 2.482492
2105000 301.72528 -2062.6981 1300.6299 1936.089 0.87811099
2110000 302.8485 -2020.1024 1216.9243 1905.0235 4.9204484
2115000 296.32287 -2053.1643 1238.3511 1835.0334 -4.8572672
2120000 292.47405 -2037.7466 1251.0124 1828.6945 10.880273
2125000 293.34657 -2055.583 1241.0744 1808.7227 11.025355
2130000 297.95454 -2051.1988 1273.7668 1887.0056 -23.029331
2135000 292.61468 -2018.1125 1203.8693 1802.4431 7.837934
2140000 307.23177 -2043.7337 1228.9126 1932.5775 15.232263
2145000 294.26387 -2046.3065 1236.6182 1821.7458 6.1029251
2150000 300.98963 -2028.4772 1230.6402 1893.7417 13.926532
2155000 300.5019 -2028.9944 1253.7699 1911.9927 -10.758422
2160000 296.1704 -2052.964 1271.2964 1866.8155 1.6488093
2165000 303.59967 -2038.1055 1243.1348 1919.9482 10.929253
2170000 293.67149 -2049.3487 1265.9296 1842.7176 3.1941209
2175000 299.32986 -2068.5825 1213.5714 1821.7252 11.445619
2180000 296.61952 -2076.4769 1255.8374 1831.8599 4.5839854
2185000 297.16231 -2023.6965 1243.3896 1877.0463 3.6674079
2190000 302.36566 -2034.8868 1258.8899 1927.8869 -2.6316038
2195000 300.7954 -2035.0115 1284.1838 1939.0141 3.5984736
2200000 304.38695 -2032.1097 1299.3793 1989.2287 -3.5801725
2205000 302.1169 -2026.4551 1250.9322 1926.1363 5.3916108
2210000 295.10887 -2060.0452 1237.7786 1816.7238 12.509522
2215000 301.87193 -2058.0408 1206.775 1848.2029 23.871433
2220000 298.67151 -2073.3054 1238.4555 1835.9992 14.599122
2225000 301.27003 -2051.9323 1237.8275 1879.9814 3.2539721
2230000 307.98342 -2045.5474 1244.6866 1953.2595 18.031068
2235000 295.71673 -2043.8469 1273.5812 1874.1606 -6.4307341
2240000 300.78116 -2029.518 1231.4833 1891.6797 21.071287
2245000 298.22961 -2019.6832 1232.2813 1879.4956 5.3371077
2250000 299.48385 -2049.5272 1232.8055 1861.3917 4.9595145
2255000 298.08171 -2043.9592 1226.6926 1848.3083 7.9624383
2260000 301.27028 -2051.974 1222.5346 1864.6491 2.3071385
2265000 295.07429 -2028.4194 1260.1196 1870.3815 1.9443437
2270000 301.76938 -2037.5058 1272.7492 1933.795 9.9922425
2275000 297.86916 -2053.8285 1280.8738 1890.7194 5.231947
2280000 302.20117 -2035.302 1284.4148 1951.5257 0.26299692
2285000 296.66111 -2045.979 1245.7948 1852.6871 35.218461
2290000 297.01132 -2029.512 1242.2262 1868.7171 8.2541575
2295000 305.13671 -2055.1255 1256.9071 1930.4454 -7.1589452
2300000 307.45319 -2031.361 1234.1668 1952.1845 9.0643734
2305000 300.29206 -2039.6466 1262.7512 1908.4454 -28.653069
2310000 303.66153 -2032.0055 1274.8699 1958.3363 30.898525
2315000 301.79461 -2038.1382 1224.3924 1885.0315 34.607982
2320000 303.25477 -2053.7634 1261.9104 1919.9816 3.8234335
2325000 294.65387 -2046.2786 1277.421 1866.0639 8.966804
2330000 300.50605 -2030.569 1246.3654 1903.0507 -0.58471119
2335000 297.12027 -2038.1276 1232.7268 1851.5764 -3.4961629
2340000 299.07878 -2021.3497 1237.8824 1891.0238 -5.3174261
2345000 295.73548 -2029.8488 1221.728 1836.4731 14.869239
2350000 300.71603 -2022.9324 1251.4297 1917.6294 -16.687907
2355000 301.55441 -2025.3886 1232.1253 1903.366 16.124902
2360000 298.48585 -2021.8403 1216.8041 1864.1526 25.085097
2365000 302.52637 -2037.9671 1235.1541 1902.508 8.4886097
2370000 295.83954 -2053.1324 1266.4604 1858.8524 17.842684
2375000 299.94918 -2059.2422 1247.5499 1870.5823 9.8800799
2380000 302.70411 -2035.0782 1204.354 1876.1861 4.8682342
2385000 295.59015 -2019.8004 1267.978 1891.4719 0.39806771
2390000 293.00265 -2038.4341 1266.6754 1848.397 -16.208034
2395000 296.95952 -2062.5483 1254.5722 1847.5637 8.2640471
2400000 300.83631 -2049.4256 1254.1157 1894.8978 21.112108
2405000 300.49116 -2062.3998 1280.3822 1905.1037 30.154878
2410000 294.47094 -2063.6287 1255.5775 1825.2346 16.166055
2415000 303.2452 -2026.3029 1270.9456 1956.3917 12.230249
2420000 305.06168 -2053.7203 1226.0234 1900.2958 -1.6930476
2425000 302.27551 -2054.7174 1315.3308 1963.691 5.7114976
2430000 299.31817 -2058.6932 1279.1981 1897.1367 29.034323
2435000 294.87157 -2031.7156 1250.3778 1855.5307 -17.366624
2440000 300.55823 -2054.1926 1269.4777 1903.006 -17.533369
2445000 301.86445 -2061.338 1202.5851 1840.6489 1.9340999
2450000 295.70625 -2087.3473 1237.1121 1794.0973 -0.78320239
2455000 296.78509 -2041.0558 1212.6263 1825.5505 -9.9714402
2460000 307.98815 -2073.9951 1242.962 1923.1294 24.106347
2465000 303.25002 -2059.64 1247.6259 1899.7781 7.678812
2470000 295.3596 -2063.4751 1257.0163 1834.7739 18.556406
2475000 303.96198 -2094.5896 1267.9552 1891.5244 -4.3113889
2480000 293.55573 -2110.7878 1202.6901 1717.0038 24.39943
2485000 300.52424 -2084.0162 1295.1816 1898.5824 3.0987342
2490000 298.95882 -2100.8882 1236.9025 1809.4328 4.007077
2495000 301.66681 -2109.6929 1264.3623 1852.3038 17.778928
2500000 291.6921 -2093.5538 1240.8542 1755.7367 -13.158539
2505000 295.02862 -2086.9683 1319.7572 1871.0617 -31.958705
2510000 298.44389 -2085.2925 1224.3985 1807.9195 -22.064568
2515000 293.70184 -2087.194 1193.2107 1732.4248 -9.8010908
2520000 296.25057 -2085.8283 1232.1371 1795.5088 1.1315376
2525000 310.41574 -2057.0888 1279.3758 1998.158 4.5278633
2530000 307.56926 -2062.7441 1238.5255 1926.198 -6.2669758
2535000 301.61651 -2056.8655 1210.0338 1850.3529 1.5630884
2540000 302.81264 -2074.398 1272.6022 1906.0851 28.335154
2545000 307.46756 -2078.1364 1201.0469 1872.4177 6.3405519
2550000 309.11876 -2039.176 1267.0819 1992.1788 7.6312061
2555000 294.71495 -2052.2699 1223.2158 1806.4137 19.275005
2560000 304.3057 -2061.971 1311.2412 1970.5026 23.826573
2565000 299.94127 -2061.6344 1217.2418 1837.8113 -30.435263
2570000 296.07936 -2063.8704 1245.3362 1829.1349 10.677018
2575000 304.85928 -2043.7949 1222.2991 1904.6871 5.2074561
2580000 304.84214 -2069.1024 1237.488 1894.4151 13.646063
2585000 295.60574 -2052.6657 1263.1981 1853.966 2.9711548
2590000 303.11744 -2061.9637 1225.7564 1874.3992 9.4545508
2595000 296.99255 -2069.0372 1234.0003 1820.7981 8.0130098
2600000 297.85517 -2037.4696 1256.6317 1882.7112 13.303442
2605000 299.24494 -2027.8563 1204.6225 1852.7432 -4.0161597
2610000 300.03727 -2045.0601 1236.9381 1874.9403 21.477716
2615000 297.07824 -2027.0956 1236.945 1866.4509 8.5763983
2620000 293.22774 -2001.2721 1214.1634 1835.0598 28.314578
2625000 305.10146 -2009.7151 1215.3266 1933.96 3.1325282
2630000 302.7815 -2015.48 1218.7004 1910.8228 5.1980329
2635000 296.9147 -2016.6766 1263.2512 1901.7136 -5.3531979
2640000 292.95868 -2024.0766 1229.7706 1825.4566 -4.9509996
2645000 298.74874 -2030.9905 1251.6973 1892.2464 9.1557592
2650000 293.62476 -2005.7822 1250.8178 1870.7546 -11.444279
2655000 299.52385 -2013.2804 1296.4974 1961.6881 9.9015357
2660000 296.91238 -2008.069 1282.8953 1929.9446 8.1042374
2665000 299.38876 -1993.5664 1244.6561 1928.3527 12.810926
2670000 300.68498 -1993.0793 1253.6125 1949.3876 -13.142906
2675000 297.30972 -2002.8378 1235.2308 1891.0644 10.677099
2680000 306.45442 -2001.6821 1267.7503 2006.5154 -12.416974
2685000 296.07836 -1991.8956 1308.8172 1964.5816 -4.2558873
2690000 298.63706 -1997.6306 1237.267 1910.1775 3.444471
2695000 298.69755 -1980.3627 1235.0502 1925.7695 -1.4472743
2700000 303.73606 -1987.7185 1245.084 1973.5041 16.729603
2705000 300.32138 -1979.2287 1226.96 1933.3342 13.51168
2710000 300.41586 -1982.7962 1217.4725 1921.1242 15.93976
2715000 304.71629 -1993.0138 1268.0507 1999.941 -7.8762549
2720000 305.64798 -1978.9268 1230.6915 1985.0004 -10.969789
2725000 297.64207 -2015.0402 1199.6256 1846.2289 11.457271
2730000 294.60217 -2024.155 1276.9839 1887.2882 -0.13762802
2735000 290.50789 -1994.9337 1231.3989 1834.3117 17.546806
2740000 304.11937 -2011.2426 1274.4676 1982.7912 5.5028026
2745000 297.53227 -1989.9215 1222.3442 1893.0843 8.9731931
2750000 296.08212 -1985.8699 1293.7583 1955.5821 32.891831
2755000 297.69587 -1989.3562 1214.4755 1887.2438 10.3367
2760000 300.89759 -2005.8215 1240.9493 1925.8835 4.9097512
2765000 297.32937 -1999.1323 1202.1283 1861.843 3.0512383
2770000 301.88725 -2014.9178 1241.93 1926.6179 -4.2411735
2775000 297.44249 -2011.8861 1291.2414 1939.214 18.588634
2780000 302.22207 -1985.1003 1229.862 1947.3615 24.667601
2785000 298.77196 -2014.4167 1244.1573 1901.4879 10.493089
2790000 304.03401 -1988.7521 1203.1632 1933.214 24.960214
2795000 306.42896 -1987.4717 1225.4256 1978.1735 -0.55770228
2800000 305.06217 -1962.7557 1224.8434 1990.0848 -0.16585847
2805000 300.27305 -1967.9013 1240.1883 1957.4579 9.6147683
2810000 296.42568 -1966.4098 1296.6403 1980.9964 27.999414
2815000 289.30591 -1983.0599 1279.6063 1883.6443 25.540559
2820000 304.20581 -1994.8836 1278.6548 2004.1105 14.852405
2825000 309.23435 -2029.7367 1206.6552 1942.2251 3.2552065
2830000 306.78829 -2027.5335 1264.1863 1980.0857 -2.602415
2835000 300.37977 -2009.6465 1263.3995 1939.8782 -0.22788804
2840000 301.71049 -2006.284 1211.6083 1903.3494 14.400954
2845000 302.39241 -1989.8685 1217.6549 1931.9095 -0.55233528
2850000 294.95406 -1997.7451 1276.4006 1916.2616 8.0980052
2855000 305.51665 -1997.6368 1250.4434 1984.8679 11.622553
2860000 288.40535 -1997.2886 1246.5513 1828.3074 25.55968
2865000 307.41808 -1991.9838 1220.9765 1978.0574 0.00120498
2870000 301.63981 -1975.4202 1262.8745 1984.8472 -8.0844055
2875000 298.73003 -1983.7451 1291.2225 1978.8498 5.1081405
2880000 294.89393 -1982.3252 1220.6159 1875.3591 17.476802
2885000 301.01538 -1960.1172 1237.0938 1968.7856 -7.9958428
2890000 307.1681 -1978.0261 1231.7558 2000.559 11.352063
2895000 300.56238 -1963.2616 1225.598 1950.0945 4.9971179
2900000 299.52631 -1962.9693 1273.0518 1988.5756 -6.3934716
2905000 301.16798 -1973.307 1286.8974 2006.764 -10.379748
2910000 303.45992 -1989.8334 1263.238 1987.0737 11.271393
2915000 298.22093 -1988.4498 1228.1819 1906.5519 3.6351502
2920000 304.49777 -1971.5943 1328.3428 2079.6985 22.282647
2925000 293.33203 -2002.4522 1277.7321 1898.3811 -6.0439728
2930000 304.54959 -1994.0333 1239.0824 1968.4625 -24.12007
2935000 305.39178 -1974.0246 1222.3403 1979.2603 4.8052425
2940000 298.48906 -2008.6949 1270.6783 1931.2009 11.561856
2945000 290.5203 -2037.3769 1277.5719 1838.1526 6.5535353
2950000 300.8135 -2036.8235 1260.9755 1914.1557 -17.565088
2955000 305.00115 -2021.0826 1256.6879 1963.0567 9.5367458
2960000 299.41232 -2083.6985 1210.868 1804.6433 7.2292583
2965000 302.23655 -2062.4583 1195.5726 1835.8435 0.93531553
2970000 303.31375 -2085.3917 1235.3034 1862.2737 2.871423
2975000 303.39207 -2095.4157 1239.9887 1857.6354 19.865914
2980000 301.53324 -2104.6031 1187.3209 1779.1577 9.2072202
2985000 298.39028 -2102.3511 1230.7506 1796.7337 6.0753023
2990000 296.62179 -2096.1562 1216.7478 1773.1112 8.4260921
2995000 292.09527 -2074.4598 1264.2539 1801.8357 -10.807945
3000000 300.89259 -2099.6475 1279.1607 1870.2242 -13.224843
3005000 302.08145 -2086.1881 1248.7982 1863.9523 4.2479852
3010000 299.55621 -2084.0017 1223.6589 1818.4177 13.228094
3015000 298.24442 -2075.1491 1279.7803 1871.661 2.9119184
3020000 303.09873 -2107.0776 1197.9633 1801.325 8.8125449
3025000 302.99371 -2102.3126 1256.9166 1864.1041 -3.9241171
3030000 302.41562 -2108.9608 1268.2726 1863.6423 9.3711511
3035000 306.89152 -2105.8595 1242.2683 1880.7647 11.537001
3040000 297.09128 -2087.5024 1214.2004 1783.416 2.0188248
3045000 300.60129 -2084.8482 1244.8386 1848.0963 7.4768041
3050000 298.481 -2113.0364 1293.1508 1849.2599 14.439898
3055000 299.57903 -2087.826 1255.2822 1846.4207 11.603724
3060000 294.56989 -2077.1959 1261.7159 1818.6907 16.69352
3065000 306.14881 -2064.1382 1220.3021 1893.8782 8.6101048
3070000 303.93841 -2066.4621 1246.5502 1898.0362 -0.71987456
3075000 306.43093 -2057.2696 1190.3021 1873.2696 9.6200347
3080000 297.00811 -2076.634 1209.0623 1788.4026 -8.3257989
3085000 302.2597 -2099.9703 1240.6256 1843.5916 25.076291
3090000 296.8734 -2079.858 1196.1892 1771.1008 8.8958483
3095000 305.44329 -2073.8055 1224.5106 1882.1104 19.633029
3100000 300.84488 -2077.0458 1261.1503 1874.3888 21.125387
3105000 302.7632 -2070.5648 1259.0805 1895.9544 22.533676
3110000 300.15941 -2054.164 1285.26 1915.2506 -1.2365343
3115000 300.58647 -2061.8608 1290.2887 1916.4014 -3.3248584
3120000 300.24923 -2061.1707 1232.6121 1856.3991 7.6567154
3125000 303.18503 -2081.2341 1254.347 1884.3239 19.943725
3130000 304.81066 -2068.8222 1241.6795 1898.6053 12.461667
3135000 297.06937 -2101.1411 1215.8693 1771.2502 -9.1981791
3140000 295.05587 -2086.1795 1236.9261 1789.2631 -5.9562915
3145000 304.20721 -2094.1981 1273.2921 1899.4457 -20.912176
3150000 302.65611 -2070.0058 1270.2083 1906.6837 0.58852472
3155000 297.44686 -2080.3529 1227.5264 1807.0713 4.6538718
3160000 297.1346 -2101.593 1244.7751 1800.2876 4.2464304
3165000 298.40688 -2100.7368 1298.3042 1866.0501 4.7123261
3170000 298.6323 -2072.5207 1274.1125 1872.0903 -9.6902151
3175000 292.64311 -2082.1695 1286.4696 1821.2407 -1.9965786
3180000 293.76635 -2051.4448 1288.3961 1863.9364 -1.6073742
3185000 302.31491 -2087.5417 1278.401 1894.2893 14.631082
3190000 300.8477 -2086.1783 1243.9328 1848.064 10.922907
3195000 299.29373 -2074.6036 1242.4381 1844.2478 11.358547
3200000 295.03314 -2064.7347 1279.592 1853.1705 -11.538381
3205000 295.06822 -2058.1899 1245.3642 1825.8012 26.39087
3210000 295.79364 -2045.498 1237.0151 1836.6311 -6.1989235
3215000 297.95847 -2081.3285 1186.399 1769.5433 2.6868921
3220000 292.42177 -2070.7208 1235.8774 1780.1179 15.982335
3225000 302.24343 -2060.4707 1259.8821 1902.2022 -7.4746004
3230000 295.6824 -2074.1675 1211.6555 1781.6072 -5.078748
3235000 300.46861 -2085.6783 1281.8619 1883.1032 1.5308843
3240000 299.97789 -2051.8114 1257.862 1888.582 -1.1512865
3245000 297.05006 -2041.8265 1149.4147 1763.9376 35.699929
3250000 299.59536 -2037.8256 1243.3622 1884.6472 14.61745
3255000 297.09592 -2065.8896 1249.1536 1840.0234 -1.477113
3260000 306.53308 -2071.0078 1228.7671 1898.9099 -0.10346697
3265000 298.97996 -2044.0071 1275.0842 1904.6845 30.067789
3270000 298.24967 -2031.3294 1274.7107 1910.4582 13.80822
3275000 296.26568 -2053.06 1265.2833 1861.5585 -11.812308
3280000 304.64149 -2063.4968 1272.9104 1933.6488 -0.9825244
3285000 298.61151 -2048.1497 1265.6002 1887.763 -15.592133
3290000 294.23471 -2063.358 1251.0886 1818.9039 27.272101
3295000 299.29927 -2062.75 1283.8202 1897.533 0.86491692
3300000 297.40801 -2078.8852 1287.0976 1867.7627 -23.052937
3305000 303.79143 -2085.3315 1220.8648 1852.167 -1.0219151
3310000 301.24599 -2100.4714 1249.3897 1842.7895 -4.4542764
3315000 294.91267 -2098.6167 1285.8969 1824.5162 8.5488695
3320000 296.87419 -2088.1971 1274.8164 1841.396 -4.6824931
3325000 307.1463 -2077.0313 1187.8608 1857.4639 16.05526
3330000 301.07131 -2071.7586 1241.334 1861.8845 13.825026
3335000 296.51434 -2088.9753 1288.7687 1851.3522 5.260281
3340000 298.7741 -2065.3375 1235.632 1842.0609 32.267505
3345000 305.30877 -2074.5491 1235.5884 1891.2417 12.862553
3350000 297.02769 -2064.7206 1252.9896 1844.4183 17.706827
3355000 300.63085 -2078.3005 1206.0387 1816.1086 21.668805
3360000 304.82253 -2053.1222 1225.8392 1898.5712 14.416848
3365000 302.62701 -2073.9025 1209.0177 1841.3361 -11.209819
3370000 298.38775 -2093.1904 1255.8339 1830.9551 4.8225846
3375000 304.01228 -2085.9922 1223.5339 1856.1503 -10.214489
3380000 298.17521 -2088.4187 1224.5859 1802.5783 -6.5383314
3385000 306.3089 -2102.6882 1281.1978 1917.6555 26.213265
3390000 299.49526 -2086.0086 1241.5246 1833.7314 31.595736
3395000 303.3434 -2085.8835 1250.6312 1877.3749 19.122399
3400000 300.56913 -2063.488 1243.4609 1867.7915 11.988446
3405000 303.75358 -2081.9087 1275.4399 1909.8264 2.4412541
3410000 301.05728 -2075.827 1289.0507 1905.4075 8.061127
3415000 305.63602 -2075.8984 1266.0261 1923.2564 7.0068646
3420000 299.13713 -2053.349 1204.4397 1826.1036 -4.0228413
3425000 293.87043 -2027.1116 1218.6441 1819.4482 11.770244
3430000 310.4719 -2031.3458 1244.3089 1989.3364 2.9439541
3435000 293.78029 -2055.5328 1149.2261 1720.803 26.903608
3440000 297.68624 -2047.7123 1251.295 1865.6211 9.781633
3445000 300.61553 -2003.1447 1241.9529 1927.0416 23.363993
3450000 294.51947 -2016.0807 1284.958 1902.5971 16.499532
3455000 304.59962 -2011.4068 1256.5854 1969.0393 16.897979
3460000 298.34078 -1982.1195 1251.8146 1937.5867 8.074583
3465000 295.3295 -1987.854 1267.0152 1920.1246 15.689205
3470000 297.05024 -2032.2431 1268.3498 1892.4577 -15.006682
3475000 294.47716 -2041.6349 1230.8328 1822.5394 9.7394424
3480000 301.5309 -2037.4897 1310.8085 1969.7378 16.503946
3485000 298.58923 -2064.9672 1234.6186 1839.7648 9.9468319
3490000 302.22488 -2038.272 1213.7531 1878.106 10.700583
3495000 292.54831 -2053.4412 1238.0675 1800.7191 1.2752359
3500000 296.69985 -2051.5312 1249.8146 1851.501 18.403245
3505000 297.34646 -2043.4133 1277.7647 1893.3513 -1.6308671
3510000 303.67443 -2059.3877 1246.8306 1903.0303 34.284756
3515000 300.37208 -2036.0338 1246.7012 1896.7237 12.081184
3520000 302.92594 -2067.0515 1215.1217 1856.9643 -0.7146038
3525000 300.2864 -2056.0637 1203.1133 1832.3397 7.2959396
3530000 297.71874 -2075.3848 1249.5246 1836.4689 -1.376445
3535000 301.19475 -2090.3036 1241.4665 1844.5759 3.2131286
3540000 307.61639 -2096.0776 1238.6553 1893.4158 20.982302
3545000 291.10914 -2081.0869 1221.9653 1744.1015 -3.3497108
3550000 297.84191 -2065.0304 1281.8864 1880.2865 8.8894593
3555000 301.07363 -2087.3744 1256.5003 1861.4558 -8.5495099
3560000 294.1925 -2106.2706 1192.5095 1717.0347 -12.03686
3565000 301.49419 -2109.7446 1248.0204 1834.3664 4.9387137
3570000 301.00041 -2109.7806 1182.7094 1764.604 23.870026
3575000 285.03493 -2109.1442 1238.9515 1678.7122 9.0291813
3580000 300.05118 -2109.8347 1226.3814 1799.7335 -8.7547389
3585000 295.83574 -2097.3224 1260.6091 1808.7771 8.5616763
3590000 300.92389 -2080.8491 1309.3365 1919.4783 -3.220484
3595000 289.4861 -2073.4424 1205.3482 1720.6151 -2.1437253
3600000 296.95846 -2088.0932 1186.7908 1754.2279 -2.1699233
3605000 303.55861 -2060.5284 1253.7673 1907.7906 -7.1180732
3610000 299.39404 -2084.5044 1260.1915 1852.9974 -1.0301834
3615000 304.32883 -2068.3788 1218.8277 1871.8882 8.4419348
3620000 300.50751 -2071.4577 1240.9626 1856.7723 38.585401
3625000 303.14413 -2079.9587 1215.3534 1846.2399 23.477012
3630000 301.0486 -2095.3871 1246.5122 1843.2312 -3.4045128
3635000 304.4269 -2069.3376 1217.8458 1870.8245 6.3645361
3640000 303.20503 -2094.2426 1232.3358 1849.483 -5.1875191
3645000 300.22789 -2069.0517 1191.516 1807.2312 -3.8907673
3650000 292.98159 -2077.8402 1244.8879 1787.0151 -4.827662
3655000 304.23072 -2053.8758 1236.5057 1903.1919 -16.541144
3660000 298.30561 -2083.5679 1210.5596 1794.5688 -8.2336952
3665000 294.29664 -2059.5142 1257.8365 1830.0494 18.880395
3670000 304.37209 -2081.9876 1178.5177 1818.3563 -15.585993
3675000 297.85781 -2057.7039 1252.888 1858.7567 6.2994895
3680000 302.54167 -2071.974 1218.7666 1852.2504 17.852008
3685000 298.60519 -2070.0732 1253.3605 1853.5434 5.5265679
3690000 302.40107 -2076.6385 1188.9602 1816.5222 17.03135
3695000 299.32021 -2068.4325 1284.572 1892.7895 3.3630544
3700000 304.23787 -2069.9217 1331.3206 1982.0248 -4.5831029
3705000 297.15601 -2050.7603 1220.4779 1827.0144 19.970404
3710000 299.84269 -2053.4466 1255.8649 1883.7406 -2.5315876
3715000 305.32853 -2061.9906 1245.2174 1913.6058 3.8345145
3720000 302.50784 -2012.1724 1241.3998 1934.3826 -9.3310536
3725000 299.69827 -2019.5754 1235.1635 1895.6189 -6.1789256
3730000 306.39803 -2041.9211 1205.7226 1903.7445 12.940182
3735000 302.18114 -2031.6886 1274.0836 1944.6287 -12.112971
3740000 303.20235 -2064.6084 1258.4296 1905.187 -5.0256213
3745000 300.57948 -2061.4856 1249.6529 1876.0783 5.1992805
3750000 299.23699 -2037.785 1250.937 1889.0579 0.52142218
3755000 305.19562 -2036.2043 1282.8617 1975.8479 6.6520925
3760000 299.50962 -2043.4692 1209.3632 1844.2378 -7.9058662
3765000 300.84963 -2039.6232 1256.2663 1906.9699 16.936299
3770000 308.97622 -2044.3466 1226.3879 1945.0395 21.823401
3775000 305.06335 -2067.154 1245.9953 1906.849 -11.362311
3780000 298.88822 -2069.5187 1260.246 1863.5144 6.1291017
3785000 301.37009 -2065.8227 1260.1034 1889.2617 8.6058819
3790000 299.68357 -2074.5375 1240.84 1846.2018 11.102221
3795000 302.74836 -2084.8099 1213.9347 1836.4308 7.2493244
3800000 300.89432 -2051.6601 1217.6046 1856.6709 11.34979
3805000 300.81598 -2061.9271 1261.3351 1889.4339 -10.020261
3810000 303.48337 -2085.5545 1245.2323 1873.5566 29.608314
3815000 297.20652 -2118.0202 1260.1945 1799.9228 -27.057275
3820000 294.45 -2113.4555 1238.884 1758.527 -0.01277369
3825000 301.03019 -2079.3163 1260.3261 1872.9513 28.883693
3830000 293.14666 -2102.9279 1265.4086 1783.9242 0.51851703
3835000 304.40573 -2110.1012 1206.5193 1818.5451 -7.6994225
3840000 308.72793 -2107.2197 1216.4538 1870.0121 4.5276178
3845000 295.38825 -2137.2552 1278.2862 1782.5198 13.221852
3850000 306.65904 -2104.7031 1251.9954 1889.5693 -0.68116353
3855000 299.62795 -2107.5537 1249.5525 1821.4008 -10.907131
3860000 310.21741 -2120.4427 1251.9585 1905.6134 7.0916638
3865000 293.24393 -2097.3868 1234.4173 1759.3438 27.97016
3870000 299.50924 -2099.1415 1213.8011 1793.0 -12.233838
3875000 294.74536 -2108.7358 1266.987 1793.991 -1.8138472
3880000 300.53894 -2119.222 1234.9325 1803.259 -20.186098
3885000 294.77307 -2127.3904 1274.5587 1783.1559 11.427785
3890000 296.58717 -2110.5448 1231.2988 1772.9641 -5.4164638
3895000 299.34795 -2124.585 1340.4041 1892.7173 10.495291
3900000 305.17874 -2102.3587 1208.1068 1834.7876 -11.171495
3905000 301.32882 -2154.7946 1201.8574 1741.6748 -18.504357
3910000 301.77869 -2154.6227 1230.2572 1774.2693 13.44217
3915000 299.90623 -2159.4098 1239.5289 1762.0096 11.00459
3920000 306.22674 -2152.9474 1188.8355 1774.2994 5.3783796
3925000 305.48149 -2118.1842 1208.5372 1822.0999 9.7631834
3930000 296.89231 -2134.1342 1183.6466 1704.4511 6.2497348
3935000 297.35575 -2156.3682 1223.8674 1726.5822 12.689809
3940000 299.61672 -2145.2479 1212.7335 1746.7871 8.8752253
3945000 300.85953 -2133.9166 1221.1285 1777.6272 26.242649
3950000 294.02029 -2125.1824 1255.5062 1759.5797 15.833291
3955000 301.69367 -2137.5739 1277.483 1837.7837 -7.8489302
3960000 301.04155 -2143.5184 1278.1352 1826.6599 -4.9491507
3965000 299.30486 -2135.3 1200.7258 1741.9385 11.968908
3970000 301.3191 -2151.8169 1259.2208 1801.9289 -12.800557
3975000 290.68154 -2140.5683 1225.294 1684.125 9.1543329
3980000 295.24305 -2119.6109 1199.8982 1720.4777 7.5527686
3985000 300.81681 -2093.6536 1295.6115 1891.9912 -10.867026
3990000 298.04591 -2080.1359 1192.3277 1777.4465 14.707685
3995000 300.18105 -2120.9588 1220.5989 1783.9882 -3.4894878
4000000 292.63029 -2119.231 1245.0587 1742.6537 0.5708074
4005000 301.85998 -2136.4592 1256.225 1819.1276 -7.446285
4010000 304.98917 -2150.1429 1194.6019 1771.8034 -5.5974019
4015000 296.66327 -2126.023 1246.1076 1772.9752 5.3404882
4020000 306.77239 -2125.2965 1221.3611 1839.3552 13.942986
4025000 301.11624 -2141.2948 1274.619 1826.0351 19.718945
4030000 302.4784 -2149.2 1235.4992 1791.1912 27.189659
4035000 292.30773 -2128.2462 1282.5921 1768.2873 -4.5639591
4040000 292.18982 -2158.6995 1210.1059 1664.2935 0.77226774
4045000 306.14857 -2150.9502 1222.636 1809.398 8.0439856
4050000 297.59508 -2155.1239 1261.6101 1767.7095 1.6048451
4055000 295.67877 -2164.8554 1267.744 1746.9753 0.16054924
4060000 298.61741 -2113.226 1250.1861 1807.3255 11.095435
4065000 294.41296 -2147.2177 1218.7011 1704.2509 1.8979799
4070000 298.89159 -2137.7877 1236.679 1771.7085 0.71872992
4075000 296.47732 -2116.1455 1200.2316 1735.3138 -13.704949
4080000 298.63749 -2159.0479 1250.091 1761.5881 13.591527
4085000 303.58603 -2147.2966 1272.0798 1839.5801 18.287154
4090000 299.79763 -2124.2887 1226.2306 1782.8614 -10.205405
4095000 304.58237 -2163.6931 1264.0612 1824.0746 -17.468964
4100000 298.58898 -2164.3608 1225.348 1731.0982 -3.7606607
4105000 301.10186 -2153.9862 1237.9719 1776.568 0.95509994
4110000 301.6169 -2163.6845 1223.716 1757.2195 -0.97190462
4115000 301.86149 -2159.709 1249.4334 1789.0996 10.778008
4120000 301.96807 -2146.0917 1259.7097 1813.9464 4.8360197
4125000 303.28774 -2155.9682 1279.8845 1836.0457 13.354804
4130000 301.70305 -2144.5629 1272.8692 1826.2647 28.314891
4135000 292.01058 -2147.4802 1269.4903 1733.2943 -2.7588281
4140000 296.62864 -2162.8344 1202.6185 1692.365 0.57532768
4145000 305.70927 -2118.0242 1261.1492 1876.9088 -0.01650459
4150000 303.95433 -2124.4375 1240.8835 1834.5363 -7.2582581
4155000 299.02108 -2129.8247 1212.9629 1757.1133 32.97121
4160000 298.93864 -2143.7761 1255.0988 1784.5606 12.838131
4165000 299.55555 -2111.0304 1234.0241 1801.7484 10.424726
4170000 301.52632 -2127.2672 1225.3367 1794.4475 -10.38115
4175000 307.89637 -2112.8569 1264.4882 1904.973 17.25856
4180000 298.5218 -2117.3952 1216.6994 1768.8146 22.832486
4185000 298.45419 -2089.4506 1300.9546 1880.4097 -21.347336
4190000 299.87179 -2082.3206 1240.5014 1839.7634 2.8818659
4195000 299.04378 -2071.4483 1261.5993 1864.3291 6.310898
4200000 306.14869 -2066.8175 1217.6792 1888.5749 12.383255
4205000 299.93452 -2081.944 1235.2773 1835.4768 8.0219309
4210000 304.76974 -2065.3216 1288.8312 1948.8918 15.045095
4215000 292.28373 -2062.5367 1295.4944 1846.6845 -2.8671214
4220000 298.5482 -2050.5591 1224.4415 1843.6289 14.971884
4225000 304.96086 -2043.8254 1244.2883 1927.5541 2.5541128
4230000 304.07076 -2047.546 1263.1717 1934.7572 -13.441349
4235000 292.40281 -2085.3544 1234.6594 1764.0967 -4.8308838
4240000 303.78396 -2098.0579 1211.6469 1830.1558 -8.1483097
4245000 303.54506 -2110.1294 1240.052 1844.3531 5.1470624
4250000 297.96199 -2093.3368 1263.4995 1834.667 8.1422942
4255000 305.46525 -2075.0228 1194.2598 1850.8386 1.6748527
4260000 304.78854 -2124.3739 1294.9469 1896.1232 -14.070079
4265000 294.01439 -2117.8375 1232.2766 1743.6423 33.114326
4270000 298.71006 -2125.7346 1274.9605 1820.4198 11.205726
4275000 306.24475 -2102.4872 1211.6095 1847.6946 8.3497226
4280000 299.17932 -2099.3016 1281.8945 1857.9831 -4.2461289
4285000 298.96673 -2100.7447 1280.6831 1853.4275 0.38083057
4290000 291.64188 -2119.6948 1273.8718 1762.1641 -0.41153648
4295000 294.96151 -2066.9951 1290.2987 1860.9763 6.9637182
4300000 294.73075 -2116.8788 1247.8202 1766.5505 11.406431
4305000 300.11498 -2111.2687 1230.7967 1803.2853 4.1349527
4310000 297.38707 -2085.1675 1268.9536 1843.1492 -1.9193381
4315000 296.80944 -2106.5525 1259.201 1806.8462 -11.193665
4320000 298.2956 -2083.8438 1254.6156 1838.2594 12.853148
4325000 294.8789 -2104.6607 1259.0416 1791.3148 18.462168
4330000 300.36476 -2100.6528 1279.6075 1864.9456 5.9972966
4335000 298.46661 -2069.6227 1307.7858 1907.1798 24.45815
4340000 306.51535 -2074.0398 1218.2301 1885.1825 4.7643808
4345000 302.31822 -2087.3207 1228.8603 1844.9992 -5.1136538
4350000 300.33109 -2067.0506 1221.9575 1840.5967 5.9335493
4355000 297.27143 -2064.0264 1213.7023 1808.0049 14.757271
4360000 293.87251 -2070.2624 1228.2322 1785.9043 13.737316
4365000 299.10532 -2079.0682 1252.2271 1847.8873 18.888043
4370000 304.27811 -2066.9748 1271.1142 1925.1252 -11.690615
4375000 305.21779 -2062.5394 1226.9795 1893.8289 -2.5150512
4380000 296.6205 -2069.2851 1242.7105 1825.9335 6.7876213
4385000 299.38779 -2072.657 1278.9549 1883.5523 15.775941
4390000 296.40893 -2058.954 1204.9849 1796.647 2.4634772
4395000 308.77667 -2051.1639 1273.4647 1983.5146 23.102326
4400000 303.15054 -2081.0673 1250.7998 1880.635 -0.56726121
4405000 303.38117 -2052.714 1225.8681 1886.1191 27.862384
4410000 296.08889 -2049.7251 1224.2883 1822.3174 3.14504
4415000 291.57375 -2105.6584 1244.912 1746.6314 24.738746
4420000 307.69259 -2120.9654 1241.6511 1872.2053 -22.164812
4425000 304.18736 -2113.0874 1266.7706 1873.8573 -14.511869
4430000 303.67535 -2112.5439 1247.8155 1850.8672 9.608274
4435000 295.51926 -2097.3475 1236.5892 1781.9021 -4.9098764
4440000 301.13595 -2102.9935 1233.9484 1823.8421 -3.411777
4445000 297.58342 -2133.0136 1274.2379 1802.3431 -2.2381256
4450000 296.21115 -2105.4546 1268.0214 1811.4143 3.9844787
4455000 293.47799 -2106.3191 1248.6612 1766.7485 25.20771
4460000 303.70732 -2128.3683 1288.3291 1875.8423 -15.387076
4465000 310.55901 -2095.1202 1258.9055 1940.9375 21.741362
4470000 301.26763 -2078.5685 1236.2164 1851.7127 17.420692
4475000 305.9816 -2105.9445 1258.2872 1888.5618 -14.313349
4480000 303.77716 -2073.3271 1240.6536 1883.8325 -4.3456613
4485000 300.53356 -2087.292 1261.4589 1861.6674 -0.3278006
4490000 292.00906 -2085.4435 1247.667 1773.4942 7.9187566
4495000 299.97751 -2064.1263 1244.7268 1863.1284 13.991975
4500000 294.27907 -2093.8862 1238.5946 1776.2784 8.0281706
4505000 301.26248 -2084.8731 1254.019 1863.1646 8.648747
4510000 306.85071 -2074.1296 1238.5972 1908.4587 -0.92456412
4515000 295.63562 -2069.2025 1265.1157 1839.6141 12.80948
4520000 298.39474 -2091.2266 1251.0496 1828.1971 7.4647469
4525000 306.30633 -2095.9719 1224.1214 1867.2725 13.020479
4530000 304.91548 -2081.6743 1186.9332 1831.9443 10.547286
4535000 299.92305 -2085.1383 1271.4285 1868.3311 14.970212
4540000 300.31094 -2079.2629 1269.6215 1875.8683 22.676223
4545000 303.83887 -2086.8201 1274.3055 1904.5433 34.229816
4550000 306.78354 -2059.1067 1239.297 1923.5807 -5.4154436
4555000 296.5879 -2049.7088 1242.9087 1845.4165 -9.6124361
4560000 289.25958 -2059.8273 1244.2395 1771.0957 -25.200271
4565000 307.96486 -2069.5317 1240.3074 1924.7299 30.407481
4570000 302.53422 -2054.3113 1240.9153 1891.9952 31.909345
4575000 298.20263 -2036.8486 1273.329 1903.1365 9.2431166
4580000 300.0765 -2050.9181 1240.9639 1873.4589 -4.2139967
4585000 299.71033 -2044.3048 1229.3809 1865.2148 16.121812
4590000 300.31904 -2030.9295 1231.1817 1885.8343 38.467594
4595000 299.46156 -2030.5377 1226.0712 1873.4477 7.0749818
4600000 295.24517 -2032.4764 1290.6869 1898.4199 6.5839115
4605000 302.39484 -2019.2848 1263.7721 1948.632 -0.84719397
4610000 285.60848 -2033.0438 1298.9559 1819.946 -5.0856534
4615000 296.07339 -2032.3731 1238.49 1853.7325 -4.9560196
4620000 299.82805 -2021.6591 1247.6433 1907.1756 0.86815568
4625000 300.71931 -2039.1138 1264.6619 1914.7095 -1.666156
4630000 295.97383 -2016.7961 1244.324 1874.2532 -4.7854003
4635000 299.69819 -2027.0217 1223.688 1876.6965 6.3006935
4640000 303.79299 -2007.8416 1284.1135 1992.9195 3.7819946
4645000 299.46326 -2030.0014 1238.19 1886.1179 33.746271
4650000 308.81412 -2000.7868 1223.1953 1983.9572 -5.4818478
4655000 305.05985 -2035.1559 1228.1025 1920.9231 6.0539626
4660000 306.28043 -2017.6205 1257.8126 1979.0834 10.565198
4665000 293.9397 -2054.6548 1270.3597 1844.2402 -3.6949794
4670000 299.36456 -2060.6259 1223.873 1840.2937 21.74551
4675000 302.45992 -2090.6973 1230.3114 1844.3408 3.5817701
4680000 302.82883 -2055.3428 1243.869 1896.5518 31.694129
4685000 301.26263 -2061.1257 1270.0282 1902.9225 19.567988
4690000 297.46801 -2045.98 1245.3021 1859.409 16.444882
4695000 296.97063 -2048.3643 1230.7716 1838.0463 -2.2687714
4700000 301.87155 -2075.5195 1220.3634 1844.3091 -23.812483
4705000 299.06878 -2073.0902 1222.6518 1823.9632 3.0910371
4710000 295.72891 -2040.9053 1287.9231 1891.5529 12.206256
4715000 305.15787 -2063.9081 1225.3196 1890.2644 5.2520195
4720000 304.27385 -2070.8065 1192.4505 1842.5917 26.72587
4725000 300.50912 -2050.3977 1247.6754 1884.5595 24.160586
4730000 298.8945 -2055.6703 1313.4451 1930.6179 26.955582
4735000 294.74656 -2093.4211 1189.461 1731.7904 -3.6827533
4740000 305.93977 -2065.2309 1230.991 1901.6051 0.85895505
4745000 309.37233 -2065.9005 1268.9671 1969.607 34.124159
4750000 300.29165 -2058.3409 1245.8351 1872.8313 8.3661931
4755000 288.83713 -2071.3747 1232.0297 1743.5608 -5.6221813
4760000 297.99134 -2082.5285 1180.2684 1762.5067 6.455593
4765000 298.15622 -2078.701 1248.491 1836.0312 -7.3644397
4770000 303.82203 -2106.9153 1266.5062 1876.4982 -5.6513496
4775000 302.69778 -2099.2902 1220.3118 1827.8754 24.688199
4780000 304.88868 -2112.98 1257.3221 1870.7878 -13.671846
4785000 299.56853 -2103.5136 1267.7317 1843.0889 -2.0651692
4790000 300.05835 -2099.9029 1211.5513 1794.8992 19.850591
4795000 300.42899 -2102.2961 1281.1435 1865.4126 12.718373
4800000 298.66729 -2086.9989 1200.6568 1784.4692 32.865527
4805000 305.63334 -2091.761 1237.4698 1878.8136 17.407228
4810000 292.13189 -2099.6948 1222.0326 1734.7068 11.007102
4815000 295.98246 -2090.8931 1198.1414 1754.0507 -6.5770798
4820000 298.31428 -2096.0965 1239.1678 1810.7259 -4.0986166
4825000 299.23931 -2092.7174 1244.2072 1827.4164 24.991435
4830000 300.04635 -2078.0578 1211.8045 1816.8902 9.3877441
4835000 297.47009 -2099.1716 1274.9668 1835.9007 -6.888983
4840000 297.22545 -2096.0865 1252.2249 1814.0562 -4.6762512
4845000 304.2015 -2083.7877 1302.8332 1939.3462 -24.73982
4850000 290.78407 -2089.0327 1222.9293 1734.2128 15.137226
4855000 299.90748 -2076.7259 1284.6922 1889.868 -8.3403425
4860000 301.5215 -2051.4837 1257.4931 1902.3443 7.1982057
4865000 302.48697 -2045.5482 1253.4305 1912.8509 19.18276
4870000 306.71239 -2056.6492 1229.2444 1915.3493 14.132015
4875000 300.63371 -2055.4458 1244.9798 1877.93 -19.322127
4880000 295.94873 -2046.5799 1254.4191 1854.34 5.3688062
4885000 301.49077 -2075.9375 1249.6997 1869.8223 -1.1347586
4890000 300.65793 -2039.9081 1260.7553 1909.4598 15.212635
4895000 307.06085 -2055.3158 1263.1389 1953.6933 4.5990941
4900000 292.26571 -2054.9347 1254.3807 1813.0117 9.3458415
4905000 303.67379 -2055.0771 1275.6099 1936.1144 -2.9318238
4910000 298.8473 -2037.6412 1239.6764 1874.4563 21.074827
4915000 295.3975 -2031.7355 1275.7461 1885.5821 27.118664
4920000 302.27521 -2034.3907 1298.01 1966.6942 1.788768
4925000 303.79269 -2016.4055 1293.2348 1993.4742 16.533826
4930000 300.58482 -2002.4915 1224.2478 1909.7151 4.2265854
4935000 303.13455 -2001.9598 1243.2717 1952.0715 -9.3648911
4940000 301.95707 -2002.6944 1259.2383 1956.7738 -0.39999438
4945000 301.85638 -1996.0095 1235.5035 1938.8236 -4.4181551
4950000 302.0681 -2003.2115 1327.3168 2025.3282 11.924183
4955000 301.19724 -2013.0318 1248.0122 1928.4157 27.621338
4960000 307.55293 -1997.323 1263.7667 2016.7143 -17.821792
4965000 297.79605 -1986.0173 1214.0847 1891.0879 -2.7110785
4970000 304.01835 -1969.2658 1272.3715 2021.7686 4.1053963
4975000 301.25359 -1975.9017 1255.6597 1973.6971 12.032059
4980000 295.50087 -1989.8721 1235.8155 1888.4393 10.783847
4985000 299.51107 -1991.5872 1290.4356 1977.2052 -1.2615351
4990000 303.14315 -2006.6245 1303.2956 2007.5076 -2.4231984
4995000 305.66227 -1997.9248 1211.096 1946.5346 -13.819782
5000000 298.88666 -2003.5043 1220.9823 1890.2511 0.42620839
5005000 298.74434 -2022.316 1225.9574 1875.1418 34.26238
5010000 304.65649 -2012.7449 1295.0883 2006.7127 20.533093
