timestep Temp E_pair E_mol TotEng Press
10000 140.87779 -629.04295 621.37352 1252.1203 -0.69707835
15000 294.19756 -669.27105 1283.0128 3244.5829 4.7080386
20000 304.41192 -755.79606 1282.978 3249.3643 8.8961933
25000 302.07326 -860.39388 1279.3762 3120.2513 7.5091164
30000 295.24262 -986.23294 1279.7343 2933.6879 18.495521
35000 300.3396 -1144.159 1267.5652 2809.1721 11.327621
40000 306.67499 -1234.5009 1260.1581 2768.0769 -3.0569196
45000 311.00196 -1268.4223 1237.2006 2749.8915 26.499656
50000 305.42448 -1361.9928 1305.6799 2674.9242 4.0344486
55000 298.28425 -1480.8861 1262.8703 2449.3703 -7.5511647
60000 297.48156 -1533.0282 1210.823 2338.003 -5.8472083
65000 307.18473 -1610.4793 1248.8149 2385.3136 22.963233
70000 302.2605 -1646.9017 1297.916 2353.9578 27.026472
75000 300.08662 -1708.2609 1277.0162 2252.2589 22.105194
80000 295.06923 -1806.9666 1289.9092 2121.5786 7.2535797
85000 303.27937 -1842.1007 1283.5008 2153.4546 9.1316508
90000 311.29635 -1874.6283 1204.2605 2113.378 10.359515
95000 302.65381 -1914.1836 1260.4731 2052.7501 -13.789387
100000 303.63803 -1932.8559 1203.1134 1985.5194 -4.927281
105000 301.27639 -1974.0854 1282.4106 2002.4683 -6.9628435
110000 306.71151 -1995.495 1259.6012 2006.8525 18.628197
115000 305.62782 -1984.2647 1250.2079 1998.9986 9.0668876
120000 302.68043 -2030.5162 1252.6539 1928.8362 24.290362
125000 291.39808 -2019.7154 1300.2137 1886.3052 12.0585
130000 304.30884 -2013.7896 1297.2154 2004.6864 6.3562153
135000 303.89187 -2061.8538 1275.2731 1930.9512 -8.1077535
140000 295.52696 -2059.3017 1272.0805 1855.508 16.756735
145000 301.48888 -2107.3441 1306.522 1895.2212 1.1475393
150000 302.46727 -2140.8687 1278.5063 1842.4301 -3.9114169
155000 292.92627 -2144.8275 1242.5559 1717.2011 -11.064097
160000 305.82236 -2180.1479 1223.615 1778.2622 11.739931
165000 299.45207 -2173.0198 1252.0814 1756.8908 0.56943857
170000 300.37604 -2188.2569 1209.2222 1707.0571 21.507944
175000 308.37831 -2208.942 1232.9088 1781.6183 19.408474
180000 294.43688 -2241.2492 1306.021 1697.753 -22.278357
185000 297.32006 -2275.2485 1254.0003 1637.5156 -0.25017624
190000 297.5219 -2245.3617 1249.2262 1664.4334 13.050201
195000 301.09021 -2263.2211 1272.4302 1701.6872 8.6977179
200000 303.3044 -2331.6322 1240.9572 1621.6033 7.2836293
205000 304.96745 -2335.7085 1236.0227 1627.4644 6.902841
210000 303.95037 -2373.009 1255.9598 1601.0057 -13.414519
215000 293.55514 -2358.0315 1219.5354 1486.6002 20.017156
220000 299.07806 -2371.131 1268.5208 1571.8745 8.6103163
225000 301.90783 -2352.9566 1242.8812 1589.7143 -6.2971721
230000 297.69626 -2403.5379 1225.9069 1484.497 -13.305965
235000 297.55786 -2386.7602 1255.3594 1529.4896 3.9376099
240000 299.96054 -2392.4998 1222.1159 1511.9923 -12.756732
245000 295.0385 -2448.3711 1189.0174 1379.0075 -1.1190864
250000 299.71572 -2468.3224 1277.338 1489.2025 15.325034
255000 299.62348 -2491.4506 1256.4577 1444.3692 2.9924733
260000 303.38444 -2475.9559 1196.0695 1433.1078 -4.0154136
265000 305.22636 -2474.5932 1261.1209 1515.9931 -3.603315
270000 298.98574 -2507.5077 1269.753 1435.9044 2.5955311
275000 308.55395 -2491.9583 1213.3147 1480.5785 6.7873204
280000 299.67159 -2496.0198 1249.6365 1433.409 11.903511
285000 302.67106 -2529.9169 1252.8578 1429.5558 4.7538612
290000 303.56474 -2507.8431 1234.4536 1441.2169 10.269531
295000 291.1551 -2517.0568 1244.573 1331.1504 5.0142169
300000 304.3577 -2523.6553 1245.4072 1443.4494 -5.6595854
305000 304.46285 -2546.2425 1306.0306 1482.4258 -13.052392
310000 300.7324 -2542.8021 1237.138 1383.6144 5.3443585
315000 299.8812 -2568.5816 1183.5484 1296.6336 21.756516
320000 286.45639 -2564.5757 1224.0505 1221.0909 10.59449
325000 296.89357 -2553.3917 1215.4102 1316.9686 -12.1333
330000 298.84362 -2567.3591 1263.779 1368.808 -17.162985
335000 293.71906 -2554.3177 1220.8012 1293.0457 5.7875628
340000 295.89762 -2557.1631 1221.566 1310.4466 3.3151631
345000 301.72775 -2577.5888 1245.193 1365.7835 -0.084670804
350000 303.47124 -2564.738 1238.4378 1387.4702 -2.7037312
355000 298.13088 -2546.3419 1244.9932 1364.6659 13.103724
360000 301.48199 -2550.7397 1229.8545 1375.0964 6.8570348
365000 304.32146 -2551.978 1272.0189 1441.4142 14.645425
370000 300.47781 -2545.5986 1307.5777 1448.981 -2.8161884
375000 291.62045 -2539.2699 1284.8779 1353.4035 9.7628963
380000 296.2518 -2571.1812 1239.4887 1317.5186 -3.5548247
385000 305.95251 -2565.7591 1258.6889 1428.8887 -8.9782003
390000 298.57308 -2579.7222 1236.2625 1326.5092 -8.0009811
395000 303.06514 -2561.9519 1152.9856 1301.1726 13.50575
400000 307.73207 -2577.1658 1199.9127 1374.6195 29.570378
405000 290.07504 -2558.4346 1217.6597 1253.2009 -3.7806103
410000 306.09791 -2517.3994 1235.6722 1455.532 6.948415
415000 299.39637 -2569.3796 1272.8242 1380.7758 8.8418733
420000 307.83746 -2571.9936 1257.8568 1438.6782 25.392359
425000 299.31418 -2564.7546 1240.3044 1352.1459 -2.6396454
430000 305.82518 -2554.9509 1229.6412 1409.5106 -6.5943274
435000 304.56675 -2538.9652 1249.6052 1434.2068 17.273923
440000 301.49724 -2590.6459 1227.7089 1333.1811 11.45112
445000 296.09389 -2565.1386 1193.5134 1276.1737 23.014402
450000 299.89643 -2578.0692 1261.1202 1364.8538 -6.6090362
455000 303.59185 -2570.8844 1219.0562 1363.0207 14.775009
460000 293.86174 -2539.6373 1232.2117 1320.4125 31.735857
465000 293.72925 -2575.6017 1208.5758 1259.6275 -14.560182
470000 302.25731 -2572.3421 1264.8183 1395.391 -11.471743
475000 306.63463 -2563.2072 1241.6007 1420.4523 18.683729
480000 305.06322 -2545.1922 1214.9385 1397.7528 10.857252
485000 297.88934 -2589.3255 1240.6371 1315.1662 14.31782
490000 301.08584 -2582.5173 1252.042 1361.9638 -15.308607
495000 298.75542 -2614.1748 1229.0325 1286.4571 2.6253773
500000 300.99235 -2588.109 1255.5374 1359.0315 27.439048
505000 298.63786 -2532.421 1206.4778 1344.605 5.7315607
510000 301.04983 -2553.6679 1311.1871 1449.6362 3.1564335
515000 294.63649 -2577.2213 1277.4964 1335.0414 -0.73669367
520000 298.99754 -2543.1491 1198.2062 1328.8217 10.124235
525000 305.66056 -2598.4154 1269.1273 1404.06 13.283979
530000 302.88934 -2592.981 1232.0519 1347.6376 24.568465
535000 301.94536 -2603.5621 1209.3421 1305.9053 2.692933
540000 300.63929 -2601.7996 1295.6888 1382.3351 5.2168861
545000 298.97622 -2571.9589 1287.4845 1389.0995 -13.458368
550000 298.18556 -2575.7892 1294.1624 1384.8767 -9.5299568
555000 305.12931 -2593.495 1270.651 1405.7535 -1.8743066
560000 293.17772 -2594.6645 1267.1366 1294.1934 -0.6909652
565000 300.97892 -2590.3912 1269.3953 1370.487 4.9851024
570000 300.77669 -2579.5675 1205.6422 1315.7492 4.279724
575000 303.67166 -2578.3216 1248.1353 1385.3764 -8.2846163
580000 298.737 -2609.7567 1191.056 1252.734 4.5617339
585000 293.9163 -2588.5418 1211.5033 1251.2875 4.56377
590000 299.46568 -2605.8639 1216.6751 1288.7621 8.6754188
595000 293.42982 -2582.9732 1210.5029 1251.5054 8.8253197
600000 293.27698 -2586.706 1230.0415 1265.9443 1.1333112
605000 298.0273 -2579.7606 1275.0278 1360.3555 33.88973
610000 299.76071 -2569.6437 1201.0175 1311.963 8.4721306
615000 299.68442 -2603.3909 1243.9549 1320.471 -13.244833
620000 296.33489 -2583.6017 1211.0983 1277.4508 5.7047094
625000 292.31469 -2599.2663 1247.8538 1262.5912 4.6116492
630000 296.07648 -2577.6812 1219.6866 1289.6488 -8.6494135
635000 313.71968 -2598.5052 1269.1251 1476.0363 -5.7967038
640000 305.61044 -2610.1736 1236.4862 1359.2126 10.202175
645000 301.40806 -2605.8245 1238.0721 1327.5681 26.936907
650000 299.61749 -2579.634 1240.6225 1340.297 27.617987
655000 299.31159 -2616.0389 1306.239 1366.7731 4.8833637
660000 299.09018 -2622.9637 1239.7502 1291.3796 1.4856321
665000 297.3368 -2630.6278 1237.4167 1265.7025 0.8015181
670000 297.26111 -2599.3701 1234.2345 1293.1011 12.047956
675000 300.75401 -2611.3506 1190.6882 1268.8092 -3.2100581
680000 306.28771 -2614.4216 1278.0438 1402.5786 -0.057516622
685000 295.36323 -2572.667 1210.2446 1278.8427 25.304115
690000 301.9314 -2602.0197 1272.0651 1370.0459 -18.125142
695000 302.3558 -2598.0382 1207.2823 1313.0397 10.98708
700000 304.15849 -2635.7338 1217.9191 1302.1013 5.018759
705000 300.55136 -2619.6677 1266.7546 1334.7465 19.577475
710000 299.26872 -2643.8401 1234.0198 1266.3693 4.0408075
715000 299.31285 -2672.9269 1288.0253 1291.6827 -1.5302518
720000 300.52887 -2624.5388 1236.4885 1299.4082 -15.135857
725000 307.51344 -2625.6679 1241.0537 1365.3032 8.1707734
730000 300.49121 -2609.0439 1241.6306 1319.7084 -6.7618562
735000 301.9074 -2605.4125 1217.8175 1312.1909 -8.9844561
740000 299.51016 -2620.8783 1278.0551 1335.5255 8.0277481
745000 296.96018 -2592.877 1203.552 1266.2207 6.6936195
750000 298.04636 -2586.9073 1257.0158 1335.3673 31.638004
755000 302.40092 -2615.0351 1245.9958 1335.1598 -6.3455892
760000 304.06293 -2581.7881 1242.4163 1379.6897 19.162088
765000 303.09939 -2600.6703 1239.194 1348.9689 9.5062568
770000 304.64296 -2551.0136 1239.5999 1412.8347 3.8293199
775000 297.18645 -2589.697 1216.9443 1284.8164 2.3255962
780000 296.73588 -2586.9164 1210.4201 1277.0435 29.492558
785000 301.25553 -2584.823 1205.4765 1314.61 1.9411214
790000 294.80152 -2578.2077 1246.1885 1304.2229 -12.383093
795000 306.48829 -2555.7757 1248.501 1433.4754 19.606299
800000 301.61586 -2547.2247 1202.7672 1352.7212 6.7046495
805000 294.17522 -2574.2619 1210.8376 1267.217 -0.83802978
810000 294.35564 -2597.386 1244.659 1279.5277 13.88838
815000 300.40305 -2567.0184 1201.5804 1320.8953 18.82475
820000 301.18626 -2584.6523 1272.1932 1380.878 28.722908
825000 295.28365 -2580.7601 1214.854 1274.6473 28.90116
830000 298.14801 -2593.3737 1234.3344 1307.1285 17.475885
835000 297.52877 -2575.5205 1215.1435 1300.2532 -5.7841282
840000 298.7305 -2583.9571 1219.8015 1307.221 5.2130166
845000 302.33182 -2586.903 1192.4933 1309.1716 14.923271
850000 302.03889 -2626.3732 1248.7583 1323.3468 16.91482
855000 290.45835 -2604.4017 1203.5815 1196.5833 21.60116
860000 303.92888 -2586.7071 1196.1723 1327.328 4.7006091
865000 303.24873 -2591.868 1261.9177 1381.8302 8.0487407
870000 291.31477 -2573.487 1204.152 1235.727 -20.371558
875000 296.90789 -2567.714 1260.7965 1348.1605 -10.417764
880000 294.01172 -2601.5463 1250.405 1278.038 -0.88201152
885000 308.30048 -2596.8056 1218.6927 1378.8426 21.845475
890000 298.80177 -2606.0713 1258.5098 1324.4524 11.953645
895000 299.40063 -2598.3556 1267.3541 1346.3678 22.129555
900000 305.78517 -2612.0642 1262.7159 1385.1142 4.5018745
905000 298.59899 -2613.9359 1209.9137 1266.1784 1.6128643
910000 306.29091 -2635.5076 1253.1282 1356.6057 11.435746
915000 300.65409 -2610.2722 1217.8963 1296.2023 5.3741953
920000 298.55131 -2643.7999 1222.9714 1248.9457 13.948967
925000 303.62396 -2660.6511 1224.4794 1278.9644 3.3931673
930000 299.47469 -2595.342 1255.4066 1338.0961 2.5983176
935000 299.87297 -2621.693 1212.0337 1271.9338 -16.267481
940000 301.92823 -2665.389 1208.1683 1242.7515 11.335371
945000 299.08481 -2604.199 1266.7018 1337.0479 11.859711
950000 299.212 -2612.0322 1206.3195 1269.9698 -9.00305
955000 306.74062 -2611.4434 1293.9943 1425.5575 -9.8978724
960000 301.72214 -2635.8195 1278.6799 1340.9896 5.6233421
965000 298.04585 -2661.244 1262.7148 1266.725 -0.97953471
970000 298.45192 -2621.2422 1270.1691 1317.8124 -0.026743554
975000 291.5006 -2670.3406 1197.8221 1134.2053 4.6180155
980000 308.91838 -2641.0044 1244.9504 1366.4271 5.5209758
985000 296.68233 -2667.9658 1250.5911 1235.6863 -8.2917608
990000 298.23948 -2630.7062 1252.0159 1288.2954 -6.0843936
995000 301.03748 -2660.3448 1196.4135 1228.0753 -16.398488
1000000 302.30887 -2649.738 1243.6983 1297.3363 -17.551662
1005000 303.2428 -2688.8135 1195.426 1218.3401 3.1176872
1010000 299.71071 -2666.0535 1262.6189 1276.7075 -7.8527393
1015000 292.08365 -2651.1544 1178.0492 1138.8325 4.2265661
1020000 298.74497 -2691.4901 1261.9472 1241.9631 14.66524
1025000 296.39721 -2662.7867 1210.516 1198.2407 8.0907377
1030000 296.20625 -2655.4239 1232.7974 1226.1772 -7.7755637
1035000 302.30528 -2664.435 1229.5107 1268.4195 12.149452
1040000 293.35053 -2669.5257 1263.3188 1217.0596 21.670795
1045000 297.33274 -2669.2184 1243.1377 1232.7966 13.248304
1050000 304.43853 -2658.0229 1206.7688 1271.1662 -6.7048631
1055000 305.37492 -2675.6767 1251.2461 1306.3634 -18.175225
1060000 304.72875 -2653.7376 1237.1349 1308.4129 -3.3722159
1065000 301.99087 -2631.4787 1221.9544 1291.008 -6.2862105
1070000 308.02386 -2657.3753 1245.2305 1342.3371 10.65745
1075000 303.13309 -2634.5522 1233.1234 1309.3177 4.373529
1080000 302.09431 -2649.7374 1259.1423 1310.8622 -9.3711378
1085000 304.93682 -2625.015 1269.9963 1371.8574 -5.8903697
1090000 301.76966 -2659.9988 1261.2498 1299.8051 34.716586
1095000 297.20716 -2656.9105 1223.1451 1223.9889 -2.5941899
1100000 301.02648 -2603.9034 1217.6304 1305.6352 -0.29702155
1105000 300.74647 -2614.3249 1234.9617 1310.0411 4.950173
1110000 302.17893 -2606.0526 1236.0827 1332.2441 -6.1211708
1115000 298.13312 -2559.4168 1242.0414 1348.6593 4.2069821
1120000 312.78711 -2578.6623 1245.3333 1463.7479 0.15717323
1125000 304.01273 -2586.595 1253.7308 1385.7483 -19.687815
1130000 301.06304 -2587.2554 1237.4801 1342.4599 11.573119
1135000 300.89958 -2590.1674 1214.7674 1315.3735 9.993381
1140000 292.67382 -2573.9753 1211.2657 1254.5056 2.8333999
1145000 303.49721 -2588.7118 1234.0005 1359.2913 -1.4593259
1150000 302.22613 -2556.6972 1260.1534 1406.0923 -0.86391622
1155000 302.37354 -2556.0979 1228.7189 1376.5753 8.382293
1160000 299.8289 -2556.5798 1191.3159 1315.9351 -5.9586292
1165000 292.37164 -2532.4171 1254.2804 1336.3763 -18.729304
1170000 300.98536 -2527.5857 1260.4095 1424.3643 2.274438
1175000 300.52343 -2578.4693 1278.1742 1387.1146 25.504144
1180000 302.0778 -2533.8768 1219.5806 1387.0134 -10.217783
1185000 294.36565 -2563.7355 1276.7173 1345.326 5.6412196
1190000 294.33932 -2532.6775 1231.7799 1331.2111 5.8751171
1195000 302.14603 -2574.6227 1206.0873 1333.3844 -27.104105
1200000 293.02097 -2595.0564 1232.4743 1257.7374 13.02446
1205000 314.05993 -2591.3506 1287.3976 1504.506 -4.3256412
1210000 302.58103 -2578.1335 1291.218 1418.8942 10.293215
1215000 309.02762 -2604.4882 1218.5395 1377.5092 -6.6417968
1220000 303.47418 -2591.1342 1206.106 1328.7685 -0.35326928
1225000 302.87643 -2577.5097 1232.025 1362.9667 8.1285237
1230000 296.55676 -2578.2488 1246.9876 1320.677 24.963484
1235000 301.29708 -2593.2999 1197.6678 1298.6959 23.471156
1240000 302.75684 -2623.0809 1213.3402 1297.6412 20.743772
1245000 301.81211 -2624.031 1227.065 1301.9677 -15.60721
1250000 299.30724 -2626.1673 1257.6793 1308.0462 -9.5783319
1255000 300.64803 -2633.0199 1255.3698 1310.8739 0.22230059
1260000 297.50227 -2649.4505 1236.8405 1247.7832 -9.2184713
1265000 300.44093 -2663.3553 1232.8074 1256.1242 -7.4852934
1270000 290.93945 -2654.4011 1219.1587 1166.4634 16.046962
1275000 296.50101 -2649.3216 1269.1876 1271.3056 4.9835174
1280000 294.47931 -2604.0717 1264.6102 1293.8991 14.580596
1285000 302.78025 -2626.3417 1216.0715 1297.321 1.2397848
1290000 298.34401 -2648.9615 1185.0307 1203.9898 10.408125
1295000 301.6541 -2674.5085 1205.5833 1228.5956 15.481013
1300000 301.31359 -2638.5043 1199.4853 1255.4568 20.714976
1305000 298.57723 -2666.0349 1229.7932 1233.7643 -1.5490355
1310000 298.29427 -2687.8232 1279.4726 1259.1251 10.756014
1315000 296.60811 -2680.8046 1191.2109 1162.8035 -4.8544472
1320000 300.01477 -2675.0936 1213.574 1221.3416 -2.5928714
1325000 296.14782 -2689.4414 1243.179 1202.0187 4.823235
1330000 299.72548 -2610.0811 1246.0659 1316.2589 34.498446
1335000 303.51414 -2609.8703 1220.8329 1325.1166 22.450368
1340000 302.55917 -2620.6381 1255.808 1340.7842 -6.2434323
1345000 296.32797 -2577.6414 1223.9535 1296.2043 2.8143817
1350000 298.18205 -2610.5013 1227.1422 1283.113 23.364346
1355000 299.73239 -2600.7809 1232.2112 1311.7662 4.9613548
1360000 298.87351 -2581.6153 1254.4678 1345.5079 7.7396469
1365000 294.89266 -2600.8988 1298.3027 1334.461 9.7568909
1370000 298.1181 -2638.6131 1295.8548 1323.142 -17.434268
1375000 305.72114 -2659.0786 1242.6325 1317.4439 4.1924948
1380000 310.53313 -2663.9592 1201.771 1314.7327 -4.7545623
1385000 301.90693 -2673.5998 1226.0295 1252.2113 12.619851
1390000 298.74599 -2652.2985 1250.6708 1269.8875 19.084829
1395000 295.86695 -2656.2512 1241.0978 1230.6161 28.996866
1400000 301.46137 -2621.3807 1221.34 1295.7566 19.384032
1405000 300.46308 -2635.3259 1215.6721 1267.2162 -2.0211022
1410000 295.18533 -2652.0352 1225.2429 1212.8819 -0.9622986
1415000 296.32681 -2643.7172 1198.9388 1205.1034 -9.4143836
1420000 286.59444 -2626.0443 1214.3355 1151.1419 21.757614
1425000 305.96289 -2657.3325 1237.2031 1315.9223 7.9814807
1430000 300.28066 -2645.4848 1199.6816 1239.4355 -0.002692831
1435000 297.91906 -2606.5943 1268.4366 1325.9628 1.2588471
1440000 302.30254 -2606.1425 1229.5353 1326.7121 9.7844761
1445000 300.72729 -2625.1359 1236.5068 1300.6037 20.752937
1450000 298.20793 -2598.3257 1231.6677 1300.0456 -5.925243
1455000 299.97101 -2648.062 1237.0091 1271.4168 18.807883
1460000 295.51582 -2597.8001 1225.1605 1269.99 -16.251381
1465000 296.77752 -2638.1627 1240.4172 1256.1668 -12.944777
1470000 293.33948 -2659.9528 1196.7406 1159.9556 -4.0770253
1475000 301.09797 -2606.0908 1205.6903 1292.147 -1.5825958
1480000 307.36429 -2646.9352 1217.9359 1319.5845 -2.1330936
1485000 294.30373 -2607.8291 1205.6031 1229.5645 8.5330084
1490000 307.59744 -2622.9931 1234.8452 1362.5207 3.4468501
1495000 295.65961 -2612.4773 1267.1511 1298.5892 -19.280503
1500000 300.64034 -2596.7866 1274.5965 1366.2651 3.2632737
1505000 301.78367 -2551.9789 1212.4365 1359.1371 39.753114
1510000 307.39347 -2571.9224 1256.2481 1433.1703 -11.889409
1515000 297.17565 -2601.0364 1254.5555 1310.9917 24.570822
1520000 305.86934 -2586.8702 1219.4054 1367.7504 30.721732
1525000 302.50245 -2603.3258 1266.7872 1368.5684 9.3605574
1530000 304.64127 -2595.582 1258.201 1386.8523 2.4602346
1535000 305.67981 -2606.1939 1264.7479 1392.0744 0.3948098
1540000 301.82806 -2585.5735 1216.3815 1329.8844 5.3406715
1545000 303.70052 -2571.3031 1289.0568 1433.5744 15.191227
1550000 296.45791 -2556.2983 1203.1448 1297.9007 19.88289
1555000 300.35071 -2595.1416 1255.882 1346.6055 9.3958559
1560000 303.4469 -2592.0602 1229.3637 1350.8562 5.0592403
1565000 313.47482 -2586.171 1260.1089 1477.1646 40.51882
1570000 303.73518 -2616.4145 1216.054 1315.7701 29.094118
1575000 301.60714 -2611.3772 1235.0153 1320.739 2.2380444
1580000 298.52503 -2601.2557 1239.8763 1308.1598 -3.5170631
1585000 296.33395 -2610.8243 1214.0963 1253.2177 1.592981
1590000 299.50211 -2619.1331 1205.949 1265.0925 -4.3074707
1595000 296.38244 -2608.1367 1266.4737 1308.7162 -16.767589
1600000 294.8778 -2561.1302 1302.7805 1378.5744 12.764955
1605000 308.62931 -2564.2019 1277.7839 1473.4781 11.042994
1610000 299.994 -2577.488 1274.0042 1379.1916 2.1562403
1615000 296.29491 -2577.3991 1215.3878 1287.5852 -6.8437149
1620000 304.49794 -2583.2291 1246.7249 1386.4473 3.2115717
1625000 306.94243 -2551.6554 1221.3009 1414.4567 32.99564
1630000 295.64232 -2547.8648 1261.4093 1357.3053 3.6074582
1635000 303.74085 -2523.3499 1258.9886 1451.8201 -3.0896347
1640000 300.63565 -2554.7727 1207.8603 1341.501 -1.9972617
1645000 297.32539 -2544.4083 1262.645 1377.0483 2.8944934
1650000 311.66753 -2554.4397 1248.9049 1481.5303 0.19818795
1655000 298.7383 -2541.2699 1216.819 1346.9954 -1.0889235
1660000 301.24133 -2536.3825 1278.6681 1436.1151 2.2524428
1665000 303.40528 -2533.242 1242.572 1422.5106 -3.5964847
1670000 294.08259 -2545.1063 1228.8618 1313.5685 6.1681951
1675000 299.31188 -2549.0207 1224.3954 1351.9503 18.626609
1680000 295.40835 -2575.7566 1301.0542 1366.9661 4.1710672
1685000 300.1598 -2562.3325 1219.0023 1340.8279 -0.77770259
1690000 298.67353 -2558.1668 1237.1715 1349.8718 -4.0969349
1695000 299.92763 -2545.7138 1265.2003 1401.5685 -1.6571099
1700000 293.14334 -2510.6418 1238.0209 1348.7929 -5.0761483
1705000 303.32888 -2525.1491 1280.1265 1467.4748 -1.9174736
1710000 305.02382 -2506.3692 1272.8378 1494.1228 11.954136
1715000 302.57091 -2508.2544 1199.6179 1397.0827 -0.19377051
1720000 296.18187 -2497.4973 1253.6451 1404.7335 -11.050138
1725000 295.95017 -2535.5249 1238.7419 1349.7306 3.4943817
1730000 311.21143 -2505.2982 1193.2409 1470.9292 8.5819184
1735000 298.37185 -2521.0978 1219.8904 1366.9621 -8.6770388
1740000 301.15292 -2563.6249 1251.8661 1381.2801 6.5250275
1745000 294.16353 -2564.0664 1243.7346 1310.2051 13.754384
1750000 301.65801 -2580.5648 1235.6658 1352.6567 -34.003527
1755000 294.35201 -2562.1624 1250.9648 1321.0247 9.3643621
1760000 302.56588 -2567.9954 1280.7629 1418.4417 3.0463836
1765000 297.43473 -2578.2426 1248.2318 1329.7786 9.9374228
1770000 294.50588 -2567.2104 1201.166 1267.5539 16.416087
1775000 301.82733 -2551.2735 1189.8763 1337.6726 10.623418
1780000 297.87227 -2621.9963 1215.8329 1257.5386 13.635173
1785000 301.18814 -2600.5406 1205.4734 1298.2867 8.2150841
1790000 303.48477 -2592.249 1270.8477 1392.4901 19.795809
1795000 305.06285 -2603.7881 1226.9352 1351.1503 0.96728016
1800000 290.62879 -2606.6891 1194.3842 1186.6227 8.3989157
1805000 304.00959 -2614.7166 1253.1955 1357.0635 5.1280992
1810000 300.26768 -2606.1994 1251.8042 1330.7275 -0.24962212
1815000 293.65836 -2596.7861 1277.845 1307.0782 -1.2479655
1820000 295.44968 -2618.0823 1196.8102 1220.766 6.7550414
1825000 306.95357 -2610.4545 1225.6903 1360.1467 3.3715516
1830000 293.33415 -2600.5969 1221.5076 1244.0308 35.228478
1835000 299.6355 -2596.65 1251.2974 1334.1169 29.382449
1840000 303.07814 -2632.8143 1194.4507 1271.8915 17.814781
1845000 297.68756 -2637.9887 1249.6197 1273.6812 1.5361601
1850000 296.63292 -2618.1622 1224.7264 1259.1834 -8.5145593
1855000 298.18326 -2612.2165 1219.8314 1274.098 19.054856
1860000 303.03797 -2638.4114 1224.1288 1295.6132 -0.68104877
1865000 298.51132 -2621.1416 1250.5733 1298.8483 -13.413188
1870000 293.95377 -2589.0877 1197.3831 1236.9564 -32.150806
1875000 298.68107 -2618.3509 1213.3955 1265.9793 -23.363728
1880000 299.47211 -2657.2001 1247.6068 1268.4152 14.109107
1885000 299.24613 -2664.9064 1238.6153 1249.6965 -5.2043984
1890000 299.59651 -2619.7865 1196.1542 1255.4885 5.6991362
1895000 301.98594 -2620.8229 1241.2236 1320.8888 -5.7234062
1900000 296.80954 -2586.2587 1213.0026 1280.9425 -13.521142
1905000 284.50225 -2622.3607 1261.6052 1183.386 4.8328967
1910000 303.04925 -2615.578 1284.5328 1378.9516 23.3518
1915000 292.21279 -2632.1365 1249.2277 1230.1837 2.112422
1920000 298.52536 -2627.64 1215.0327 1256.9349 43.325956
1925000 300.65549 -2626.5389 1222.7743 1284.8262 -5.0478283
1930000 299.20606 -2669.1684 1275.4482 1281.9091 15.649348
1935000 305.94783 -2648.6602 1260.0656 1347.3225 9.2627543
1940000 298.77832 -2623.8054 1225.6401 1273.6389 16.796104
1945000 300.29076 -2642.8128 1268.9397 1311.456 10.043554
1950000 295.94047 -2646.4881 1287.6894 1287.6283 -0.35825602
1955000 301.31063 -2592.089 1254.4437 1356.804 9.1967965
1960000 300.04096 -2625.8505 1265.2655 1322.5103 -5.4972982
1965000 297.4147 -2645.2086 1243.7508 1258.1523 -16.680911
1970000 299.60212 -2607.9881 1231.0438 1302.2267 6.069439
1975000 298.35991 -2628.286 1231.3743 1271.151 14.374003
1980000 295.59803 -2643.0979 1246.7069 1246.9738 2.3188551
1985000 304.82051 -2648.1533 1288.369 1366.0518 29.035789
1990000 299.76026 -2636.0046 1234.8605 1279.4411 -16.923998
1995000 298.31245 -2641.7231 1215.3787 1241.2939 22.599768
2000000 302.87326 -2611.6607 1236.6546 1333.4169 38.287657
2005000 304.06827 -2588.1294 1262.2433 1393.2232 -23.181666
2010000 302.08844 -2650.3696 1273.6314 1324.6666 0.76084299
2015000 292.33311 -2625.4591 1248.8239 1237.5332 -22.05896
2020000 301.99288 -2619.5402 1254.8701 1335.8802 3.7555647
2025000 298.70897 -2642.7571 1220.2373 1248.6643 -1.3057868
2030000 301.48009 -2624.9095 1233.4393 1304.4945 -7.0529961
2035000 295.61322 -2638.0882 1224.0375 1229.4498 -4.767153
2040000 296.07717 -2603.3094 1237.7206 1282.0605 -1.7153864
2045000 300.3405 -2589.4121 1217.6594 1314.0212 13.187639
2050000 291.50285 -2644.0047 1246.5227 1209.2618 8.3796809
2055000 309.26025 -2598.8111 1233.3584 1400.0854 30.890059
2060000 296.65292 -2623.4588 1266.435 1295.7742 31.816057
2065000 302.64721 -2620.9721 1280.8773 1366.3068 11.611321
2070000 297.27969 -2622.7444 1249.4052 1285.0636 8.7202885
2075000 299.45309 -2639.7616 1291.7766 1329.8533 -19.973748
2080000 300.38774 -2605.947 1221.7137 1301.9631 14.591875
2085000 304.11466 -2556.9935 1255.9018 1418.4324 -2.0633785
2090000 299.66622 -2599.2195 1174.2863 1254.8111 -10.257435
2095000 293.83319 -2602.3834 1279.867 1305.0664 7.482752
2100000 287.40508 -2617.9927 1262.8595 1214.9666 2.244352
2105000 303.01566 -2620.5425 1216.0321 1305.186 12.355472
2110000 296.19178 -2629.2402 1211.4435 1230.8775 6.7806494
2115000 303.65869 -2609.4673 1200.5913 1306.5706 10.245565
2120000 296.79324 -2631.1713 1229.7592 1252.6408 -1.7029534
2125000 300.24157 -2614.0437 1256.0833 1326.9288 19.914643
2130000 294.76001 -2607.7524 1223.6561 1251.7745 -13.086612
2135000 302.79513 -2629.3887 1249.4785 1327.814 15.863808
2140000 299.22618 -2629.9624 1246.1228 1291.9695 -0.49127957
2145000 302.38969 -2656.0822 1250.3399 1298.3564 2.9121078
2150000 296.48225 -2641.9881 1228.5878 1237.8714 -18.062689
2155000 296.80411 -2579.0408 1248.639 1323.7483 5.2334532
2160000 297.77011 -2620.393 1168.8218 1211.2173 26.486046
2165000 300.0589 -2632.1132 1251.1744 1302.3169 1.9868323
2170000 296.19909 -2617.459 1210.9152 1242.1958 -6.6057468
2175000 303.10953 -2646.0508 1254.6632 1319.1482 -2.0282296
2180000 297.69723 -2662.9557 1234.7393 1233.9203 3.9639059
2185000 296.13319 -2668.2155 1213.8038 1193.7387 -8.9329272
2190000 287.27963 -2651.9757 1197.3416 1114.3439 2.7545444
2195000 299.04111 -2656.232 1239.1534 1257.0757 26.694968
2200000 297.23747 -2638.7407 1169.5284 1188.8131 15.052333
2205000 304.65959 -2603.2407 1269.7986 1390.955 5.3746278
2210000 303.02435 -2645.9869 1187.0729 1250.8601 16.604719
2215000 293.78938 -2642.6627 1224.7264 1209.2547 15.243722
2220000 298.32145 -2631.672 1246.5683 1282.615 6.4042366
2225000 303.04274 -2602.9453 1229.7633 1336.7565 -5.7452324
2230000 292.49944 -2590.2618 1276.9447 1302.3387 2.7534832
2235000 314.76146 -2588.5626 1236.4704 1462.6402 16.99393
2240000 297.32536 -2568.5579 1237.3092 1327.5626 11.42751
2245000 300.08809 -2582.0732 1208.5205 1309.9642 1.0780331
2250000 293.16981 -2616.6475 1268.1986 1273.2016 -4.9950521
2255000 298.50729 -2584.2007 1261.0399 1346.2198 23.863796
2260000 300.82681 -2596.5583 1193.9651 1287.5294 -2.8361308
2265000 302.11591 -2621.7036 1254.362 1334.3088 -0.99659081
2270000 303.27894 -2622.2044 1241.5753 1331.4217 17.513402
2275000 299.16932 -2589.113 1238.4307 1324.6184 23.847237
2280000 294.9085 -2566.2401 1162.1153 1233.0739 0.23207808
2285000 302.03603 -2585.3572 1281.9888 1397.5678 16.465997
2290000 299.5249 -2572.8481 1254.962 1360.5944 3.5918521
2295000 299.87373 -2586.2431 1274.2714 1369.6283 3.3962569
2300000 299.90333 -2603.8978 1217.998 1295.9648 23.413943
2305000 302.21713 -2625.6035 1263.8789 1340.831 -4.0776313
2310000 302.60944 -2581.7793 1232.4487 1356.7332 -11.066859
2315000 293.8429 -2572.8048 1249.6192 1304.484 11.337472
2320000 297.83147 -2593.4585 1248.419 1318.2975 -4.2989131
2325000 299.83517 -2603.4729 1239.2697 1317.0519 9.7732971
2330000 299.02372 -2573.9177 1231.5767 1331.6577 -13.038726
2335000 302.06478 -2585.3157 1169.0065 1284.884 0.26300495
2340000 295.08882 -2577.2225 1277.6363 1339.225 2.0910553
2345000 293.62395 -2598.4461 1246.881 1274.1465 -0.53016117
2350000 297.47793 -2613.166 1245.7899 1292.7995 -5.4249517
2355000 296.68314 -2601.5785 1259.6145 1311.1042 13.417607
2360000 304.26431 -2599.1991 1236.0885 1357.7517 -4.0966194
2365000 295.2368 -2615.7651 1285.2519 1309.6212 12.012819
2370000 294.47091 -2577.5764 1231.9689 1287.6781 14.674284
2375000 301.1861 -2559.2568 1191.7761 1325.8549 -5.4337629
2380000 304.6598 -2590.7887 1240.2046 1373.8148 16.568836
2385000 307.32223 -2591.969 1231.7665 1388.005 7.3843258
2390000 297.788 -2561.7122 1255.9945 1357.2307 16.276275
2395000 298.94729 -2561.0198 1211.664 1323.9596 -1.3356771
2400000 297.1941 -2506.8809 1221.5175 1372.2741 10.138722
2405000 300.66596 -2550.768 1316.0396 1453.9559 2.8466391
2410000 300.76204 -2554.6768 1264.929 1399.7957 9.6353411
2415000 303.28843 -2550.1131 1217.9625 1379.985 1.7929139
2420000 297.74208 -2581.4363 1241.8277 1322.9292 0.65257456
2425000 305.98707 -2588.8388 1219.7223 1367.1515 5.221085
2430000 300.4711 -2541.0088 1242.3336 1388.2666 10.431195
2435000 301.28009 -2599.8534 1194.7553 1289.0781 20.743375
2440000 298.1567 -2581.3401 1200.5518 1285.4571 6.9291795
2445000 305.15803 -2583.5912 1268.131 1413.3942 25.736489
2450000 300.19776 -2568.7653 1248.8716 1364.6038 6.3502837
2455000 307.73127 -2560.5078 1254.2379 1445.5954 -0.098697581
2460000 303.58011 -2589.6297 1162.8197 1287.9339 -0.98524042
2465000 295.81328 -2567.247 1255.5769 1333.6195 -18.728967
2470000 297.6158 -2561.5301 1217.6335 1317.5119 -2.4520459
2475000 295.16739 -2567.1937 1231.6109 1303.931 -5.785536
2480000 302.00591 -2548.8197 1289.3601 1441.2072 -19.441725
2485000 294.78661 -2571.1746 1240.5271 1305.4611 7.4025233
2490000 300.91708 -2568.5131 1205.7623 1328.1792 0.47393579
2495000 298.43078 -2572.9781 1230.1564 1325.8746 17.943544
2500000 307.72743 -2523.67 1222.6869 1450.848 23.182301
2505000 303.88221 -2569.6754 1179.8677 1327.6378 -11.969632
2510000 306.82425 -2560.9888 1262.1302 1444.8958 13.631477
2515000 308.31297 -2553.2779 1243.2116 1447.001 -5.2342806
2520000 293.75173 -2544.143 1251.3113 1334.0227 -3.873932
2525000 307.08422 -2552.3043 1239.5523 1433.3271 9.0634945
2530000 303.26463 -2603.8785 1254.7058 1362.7501 -1.7650508
2535000 295.99388 -2545.9938 1247.2827 1348.1934 -13.559914
2540000 299.81551 -2561.8547 1258.34 1377.5645 3.5334293
2545000 300.00812 -2533.5375 1260.7458 1410.01 -0.095024064
2550000 295.46529 -2558.0724 1206.2766 1290.382 24.515771
2555000 295.16486 -2549.3065 1216.866 1307.0507 -5.6212439
2560000 306.63701 -2536.2865 1266.5023 1472.2958 3.1709357
2565000 306.86891 -2559.5701 1298.7034 1483.287 -1.20937
2570000 300.12453 -2531.9691 1271.8185 1423.692 -14.894879
2575000 297.11773 -2549.1688 1244.6034 1352.3891 8.3618539
2580000 296.66325 -2511.4083 1230.5268 1372.0089 -16.149763
2585000 304.18042 -2538.6679 1171.6183 1353.0627 20.300466
2590000 301.52507 -2516.5349 1254.1026 1433.9346 -3.9122658
2595000 303.10465 -2529.8282 1221.7583 1402.4223 -5.9873905
2600000 308.78097 -2573.4688 1265.5216 1453.3051 4.9513388
2605000 300.38995 -2528.3458 1238.7439 1396.6142 17.929083
2610000 298.98387 -2561.7063 1260.6667 1372.6028 5.1612442
2615000 304.66219 -2547.3614 1244.0733 1421.1322 2.3051536
2620000 293.76371 -2556.8157 1296.6303 1366.776 10.254361
2625000 302.34139 -2519.5133 1203.8102 1387.9636 10.09357
2630000 297.29846 -2525.3242 1226.4557 1359.7022 -0.18312781
2635000 299.37751 -2512.2495 1267.5663 1432.4793 10.494525
2640000 300.38845 -2565.265 1222.1787 1343.1164 2.0468213
2645000 293.37939 -2559.084 1284.1965 1348.6373 -2.9718012
2650000 306.49925 -2554.8645 1217.9146 1403.8982 33.104229
2655000 295.33614 -2573.0014 1215.2498 1283.2712 16.976321
2660000 298.03712 -2568.9054 1270.458 1366.7288 -14.511107
2665000 303.29357 -2511.4057 1191.8116 1392.5875 14.168663
2670000 303.4724 -2562.3327 1242.1277 1393.5758 20.406097
2675000 300.71936 -2549.348 1255.3423 1395.1562 -10.713285
2680000 297.66656 -2535.8352 1270.0873 1396.1146 -3.5386867
2685000 301.49213 -2556.8599 1281.8532 1421.0657 -1.4165323
2690000 300.86092 -2558.7104 1262.3594 1394.0768 -8.90865
2695000 298.71979 -2559.9441 1261.871 1373.2078 9.1112933
2700000 306.88907 -2575.0197 1228.539 1397.8534 -2.9823884
2705000 296.09131 -2571.7683 1244.2982 1320.3058 -13.343471
2710000 303.6979 -2573.2738 1293.4351 1435.9586 9.8661983
2715000 296.70577 -2582.5084 1218.4999 1289.2621 4.4344893
2720000 296.49366 -2577.1831 1289.1101 1363.3009 9.2903663
2725000 294.7272 -2579.872 1253.4305 1309.1359 -13.644185
2730000 291.62582 -2580.432 1245.7717 1273.1832 16.08434
2735000 305.98126 -2581.2234 1203.7972 1358.7898 54.550104
2740000 288.68221 -2529.8495 1214.5507 1266.2216 6.1137359
2745000 305.80855 -2557.5671 1211.8238 1388.9283 11.944014
2750000 299.86106 -2527.4478 1198.5847 1352.6235 10.035338
2755000 295.5713 -2554.8232 1268.4835 1356.7859 -14.642288
2760000 299.88087 -2531.3854 1236.9469 1387.2252 10.884296
2765000 306.99097 -2551.0447 1245.5981 1439.7987 -14.093559
2770000 300.66984 -2535.4319 1246.6653 1399.9524 21.433157
2775000 313.56671 -2559.6771 1237.9232 1482.2944 15.582387
2780000 295.96445 -2562.0672 1306.9711 1391.5453 1.9462695
2785000 299.90059 -2528.8614 1255.2052 1408.1839 14.012544
2790000 308.89961 -2562.3965 1229.7948 1429.7114 -15.54661
2795000 296.79419 -2547.4726 1220.3784 1326.9672 -1.7903212
2800000 302.09855 -2538.3063 1218.3497 1381.5386 3.2312745
2805000 294.77335 -2558.293 1250.1624 1327.8595 -5.7440633
2810000 303.65748 -2560.8548 1262.643 1417.224 1.8293096
2815000 294.03102 -2561.2612 1241.0262 1309.1168 -32.657186
2820000 297.54461 -2557.9544 1222.1822 1324.9996 -7.225535
2825000 288.31567 -2534.5102 1234.0108 1277.7434 0.76024957
2830000 293.74315 -2555.3381 1226.2925 1297.732 1.8016905
2835000 300.49867 -2558.242 1228.0508 1356.9971 -18.524124
2840000 293.33725 -2581.9284 1236.2787 1277.4982 -6.3970551
2845000 309.58881 -2565.1999 1221.2361 1424.5126 -9.700252
2850000 297.38607 -2577.005 1211.1123 1293.4615 19.191332
2855000 301.76213 -2533.6665 1223.1218 1387.9421 -23.213692
2860000 303.93685 -2588.6322 1231.1545 1360.4564 12.847676
2865000 296.97106 -2546.2169 1214.4178 1323.8438 9.6465537
2870000 301.65312 -2555.3761 1270.2476 1412.3834 18.748083
2875000 300.46087 -2535.9439 1196.8048 1347.7113 -9.4304819
2880000 294.77786 -2559.859 1205.8796 1282.051 15.41915
2885000 301.50736 -2575.0402 1286.6795 1407.8478 -17.890513
2890000 300.30585 -2578.7569 1230.0383 1336.7455 7.7040847
2895000 291.07104 -2554.5093 1215.3267 1263.6999 -8.6824229
2900000 291.4787 -2575.8039 1225.226 1255.9501 25.528239
2905000 301.32815 -2583.9668 1229.3209 1339.96 -11.876071
2910000 296.13484 -2558.0636 1238.6686 1328.77 16.101013
2915000 300.03002 -2564.4974 1238.3694 1356.8695 22.827934
2920000 293.32838 -2564.8573 1240.9097 1299.1209 -9.2280854
2925000 297.17085 -2594.4702 1320.0523 1383.0117 9.1843964
2930000 300.27108 -2583.2155 1241.7292 1343.6668 11.183412
2935000 303.40851 -2578.0525 1287.0591 1422.2161 15.322954
2940000 304.83884 -2621.3304 1201.7596 1306.4292 30.613607
2945000 297.01609 -2577.4093 1245.5221 1324.1585 -1.502806
2950000 302.86462 -2585.0285 1215.3842 1338.7015 -4.3571427
2955000 307.09085 -2609.8757 1220.2132 1356.476 19.699166
2960000 287.15673 -2581.7592 1232.8859 1219.0057 8.3237882
2965000 299.30746 -2572.5721 1212.2312 1316.1951 -12.138344
2970000 301.65055 -2592.5961 1243.0013 1347.8941 -1.0333346
2975000 302.1536 -2613.7117 1223.3486 1311.6244 24.214899
2980000 291.39086 -2592.4678 1233.8465 1247.121 7.2010762
2985000 310.60935 -2598.9759 1226.0159 1404.6425 4.4734026
2990000 305.91996 -2609.4426 1197.5925 1323.8178 -7.5633298
2995000 303.41284 -2607.6069 1277.8537 1383.495 2.0896781
3000000 305.19084 -2604.8536 1205.3183 1329.6125 -5.330902
3005000 298.97145 -2619.8044 1245.7553 1299.4823 -9.788247
3010000 304.9711 -2612.477 1270.9976 1385.7033 16.54524
3015000 296.61013 -2577.3321 1229.4814 1304.5646 16.067657
3020000 304.19657 -2626.4654 1250.5641 1344.3553 1.6610375
3025000 303.96545 -2610.4243 1275.3498 1383.1152 -10.610398
3030000 302.74996 -2595.8715 1208.8903 1320.3391 12.082083
3035000 296.9693 -2625.45 1214.1738 1244.3511 13.509669
3040000 300.4076 -2641.0649 1208.5995 1253.9085 -13.799697
3045000 305.82456 -2641.1389 1271.3278 1365.0037 -4.8125744
3050000 300.06693 -2643.0889 1251.2597 1291.4983 -6.188019
3055000 300.43909 -2639.8293 1297.5464 1344.3727 17.245206
3060000 292.34885 -2644.0034 1213.6325 1183.9383 -3.8868587
3065000 297.28037 -2608.0704 1209.6356 1259.974 33.673699
3070000 302.89049 -2616.0563 1228.0066 1320.5274 1.7307944
3075000 292.37483 -2612.3645 1255.6604 1257.8373 -2.8178398
3080000 300.5527 -2615.9782 1247.9632 1319.6566 20.82812
3085000 296.33141 -2611.2835 1241.8823 1280.5217 -21.652168
3090000 310.36171 -2647.8466 1310.7395 1438.2809 -4.3197993
3095000 306.39317 -2623.718 1229.397 1345.5785 9.1076131
3100000 297.44868 -2654.0729 1254.5892 1260.4304 21.929395
3105000 294.1325 -2601.2755 1254.6394 1283.6232 -6.8103306
3110000 297.06953 -2607.6221 1239.6509 1288.5523 23.495096
3115000 308.76297 -2593.3733 1253.5041 1421.2221 -0.19416352
3120000 305.4522 -2571.2213 1277.8146 1438.0782 12.696954
3125000 293.71707 -2585.5169 1240.1291 1281.1566 3.7951571
3130000 294.70301 -2566.8173 1216.6932 1285.2369 -4.6674625
3135000 293.95683 -2561.0985 1195.335 1262.925 21.985648
3140000 296.72815 -2555.6768 1274.5444 1372.3384 -4.5238896
3145000 296.34689 -2555.6611 1200.503 1294.9033 -0.27017757
3150000 298.23224 -2539.5407 1254.6702 1382.0505 3.6250917
3155000 304.69424 -2536.7735 1224.8917 1412.8252 3.1362297
3160000 297.96956 -2565.6941 1252.4643 1351.3422 10.970207
3165000 301.36224 -2542.1708 1226.0852 1378.8252 25.489251
3170000 295.04196 -2552.1601 1288.3232 1374.5552 19.286041
3175000 306.77258 -2548.9959 1222.7196 1417.0161 -27.728061
3180000 303.24092 -2558.6477 1206.6357 1359.6987 -18.496101
3185000 297.44166 -2565.5156 1228.0163 1322.3519 -13.963807
3190000 286.25494 -2545.1412 1248.1488 1262.8225 -13.696882
3195000 294.30191 -2566.4534 1278.4942 1343.815 7.2180921
3200000 309.36921 -2559.557 1237.5604 1444.5159 16.994995
3205000 303.81173 -2608.5884 1241.018 1349.2447 12.561004
3210000 301.70711 -2588.9869 1258.1833 1367.1911 -23.019533
3215000 299.12834 -2606.866 1226.2632 1294.3314 -13.704236
3220000 300.1094 -2600.2331 1228.6811 1312.1554 2.2317306
3225000 300.73303 -2615.1592 1228.9099 1303.0348 -13.284116
3230000 303.87782 -2624.9693 1252.0015 1344.4385 6.9025642
3235000 302.91635 -2586.0677 1248.3787 1371.1192 12.077951
3240000 298.18344 -2610.1359 1252.6987 1309.0474 2.8825076
3245000 308.51311 -2617.8392 1233.3093 1374.327 -1.9319051
3250000 306.35957 -2612.8601 1266.6756 1393.4145 -19.24681
3255000 296.90869 -2602.0441 1228.7538 1281.7948 28.680898
3260000 296.14897 -2622.454 1278.5847 1304.4222 9.9985736
3265000 293.87903 -2625.1801 1237.5259 1240.3384 23.505426
3270000 302.63356 -2627.837 1254.5987 1333.0412 -3.5017803
3275000 303.12967 -2641.0478 1265.9167 1335.5848 -12.850461
3280000 306.90187 -2661.3179 1249.1875 1332.3181 13.277629
3285000 300.36927 -2642.6893 1227.5142 1270.856 23.89121
3290000 292.30486 -2618.2058 1258.6626 1254.3725 -24.522516
3295000 297.21339 -2639.3236 1259.7033 1278.1897 15.710317
3300000 303.39354 -2645.1625 1269.4962 1337.4092 36.308487
3305000 292.41539 -2607.1992 1279.0219 1286.7269 16.046333
3310000 302.83704 -2612.1698 1214.037 1309.9662 7.0364349
3315000 307.15872 -2615.0976 1271.5995 1403.2473 -20.13374
3320000 301.91265 -2635.5437 1236.4588 1300.7478 4.7937615
3325000 289.88702 -2638.0846 1205.5275 1159.7373 -1.5366328
3330000 293.05653 -2646.5981 1217.5328 1191.5722 26.086409
3335000 300.54836 -2618.3958 1213.4752 1282.7121 24.454243
3340000 299.91219 -2619.8212 1210.7576 1272.8803 -29.809174
3345000 290.89201 -2591.3845 1196.7631 1206.66 13.021471
3350000 292.11432 -2609.2597 1224.7191 1227.6714 29.709491
3355000 299.52785 -2630.6722 1229.3219 1277.1566 3.8571995
3360000 305.08962 -2591.2758 1243.1166 1380.0834 -10.869306
3365000 309.12746 -2585.4948 1193.4987 1372.3546 -7.6993335
3370000 298.13404 -2593.662 1255.9537 1328.3345 -8.8124699
3375000 300.45593 -2568.9404 1250.551 1368.4167 -12.41792
3380000 296.83267 -2599.1071 1210.6363 1265.9346 19.750537
3385000 302.17963 -2594.5292 1274.3816 1382.0726 9.9200522
3390000 303.76926 -2581.9358 1239.4833 1373.9829 -16.652586
3395000 301.01104 -2592.7038 1239.6479 1338.7142 23.7739
3400000 301.7587 -2593.0684 1173.482 1278.8697 12.570126
3405000 301.37172 -2608.896 1192.4454 1278.545 -17.280882
3410000 300.6748 -2598.2159 1289.4082 1379.9557 -2.7361634
3415000 298.80225 -2649.0001 1252.6101 1275.6283 4.7813362
3420000 301.5214 -2589.2546 1207.2148 1314.2943 26.410687
3425000 296.03182 -2587.838 1264.4696 1323.8755 -0.61966084
3430000 300.34439 -2598.4516 1256.5099 1343.867 -2.0794118
3435000 297.9682 -2561.209 1251.8791 1355.2299 5.1369257
3440000 298.20997 -2553.8257 1220.7165 1333.6126 -5.353153
3445000 295.97478 -2566.7842 1265.3549 1345.3045 22.107373
3450000 297.10384 -2584.7917 1280.0752 1352.1138 9.9979478
3455000 289.92041 -2587.9411 1229.107 1233.7589 -2.3068629
3460000 302.27488 -2591.7913 1207.7986 1319.0793 2.6226688
3465000 299.41224 -2569.2014 1281.0355 1389.3072 13.172856
3470000 303.07214 -2567.0564 1225.5874 1368.7325 -5.3524992
3475000 299.38339 -2549.6561 1236.6139 1364.1729 23.465178
3480000 306.71674 -2549.9649 1234.6925 1427.5206 10.519157
3485000 299.25043 -2540.3394 1229.3769 1365.0635 8.4577094
3490000 303.35357 -2554.1017 1200.9913 1359.6077 -5.4711176
3495000 296.43642 -2491.0552 1222.4849 1382.2916 -3.2643947
3500000 307.67611 -2526.8506 1264.737 1489.2584 16.642236
3505000 294.07248 -2535.4816 1268.5646 1362.8056 -6.5811597
3510000 306.62518 -2530.3484 1233.1145 1444.7403 16.296494
3515000 306.30436 -2499.2716 1245.6829 1485.5167 1.0011591
3520000 302.56812 -2524.1387 1264.4411 1445.9967 5.8174657
3525000 305.66046 -2494.726 1211.3661 1449.9874 -6.3017966
3530000 302.51495 -2507.5106 1232.0857 1429.7939 17.703907
3535000 290.6144 -2484.6671 1269.849 1383.9808 -0.29818349
3540000 299.44405 -2495.0449 1302.5689 1485.2815 5.1358241
3545000 305.504 -2530.6789 1244.5826 1445.8519 3.9430945
3550000 301.54522 -2520.198 1201.3203 1377.6693 10.30351
3555000 304.17794 -2533.2885 1258.6315 1445.4331 -0.34085589
3560000 299.39695 -2541.5406 1275.2194 1411.0151 -11.459166
3565000 297.54911 -2553.0077 1203.6161 1311.4207 6.9458542
3570000 301.60843 -2556.4037 1267.1451 1407.8537 -0.6799958
3575000 301.0534 -2542.7893 1238.666 1388.0257 -19.191261
3580000 307.8847 -2560.891 1231.8789 1424.2253 -3.6203484
3585000 295.67735 -2531.383 1231.7051 1344.3962 -5.7443749
3590000 306.49052 -2532.3735 1253.0077 1461.4044 4.0038158
3595000 299.0836 -2523.2901 1210.4412 1361.6854 3.2739833
3600000 295.57948 -2505.5388 1229.4897 1367.1497 5.5826163
3605000 293.41504 -2556.9797 1219.2681 1286.1319 1.9622169
3610000 296.07089 -2529.1456 1258.4508 1376.8986 -15.562705
3615000 304.50244 -2515.6402 1210.1751 1417.5267 -15.607257
3620000 303.69777 -2536.4351 1260.1589 1439.5199 2.4017785
3625000 301.75334 -2533.0917 1236.3329 1401.6494 -3.4054468
3630000 291.20386 -2535.8897 1240.1598 1308.3403 19.665914
3635000 302.09689 -2529.8389 1260.1119 1431.7534 -12.732522
3640000 305.31079 -2522.5045 1261.5703 1469.2861 -1.8666787
3645000 308.03419 -2515.6926 1232.7886 1471.6701 17.217748
3650000 300.23208 -2548.7944 1259.2433 1395.2533 20.818555
3655000 294.98159 -2546.9907 1265.2038 1356.0654 23.700116
3660000 296.5111 -2557.6181 1242.0658 1335.9775 8.9861515
3665000 294.08727 -2580.835 1218.101 1267.1209 16.554389
3670000 294.08707 -2562.8598 1240.9831 1307.9764 25.743877
3675000 304.04928 -2552.1009 1270.0555 1436.8941 -5.7283467
3680000 299.03062 -2553.538 1200.265 1320.7875 10.5416
3685000 307.11089 -2587.1389 1252.4694 1411.6482 5.1584482
3690000 296.5363 -2555.3488 1325.2538 1421.6602 -19.581557
3695000 295.57339 -2563.1775 1254.4881 1334.455 -18.637726
3700000 296.84176 -2580.537 1256.1909 1330.1406 13.872634
3705000 306.16804 -2552.9337 1244.1004 1429.053 10.207613
3710000 299.6091 -2579.0188 1205.9694 1306.1841 8.0586188
3715000 300.6272 -2558.5792 1261.6268 1391.3853 -3.914426
3720000 305.96448 -2537.5835 1259.1827 1457.6652 -0.76330982
3725000 295.17074 -2549.6327 1207.3933 1297.3043 5.5143506
3730000 297.99092 -2524.1223 1234.4775 1375.1182 -27.001139
3735000 303.62944 -2554.3482 1232.6396 1393.4764 25.153239
3740000 306.9889 -2513.7593 1235.8928 1467.3603 7.1045407
3745000 303.4431 -2533.5902 1220.6243 1400.5529 12.99098
3750000 299.91414 -2519.2401 1221.904 1384.6251 6.9775445
3755000 300.22147 -2505.9552 1204.1071 1382.8614 -4.4295967
3760000 301.43932 -2519.7459 1266.0318 1441.8859 -13.839028
3765000 306.61963 -2531.5374 1228.7502 1439.1374 -11.353147
3770000 300.55391 -2520.9729 1243.8701 1410.5796 18.811747
3775000 298.02642 -2543.2503 1228.475 1350.3051 -16.418443
3780000 304.91567 -2555.3155 1270.472 1441.8436 -0.94075628
3785000 287.58659 -2545.9309 1249.2823 1275.0744 1.2042022
3790000 302.21095 -2529.2046 1225.4737 1398.7695 -16.00086
3795000 307.89442 -2516.3696 1210.8853 1447.84 9.5381941
3800000 306.92316 -2505.1481 1207.1858 1446.6766 -2.2164647
3805000 295.81715 -2519.6954 1205.481 1331.1098 7.5889597
3810000 299.27672 -2483.9977 1291.4885 1483.752 -15.759302
3815000 293.84057 -2501.8089 1223.6102 1349.4501 17.307445
3820000 301.14822 -2490.8735 1220.4739 1422.5974 7.6445263
3825000 295.21872 -2510.5804 1199.0113 1328.4037 11.160399
3830000 304.90634 -2512.0119 1210.4738 1425.0655 8.8678817
3835000 305.41319 -2497.2263 1248.4381 1482.3479 1.3695322
3840000 292.90048 -2530.8118 1237.3608 1325.7911 7.7886947
3845000 296.83497 -2542.7893 1273.1788 1384.8156 9.4225272
3850000 297.21081 -2492.9346 1219.6746 1384.5269 0.5642295
3855000 304.85812 -2507.1928 1200.2103 1419.1899 5.7574011
3860000 291.76941 -2495.1752 1292.0015 1405.9539 -3.2854651
3865000 299.05353 -2487.7398 1297.7583 1484.2837 21.98114
3870000 299.85004 -2503.6516 1253.3132 1431.0497 -22.993771
3875000 301.96851 -2517.0893 1261.6592 1444.9022 4.6104336
3880000 294.31866 -2532.8756 1224.9506 1323.999 -5.2469258
3885000 298.39856 -2558.6519 1222.7169 1332.4733 -1.1938083
3890000 304.13965 -2542.708 1266.1651 1443.2046 1.9220173
3895000 295.77511 -2515.1227 1199.8922 1329.7178 -20.398765
3900000 301.27846 -2555.4693 1248.1249 1386.8172 6.495986
3905000 295.54008 -2539.863 1254.1605 1357.144 -11.057681
3910000 308.37374 -2545.2956 1249.9967 1462.3118 -8.7743847
3915000 295.72163 -2551.3123 1228.5555 1321.7132 -8.4847275
3920000 295.67444 -2563.8923 1250.4137 1330.5694 -5.0693158
3925000 300.54238 -2557.6845 1270.5591 1400.4539 5.3226268
3930000 305.78971 -2555.7707 1233.7727 1412.5051 17.936924
3935000 296.12463 -2574.7345 1270.0338 1343.3732 -2.7174288
3940000 299.037 -2543.8452 1213.0754 1343.3476 -13.357252
3945000 302.07704 -2570.2133 1250.5985 1381.688 20.663946
3950000 294.24471 -2530.9605 1208.9677 1309.27 8.3206495
3955000 299.74372 -2525.7787 1232.3483 1387.007 13.940096
3960000 295.72814 -2503.7858 1283.3345 1424.077 -2.1883588
3965000 306.97497 -2536.0508 1180.8944 1389.9458 7.0464683
3970000 297.38256 -2516.7564 1250.6945 1393.2609 15.034856
3975000 296.09607 -2512.6191 1264.1169 1399.3163 13.632783
3980000 292.14639 -2508.7899 1198.7449 1302.4537 18.629644
3985000 297.08177 -2539.6294 1269.5108 1386.5144 -21.176298
3990000 292.58673 -2510.1012 1217.4073 1323.7424 -6.0195009
3995000 308.4503 -2506.732 1304.668 1556.2312 -7.8228679
4000000 305.16175 -2525.7034 1215.8383 1419.0225 -16.750509
4005000 297.20979 -2521.2465 1259.7546 1396.2859 5.1070869
4010000 293.99239 -2545.7983 1219.5259 1302.7341 18.631771
4015000 301.40849 -2549.2862 1249.6638 1395.702 23.496513
4020000 303.97985 -2558.761 1210.4121 1369.9696 12.502135
4025000 303.77341 -2559.7637 1226.3444 1383.0532 9.4245414
4030000 302.04034 -2566.4511 1227.1949 1361.7184 8.4227535
4035000 297.70295 -2543.0715 1266.0814 1385.1978 -0.93870045
4040000 304.55064 -2562.5105 1275.2521 1436.1645 3.024352
4045000 300.18043 -2582.6054 1194.0606 1295.7978 16.609736
4050000 304.57656 -2577.1205 1234.1077 1380.6418 26.571238
4055000 308.93358 -2606.8256 1218.456 1374.2474 -3.8997856
4060000 297.35519 -2592.2168 1188.4738 1255.3351 -12.375104
4065000 308.19204 -2611.8569 1232.9897 1377.1185 7.8578444
4070000 300.35234 -2603.3022 1197.1418 1279.7194 3.370209
4075000 299.6218 -2602.5545 1258.2258 1335.0184 6.4782299
4080000 300.02002 -2616.0307 1244.3044 1311.1818 1.6319226
4085000 301.17051 -2633.65 1252.7332 1312.2793 16.807027
4090000 300.7769 -2632.6562 1185.9795 1242.9997 -11.046134
4095000 298.93733 -2669.5236 1247.4583 1251.1609 -6.6637314
4100000 303.91837 -2601.0608 1258.7896 1375.4976 13.310187
4105000 298.05479 -2615.5869 1238.9021 1288.6494 15.84054
4110000 294.71608 -2634.2037 1237.1931 1238.4673 9.6906306
4115000 303.32628 -2658.8903 1218.7295 1272.3132 4.5690655
4120000 306.18401 -2615.7757 1246.3442 1368.5976 3.5338097
4125000 307.12888 -2600.3719 1208.9738 1355.0804 5.1612635
4130000 294.05567 -2620.2254 1223.4865 1232.8334 15.803557
4135000 302.83673 -2621.5071 1230.5378 1317.127 2.9206383
4140000 301.84038 -2635.3874 1227.3465 1291.1457 -11.622567
4145000 303.56138 -2642.1206 1217.7255 1290.1814 4.6831171
4150000 295.18134 -2603.9113 1225.0064 1260.7336 21.837606
4155000 295.19753 -2629.8929 1287.545 1297.4354 25.381009
4160000 297.1131 -2627.3092 1277.8929 1307.4968 -1.0546707
4165000 300.77777 -2612.5316 1269.9463 1347.0989 -7.4742176
4170000 295.01912 -2626.5118 1255.3547 1267.0308 1.3196939
4175000 298.96479 -2616.971 1217.2806 1273.7814 -4.4044314
4180000 304.0709 -2635.3934 1248.8123 1332.5517 -16.984058
4185000 295.05129 -2611.737 1203.4165 1230.1551 -7.9560108
4190000 309.70306 -2616.647 1284.6403 1437.4913 28.361077
4195000 294.74037 -2642.5518 1245.6063 1238.7496 32.782742
4200000 296.64313 -2621.0877 1199.0737 1230.6965 -1.7860813
4205000 291.98874 -2615.6762 1263.5732 1258.9859 9.5951257
4210000 301.4223 -2617.1226 1267.7867 1346.1119 21.498725
4215000 301.6726 -2646.0349 1210.7099 1262.3612 25.799926
4220000 304.09807 -2629.1411 1239.0484 1329.283 -1.7762932
4225000 298.01157 -2612.0178 1211.2273 1264.1572 0.82946688
4230000 301.17992 -2636.4346 1222.4494 1279.2952 7.2842945
4235000 301.75284 -2630.3356 1207.7362 1275.8043 -2.7428698
4240000 302.74628 -2636.9536 1277.7003 1348.0341 8.2400077
4245000 300.69725 -2617.109 1256.708 1328.5631 -3.8052119
4250000 295.64687 -2585.4556 1247.5547 1305.9005 9.4216468
4255000 303.70165 -2606.6973 1232.2751 1341.4087 -5.3534435
4260000 303.31033 -2606.0581 1247.2197 1353.4931 4.3683693
4265000 296.80985 -2609.5618 1242.6213 1287.2609 -10.680635
4270000 297.98333 -2611.1785 1222.0046 1275.5213 -28.268972
4275000 301.11433 -2605.3623 1198.4278 1285.7594 -7.43697
4280000 299.65588 -2606.5753 1227.6616 1300.738 17.741354
4285000 303.85617 -2597.5459 1266.2957 1385.9624 -4.6015338
4290000 293.23663 -2603.4121 1235.7716 1254.6076 -12.771791
4295000 303.64991 -2589.1542 1156.4353 1282.6492 19.040557
4300000 301.12666 -2601.6493 1215.6829 1306.8377 -5.0290786
4305000 294.07561 -2612.537 1233.701 1250.9145 13.286803
4310000 306.58129 -2613.1259 1239.8706 1368.3264 -8.036498
4315000 303.11273 -2623.8976 1245.8798 1332.5466 -7.6544764
4320000 300.22935 -2605.7953 1184.1622 1263.1469 5.0145026
4325000 301.58816 -2591.7967 1267.3556 1372.49 -16.926612
4330000 296.55519 -2605.1482 1267.5246 1314.3005 6.455609
4335000 296.09009 -2605.7467 1209.1606 1251.1788 3.2078846
4340000 298.26667 -2593.6862 1230.462 1304.0047 -19.651075
4345000 286.60439 -2603.6564 1225.9218 1185.2052 19.775867
4350000 303.61221 -2600.7891 1228.3615 1342.6034 5.3106166
4355000 303.94268 -2596.1999 1235.3403 1357.1266 1.2137439
4360000 305.29464 -2563.0895 1222.0803 1389.0668 -9.0219961
4365000 294.3443 -2579.1198 1238.2185 1291.252 -4.5688356
4370000 302.2165 -2571.7015 1255.9981 1386.8465 -18.537138
4375000 299.25189 -2602.6751 1191.7823 1265.1463 9.3317506
4380000 298.4053 -2571.721 1225.4043 1322.1519 20.657312
4385000 300.02382 -2591.8405 1219.5328 1310.6343 0.69674379
4390000 302.39926 -2593.4733 1217.5993 1328.3103 0.95444363
4395000 303.18454 -2579.5185 1198.5219 1330.2099 14.02181
4400000 298.51645 -2625.874 1172.2003 1215.7888 19.590269
4405000 297.62497 -2589.0103 1258.0694 1330.5496 0.58290459
4410000 300.05446 -2605.6849 1248.4148 1325.9459 26.152326
4415000 297.22681 -2612.0547 1233.95 1279.8253 -5.6741077
4420000 307.52712 -2598.2745 1295.4208 1447.186 -7.9533669
4425000 300.56585 -2640.7064 1249.6522 1296.7349 -21.513923
4430000 302.06266 -2618.1277 1254.6461 1337.6926 2.3254103
4435000 299.39399 -2611.2086 1213.1742 1279.2754 22.210065
4440000 293.50394 -2594.6726 1240.2611 1270.227 -9.3888959
4445000 293.06092 -2600.8054 1215.5701 1235.4415 10.98833
4450000 304.26188 -2572.2569 1233.5561 1382.1399 14.291394
4455000 296.94625 -2591.2172 1250.9484 1315.1524 29.776738
4460000 298.58894 -2616.5722 1203.1158 1256.6544 14.648012
4465000 308.22278 -2620.839 1246.7195 1382.1411 -12.599576
4470000 300.95856 -2588.5077 1260.5926 1363.3857 22.215215
4475000 306.52527 -2627.0556 1264.5971 1378.6223 16.371039
4480000 299.55252 -2576.2982 1192.1862 1294.6154 11.441039
4485000 294.79185 -2571.6283 1282.6676 1347.1949 9.5873245
4490000 307.66478 -2559.2195 1231.5296 1423.5809 -1.5197897
4495000 302.56297 -2551.9774 1216.6478 1370.3187 13.296775
4500000 300.42633 -2563.1608 1227.4173 1350.798 -14.212887
4505000 305.48856 -2550.6758 1251.0414 1432.1757 14.447479
4510000 285.95153 -2542.6762 1248.3572 1262.7826 -4.5171442
4515000 304.96021 -2544.1071 1201.4113 1384.3896 10.085159
4520000 300.41686 -2526.7055 1243.1213 1402.8725 37.776768
4525000 308.23697 -2501.6161 1271.9192 1526.6906 7.4983753
4530000 300.63042 -2490.7716 1215.575 1413.1699 0.11002312
4535000 301.96624 -2517.0199 1272.0581 1455.3501 -7.5488158
4540000 304.96048 -2535.8453 1255.4794 1446.7218 13.072995
4545000 301.37805 -2560.4608 1199.9589 1334.5502 4.4523832
4550000 299.25937 -2507.8784 1237.0441 1405.2718 -10.131897
4555000 303.98449 -2505.966 1242.1421 1454.5362 12.284201
4560000 298.1696 -2510.408 1211.2748 1367.2276 20.392995
4565000 302.5686 -2545.0832 1248.6806 1409.296 20.587701
4570000 301.37247 -2530.1007 1242.3959 1407.2974 -9.9860157
4575000 290.54988 -2514.5789 1239.9948 1323.6379 0.31662369
4580000 298.57827 -2478.8177 1275.7587 1466.9563 5.1226542
4585000 298.00733 -2426.2124 1236.4521 1475.1494 15.325164
4590000 299.08722 -2484.1722 1249.7302 1440.1246 20.410021
4595000 297.23044 -2480.7391 1241.5662 1418.7895 -3.009872
4600000 299.58304 -2489.8949 1278.2942 1467.3996 -9.6129082
4605000 301.35991 -2491.0968 1226.2937 1430.0868 -1.3127585
4610000 300.06123 -2477.5823 1240.446 1446.1403 -4.7490596
4615000 297.4828 -2504.3258 1240.2335 1396.1268 -6.3345474
4620000 297.67401 -2530.4875 1198.1943 1329.6358 -1.0053087
4625000 298.47148 -2502.6367 1249.1981 1415.6217 15.143006
4630000 306.23773 -2496.971 1283.3133 1524.8519 -5.0663835
4635000 301.22399 -2468.6904 1225.811 1450.7951 21.888245
4640000 297.59752 -2499.0932 1251.6037 1413.7555 13.260977
4645000 302.45146 -2494.4074 1240.2997 1450.5434 15.701435
4650000 293.72385 -2508.2702 1255.9785 1374.3133 -7.4014963
4655000 297.8839 -2491.8098 1270.4767 1442.4729 -2.7719711
4660000 307.40337 -2512.9986 1243.2072 1479.1418 -6.6038315
4665000 299.19063 -2529.5881 1223.5616 1369.4648 5.0560744
4670000 299.03488 -2536.722 1245.0074 1382.384 -10.935953
4675000 300.19086 -2558.4458 1256.3394 1382.3294 7.8223061
4680000 295.32451 -2554.725 1263.1304 1349.3242 3.8402637
4685000 298.59507 -2544.183 1221.8709 1347.8535 14.971114
4690000 295.61214 -2540.6545 1254.156 1356.9924 2.2983608
4695000 301.42857 -2501.0003 1242.1694 1436.6731 -1.337672
4700000 297.62264 -2522.7949 1268.6651 1407.3399 16.965516
4705000 296.47518 -2496.6976 1222.898 1377.409 12.298988
4710000 302.43797 -2489.8801 1243.6587 1458.309 2.0414477
4715000 296.78595 -2502.6229 1230.2701 1381.6349 -10.951618
4720000 305.74977 -2514.4459 1241.5918 1461.2919 3.1858167
4725000 298.19962 -2518.1036 1238.5753 1387.1011 -17.685861
4730000 304.8285 -2526.7371 1284.8474 1484.0178 -6.0532332
4735000 307.58391 -2500.2086 1251.8438 1502.1828 1.2628911
4740000 297.08485 -2508.9005 1219.3425 1367.1025 21.190787
4745000 302.03203 -2548.4922 1208.9082 1361.3163 -7.6806776
4750000 288.45771 -2537.5066 1202.5978 1244.6041 -3.5608551
4755000 293.43187 -2530.5354 1291.8159 1385.2745 -8.6679637
4760000 300.30834 -2503.7811 1284.3741 1466.0795 12.641527
4765000 294.4402 -2534.4859 1282.7458 1381.2708 12.721632
4770000 303.21978 -2528.1411 1223.9161 1407.2967 25.026654
4775000 298.27773 -2488.3474 1206.4001 1385.3804 -11.835842
4780000 291.99612 -2477.0305 1232.81 1366.9344 -20.988105
4785000 300.35162 -2538.1491 1188.4596 1336.1839 4.2146242
4790000 297.60869 -2526.594 1226.4873 1361.2382 -17.443883
4795000 304.23268 -2527.4836 1245.7178 1438.8137 19.346501
4800000 302.03519 -2565.6951 1234.842 1370.0755 0.90321882
4805000 299.02962 -2533.1452 1255.7913 1396.6976 34.159019
4810000 298.69069 -2522.1774 1246.5949 1395.4381 4.7072808
4815000 295.32021 -2551.7903 1221.7091 1310.7992 -10.351069
4820000 303.06197 -2543.2004 1200.1346 1367.0447 -4.282913
4825000 299.56607 -2535.4857 1272.3198 1415.6828 12.591857
4830000 293.04284 -2518.4607 1263.7192 1365.7736 -14.455801
4835000 301.33177 -2509.6214 1253.4968 1438.5137 4.2227497
4840000 302.17409 -2522.8716 1253.7599 1433.0589 4.9576293
4845000 310.57762 -2486.267 1214.3153 1505.3671 14.658491
4850000 296.54663 -2516.0431 1226.1897 1361.994 23.184502
4855000 291.25819 -2514.6033 1238.6353 1328.5881 2.3028586
4860000 299.69721 -2523.2512 1215.2837 1372.0539 0.69367924
4865000 298.11398 -2547.2783 1262.9252 1381.5104 -4.4847803
4870000 304.03936 -2513.4453 1241.8056 1447.211 4.3141273
4875000 296.55466 -2536.5869 1220.5725 1335.905 -20.222351
4880000 302.98057 -2520.7129 1236.9458 1425.6155 -5.0685021
4885000 299.34606 -2549.0712 1219.2232 1347.0333 -2.0354766
4890000 296.5515 -2541.4004 1170.6161 1281.1068 28.47618
4895000 304.7375 -2522.338 1207.4644 1410.2202 -3.3788116
4900000 307.33208 -2534.3228 1252.762 1466.7349 -12.706869
4905000 302.15587 -2515.0629 1233.6032 1420.5481 -6.7356953
4910000 309.99338 -2541.751 1206.1216 1436.4647 1.8580199
4915000 298.51442 -2550.238 1220.4934 1339.6996 11.830652
4920000 297.25943 -2543.5943 1218.2866 1332.914 1.5969472
4925000 295.25562 -2547.0301 1264.5528 1357.8254 -3.5191025
4930000 294.54585 -2582.3185 1243.0819 1294.7191 10.510791
4935000 304.16441 -2612.7378 1235.4764 1342.7077 13.655278
4940000 317.42453 -2598.5996 1220.4485 1460.3956 -18.832094
4945000 291.4191 -2570.8927 1208.5379 1243.6402 -10.910019
4950000 296.8726 -2588.8309 1213.4073 1279.3389 1.0398978
4955000 297.92313 -2594.6856 1252.3123 1321.7834 -9.1599602
4960000 303.0796 -2583.8371 1207.3598 1333.7909 -9.8567789
4965000 292.289 -2595.1121 1226.2379 1244.8998 7.6733832
4970000 300.18762 -2575.0335 1206.2289 1315.6022 -4.6587708
4975000 296.47527 -2604.7282 1295.0053 1341.4865 -6.4745241
4980000 293.66792 -2564.1444 1254.0627 1316.0232 -6.3693589
4985000 300.97282 -2571.5874 1239.2321 1359.0731 5.7865244
4990000 296.65321 -2550.39 1212.848 1315.2587 9.0090338
4995000 301.17537 -2566.4541 1238.285 1365.0706 -7.4213663
5000000 298.67951 -2543.0547 1245.5654 1373.4313 -0.025633466
5005000 301.90108 -2567.7556 1227.6641 1359.6377 4.9392456
5010000 300.21964 -2566.9998 1270.5456 1388.2389 21.074716
