timestep c_coords
10000 38
15000 61
20000 80
25000 105
30000 122
35000 133
40000 148
45000 159
50000 166
55000 176
60000 185
65000 200
70000 206
75000 215
80000 222
85000 226
90000 231
95000 238
100000 241
105000 247
110000 251
115000 253
120000 259
125000 264
130000 264
135000 265
140000 268
145000 272
150000 274
155000 274
160000 274
165000 277
170000 275
175000 277
180000 280
185000 281
190000 280
195000 283
200000 285
205000 285
210000 293
215000 291
220000 290
225000 291
230000 290
235000 294
240000 300
245000 305
250000 306
255000 303
260000 304
265000 304
270000 303
275000 303
280000 305
285000 305
290000 306
295000 308
300000 307
305000 308
310000 309
315000 308
320000 308
325000 308
330000 308
335000 306
340000 304
345000 304
350000 303
355000 303
360000 304
365000 304
370000 303
375000 304
380000 306
385000 305
390000 307
395000 306
400000 307
405000 307
410000 307
415000 308
420000 310
425000 309
430000 311
435000 311
440000 315
445000 314
450000 313
455000 316
460000 316
465000 316
470000 319
475000 316
480000 315
485000 314
490000 314
495000 314
500000 315
505000 316
510000 316
515000 319
520000 319
525000 320
530000 319
535000 319
540000 319
545000 320
550000 316
555000 315
560000 313
565000 313
570000 312
575000 314
580000 313
585000 316
590000 316
595000 314
600000 316
605000 316
610000 313
615000 315
620000 317
625000 314
630000 315
635000 316
640000 316
645000 317
650000 317
655000 318
660000 318
665000 317
670000 316
675000 316
680000 314
685000 316
690000 312
695000 312
700000 311
705000 311
710000 314
715000 314
720000 313
725000 310
730000 310
735000 306
740000 303
745000 306
750000 309
755000 309
760000 309
765000 310
770000 309
775000 312
780000 311
785000 314
790000 313
795000 315
800000 315
805000 315
810000 315
815000 315
820000 316
825000 314
830000 314
835000 313
840000 312
845000 313
850000 312
855000 312
860000 311
865000 310
870000 312
875000 312
880000 313
885000 314
890000 314
895000 313
900000 313
905000 312
910000 311
915000 315
920000 314
925000 315
930000 316
935000 316
940000 316
945000 315
950000 315
955000 316
960000 317
965000 316
970000 318
975000 319
980000 315
985000 316
990000 313
995000 312
1000000 311
1005000 315
1010000 315
1015000 315
1020000 315
1025000 315
1030000 314
1035000 314
1040000 314
1045000 314
1050000 315
1055000 312
1060000 312
1065000 314
1070000 314
1075000 313
1080000 311
1085000 312
1090000 312
1095000 313
1100000 315
1105000 314
1110000 314
1115000 313
1120000 311
1125000 311
1130000 311
1135000 313
1140000 313
1145000 312
1150000 313
1155000 316
1160000 313
1165000 313
1170000 317
1175000 319
1180000 319
1185000 317
1190000 316
1195000 316
1200000 315
1205000 315
1210000 313
1215000 316
1220000 317
1225000 318
1230000 317
1235000 318
1240000 318
1245000 319
1250000 317
1255000 317
1260000 318
1265000 320
1270000 322
1275000 323
1280000 325
1285000 324
1290000 323
1295000 323
1300000 317
1305000 320
1310000 319
1315000 316
1320000 315
1325000 315
1330000 318
1335000 318
1340000 319
1345000 321
1350000 320
1355000 320
1360000 320
1365000 322
1370000 319
1375000 318
1380000 317
1385000 316
1390000 317
1395000 316
1400000 318
1405000 316
1410000 318
1415000 318
1420000 317
1425000 318
1430000 321
1435000 321
1440000 322
1445000 322
1450000 321
1455000 317
1460000 316
1465000 316
1470000 311
1475000 311
1480000 311
1485000 309
1490000 313
1495000 313
1500000 316
1505000 316
1510000 316
1515000 320
1520000 322
1525000 319
1530000 318
1535000 317
1540000 320
1545000 319
1550000 316
1555000 318
1560000 312
1565000 315
1570000 312
1575000 312
1580000 315
1585000 314
1590000 313
1595000 308
1600000 309
1605000 310
1610000 306
1615000 306
1620000 306
1625000 307
1630000 309
1635000 312
1640000 310
1645000 308
1650000 307
1655000 307
1660000 308
1665000 311
1670000 310
1675000 313
1680000 311
1685000 308
1690000 311
1695000 309
1700000 311
1705000 310
1710000 311
1715000 310
1720000 310
1725000 315
1730000 314
1735000 318
1740000 319
1745000 320
1750000 319
1755000 318
1760000 319
1765000 320
1770000 320
1775000 322
1780000 321
1785000 320
1790000 319
1795000 320
1800000 319
1805000 321
1810000 321
1815000 326
1820000 322
1825000 322
1830000 322
1835000 323
1840000 323
1845000 323
1850000 321
1855000 321
1860000 319
1865000 318
1870000 318
1875000 317
1880000 315
1885000 313
1890000 315
1895000 317
1900000 317
1905000 316
1910000 317
1915000 316
1920000 315
1925000 315
1930000 318
1935000 319
1940000 318
1945000 317
1950000 315
1955000 312
1960000 313
1965000 315
1970000 316
1975000 316
1980000 314
1985000 316
1990000 317
1995000 315
2000000 317
2005000 318
2010000 317
2015000 317
2020000 318
2025000 319
2030000 319
2035000 317
2040000 318
2045000 317
2050000 317
2055000 318
2060000 315
2065000 315
2070000 312
2075000 315
2080000 316
2085000 315
2090000 315
2095000 313
2100000 313
2105000 311
2110000 312
2115000 312
2120000 313
2125000 315
2130000 318
2135000 317
2140000 313
2145000 313
2150000 314
2155000 314
2160000 313
2165000 313
2170000 312
2175000 314
2180000 317
2185000 317
2190000 318
2195000 320
2200000 321
2205000 323
2210000 322
2215000 322
2220000 322
2225000 324
2230000 324
2235000 325
2240000 323
2245000 326
2250000 325
2255000 325
2260000 324
2265000 326
2270000 325
2275000 323
2280000 322
2285000 323
2290000 322
2295000 318
2300000 319
2305000 319
2310000 319
2315000 318
2320000 318
2325000 322
2330000 320
2335000 319
2340000 320
2345000 321
2350000 320
2355000 319
2360000 321
2365000 318
2370000 317
2375000 316
2380000 315
2385000 316
2390000 317
2395000 318
2400000 319
2405000 321
2410000 319
2415000 318
2420000 319
2425000 318
2430000 317
2435000 318
2440000 319
2445000 317
2450000 315
2455000 318
2460000 317
2465000 318
2470000 317
2475000 315
2480000 316
2485000 320
2490000 318
2495000 318
2500000 317
2505000 318
2510000 319
2515000 319
2520000 319
2525000 316
2530000 315
2535000 315
2540000 316
2545000 317
2550000 319
2555000 317
2560000 316
2565000 318
2570000 318
2575000 318
2580000 316
2585000 317
2590000 316
2595000 317
2600000 318
2605000 316
2610000 317
2615000 315
2620000 315
2625000 317
2630000 316
2635000 315
2640000 315
2645000 315
2650000 314
2655000 314
2660000 314
2665000 313
2670000 312
2675000 312
2680000 312
2685000 313
2690000 316
2695000 314
2700000 320
2705000 318
2710000 317
2715000 316
2720000 318
2725000 316
2730000 317
2735000 317
2740000 315
2745000 313
2750000 313
2755000 315
2760000 317
2765000 318
2770000 318
2775000 319
2780000 316
2785000 316
2790000 313
2795000 312
2800000 312
2805000 315
2810000 316
2815000 316
2820000 317
2825000 318
2830000 317
2835000 315
2840000 316
2845000 313
2850000 311
2855000 312
2860000 312
2865000 313
2870000 309
2875000 310
2880000 309
2885000 308
2890000 304
2895000 305
2900000 304
2905000 304
2910000 307
2915000 310
2920000 309
2925000 309
2930000 311
2935000 308
2940000 308
2945000 310
2950000 308
2955000 311
2960000 312
2965000 314
2970000 315
2975000 315
2980000 314
2985000 315
2990000 315
2995000 315
3000000 318
3005000 318
3010000 322
3015000 319
3020000 321
3025000 320
3030000 319
3035000 320
3040000 317
3045000 314
3050000 313
3055000 316
3060000 313
3065000 312
3070000 312
3075000 316
3080000 316
3085000 314
3090000 316
3095000 318
3100000 318
3105000 315
3110000 317
3115000 318
3120000 320
3125000 319
3130000 322
3135000 320
3140000 318
3145000 316
3150000 319
3155000 320
3160000 320
3165000 321
3170000 317
3175000 319
3180000 319
3185000 317
3190000 317
3195000 315
3200000 313
3205000 313
3210000 316
3215000 317
3220000 316
3225000 320
3230000 318
3235000 318
3240000 316
3245000 318
3250000 315
3255000 316
3260000 314
3265000 316
3270000 317
3275000 318
3280000 320
3285000 319
3290000 319
3295000 319
3300000 316
3305000 317
3310000 316
3315000 313
3320000 312
3325000 312
3330000 314
3335000 314
3340000 316
3345000 314
3350000 314
3355000 312
3360000 312
3365000 312
3370000 312
3375000 314
3380000 313
3385000 313
3390000 315
3395000 314
3400000 313
3405000 312
3410000 310
3415000 308
3420000 307
3425000 307
3430000 306
3435000 311
3440000 311
3445000 310
3450000 312
3455000 315
3460000 316
3465000 315
3470000 312
3475000 315
3480000 315
3485000 313
3490000 312
3495000 314
3500000 315
3505000 315
3510000 315
3515000 315
3520000 314
3525000 314
3530000 312
3535000 313
3540000 312
3545000 310
3550000 311
3555000 311
3560000 307
3565000 309
3570000 309
3575000 313
3580000 312
3585000 312
3590000 313
3595000 310
3600000 308
3605000 310
3610000 307
3615000 307
3620000 309
3625000 311
3630000 312
3635000 311
3640000 311
3645000 312
3650000 312
3655000 314
3660000 314
3665000 315
3670000 314
3675000 315
3680000 314
3685000 315
3690000 318
3695000 316
3700000 316
3705000 316
3710000 312
3715000 314
3720000 316
3725000 317
3730000 317
3735000 319
3740000 318
3745000 316
3750000 316
3755000 316
3760000 316
3765000 317
3770000 316
3775000 318
3780000 318
3785000 317
3790000 315
3795000 316
3800000 314
3805000 312
3810000 312
3815000 311
3820000 312
3825000 310
3830000 311
3835000 313
3840000 314
3845000 314
3850000 315
3855000 316
3860000 316
3865000 316
3870000 317
3875000 315
3880000 313
3885000 314
3890000 314
3895000 313
3900000 314
3905000 315
3910000 311
3915000 310
3920000 310
3925000 311
3930000 310
3935000 309
3940000 310
3945000 308
3950000 310
3955000 310
3960000 307
3965000 311
3970000 312
3975000 312
3980000 311
3985000 312
3990000 311
3995000 312
4000000 310
4005000 312
4010000 311
4015000 312
4020000 311
4025000 311
4030000 312
4035000 311
4040000 311
4045000 312
4050000 313
4055000 311
4060000 312
4065000 310
4070000 312
4075000 312
4080000 313
4085000 312
4090000 313
4095000 316
4100000 314
4105000 312
4110000 312
4115000 312
4120000 311
4125000 312
4130000 310
4135000 309
4140000 310
4145000 311
4150000 313
4155000 315
4160000 315
4165000 315
4170000 318
4175000 318
4180000 317
4185000 319
4190000 318
4195000 316
4200000 318
4205000 316
4210000 318
4215000 316
4220000 316
4225000 317
4230000 318
4235000 320
4240000 319
4245000 319
4250000 314
4255000 315
4260000 316
4265000 317
4270000 316
4275000 318
4280000 318
4285000 315
4290000 315
4295000 318
4300000 318
4305000 317
4310000 317
4315000 315
4320000 316
4325000 316
4330000 318
4335000 315
4340000 316
4345000 317
4350000 316
4355000 316
4360000 319
4365000 315
4370000 313
4375000 314
4380000 310
4385000 311
4390000 309
4395000 312
4400000 313
4405000 316
4410000 316
4415000 317
4420000 317
4425000 317
4430000 318
4435000 319
4440000 319
4445000 318
4450000 319
4455000 317
4460000 316
4465000 316
4470000 314
4475000 315
4480000 314
4485000 311
4490000 311
4495000 310
4500000 313
4505000 315
4510000 316
4515000 318
4520000 319
4525000 321
4530000 319
4535000 317
4540000 316
4545000 316
4550000 315
4555000 314
4560000 314
4565000 317
4570000 315
4575000 315
4580000 315
4585000 312
4590000 311
4595000 311
4600000 310
4605000 309
4610000 307
4615000 306
4620000 306
4625000 308
4630000 310
4635000 311
4640000 312
4645000 311
4650000 310
4655000 311
4660000 313
4665000 314
4670000 314
4675000 313
4680000 311
4685000 314
4690000 313
4695000 314
4700000 315
4705000 312
4710000 310
4715000 311
4720000 313
4725000 314
4730000 312
4735000 310
4740000 310
4745000 308
4750000 306
4755000 308
4760000 307
4765000 307
4770000 309
4775000 310
4780000 308
4785000 307
4790000 305
4795000 306
4800000 304
4805000 303
4810000 305
4815000 309
4820000 310
4825000 308
4830000 309
4835000 309
4840000 308
4845000 310
4850000 311
4855000 311
4860000 311
4865000 313
4870000 314
4875000 315
4880000 316
4885000 315
4890000 315
4895000 314
4900000 317
4905000 317
4910000 317
4915000 314
4920000 317
4925000 314
4930000 313
4935000 313
4940000 314
4945000 312
4950000 313
4955000 314
4960000 315
4965000 316
4970000 317
4975000 317
4980000 312
4985000 311
4990000 311
4995000 316
5000000 319
5005000 321
5010000 319
