2485000 269
2510000 267
2535000 264
2560000 265
2585000 264
2610000 269
2635000 269
2660000 268
2685000 270
2710000 267
2735000 269
2760000 268
2785000 266
2810000 266
2835000 267
2860000 266
2885000 267
2910000 266
2935000 269
2960000 273
2985000 275
3010000 277
3035000 273
3060000 273
3085000 270
3110000 265
3135000 262
3160000 266
3185000 265
3210000 267
3235000 269
3260000 265
3285000 263
3310000 258
3335000 257
3360000 254
3385000 254
3410000 253
3435000 254
3460000 255
3485000 259
3510000 257
3535000 257
3560000 258
3585000 259
3610000 262
3635000 262
3660000 269
3685000 269
3710000 269
3735000 264
3760000 265
3785000 266
3810000 265
3835000 268
3860000 266
3885000 267
3910000 267
3935000 263
3960000 265
3985000 267
4010000 265
4035000 265
4060000 264
4085000 263
4110000 266
4135000 265
4160000 264
4185000 264
4210000 266
4235000 266
4260000 265
4285000 266
4310000 261
4335000 260
4360000 260
4385000 259
4410000 256
4435000 258
4460000 256
4485000 258
4510000 258
4535000 258
4560000 256
4585000 258
4610000 257
4635000 259
4660000 257
4685000 256
4710000 255
4735000 256
4760000 256
4785000 256
4810000 257
4835000 253
4860000 254
4885000 256
4910000 256
4935000 261
4960000 261
4985000 263
5010000 265
5035000 264
5060000 262
5085000 263
5110000 263
5135000 265
5160000 265
5185000 263
5210000 265
5235000 266
5260000 264
5285000 266
5310000 266
5335000 263
5360000 262
5385000 262
5410000 259
5435000 257
5460000 258
5485000 260
5510000 262
5535000 261
5560000 259
5585000 263
5610000 263
5635000 260
5660000 261
5685000 262
5710000 263
5735000 266
5760000 267
5785000 267
5810000 268
5835000 266
5860000 261
5885000 265
5910000 261
5935000 257
5960000 255
5985000 253
6010000 255
6035000 256
6060000 259
6085000 260
6110000 262
6135000 269
6160000 270
6185000 273
6210000 272
6235000 270
6260000 267
6285000 263
6310000 262
6335000 261
6360000 262
6385000 261
6410000 261
6435000 262
6460000 264
6485000 262
6510000 260
6535000 260
6560000 261
6585000 261
6610000 265
6635000 263
6660000 262
6685000 261
6710000 262
6735000 266
6760000 269
6785000 272
6810000 272
6835000 270
6860000 269
6885000 270
6910000 274
6935000 275
6960000 275
6985000 275
7010000 274
7035000 273
7060000 269
7085000 272
7110000 272
7135000 268
7160000 267
7185000 267
7210000 269
7235000 267
7260000 267
7285000 265
7310000 265
7335000 262
7360000 263
7385000 263
7410000 262
7435000 262
7460000 263
7485000 264
7510000 265
7535000 263
7560000 265
7585000 265
7610000 268
7635000 266
7660000 267
7685000 270
7710000 270
7735000 270
7760000 273
7785000 271
7810000 268
7835000 264
7860000 265
7885000 266
7910000 265
7935000 264
7960000 262
7985000 263
8010000 263
8035000 261
8060000 261
8085000 263
8110000 264
8135000 268
8160000 272
8185000 269
8210000 266
8235000 264
8260000 267
8285000 265
8310000 268
8335000 268
8360000 268
8385000 265
8410000 265
8435000 268
8460000 267
8485000 269
8510000 270
8535000 267
8560000 267
8585000 265
8610000 265
8635000 262
8660000 262
8685000 261
8710000 263
8735000 264
8760000 266
8785000 266
8810000 266
8835000 267
8860000 266
8885000 264
8910000 264
8935000 265
8960000 265
8985000 266
9010000 266
9035000 268
9060000 268
9085000 269
9110000 269
9135000 269
9160000 270
9185000 270
9210000 271
9235000 268
9260000 268
9285000 271
9310000 269
9335000 266
9360000 267
9385000 269
9410000 266
9435000 266
9460000 266
9485000 265
9510000 261
9535000 263
9560000 263
9585000 266
9610000 265
9635000 261
9660000 262
9685000 260
9710000 257
9735000 255
9760000 256
9785000 260
9810000 262
9835000 263
9860000 260
9885000 256
9910000 257
9935000 259
9960000 260
9985000 263
10010000 262
10035000 264
10060000 266
10085000 268
10110000 268
10135000 271
10160000 274
10185000 272
10210000 272
10235000 272
10260000 273
10285000 271
10310000 271
10335000 269
10360000 265
10385000 265
10410000 267
10435000 268
10460000 268
10485000 267
10510000 270
10535000 269
10560000 266
10585000 265
10610000 266
10635000 265
10660000 264
10685000 261
10710000 261
10735000 263
10760000 261
10785000 263
10810000 262
10835000 263
10860000 264
10885000 266
10910000 262
10935000 262
10960000 262
10985000 262
11010000 264
11035000 266
11060000 270
11085000 272
11110000 271
11135000 268
11160000 267
11185000 268
11210000 266
11235000 270
11260000 268
11285000 272
11310000 269
11335000 267
11360000 266
11385000 267
11410000 264
11435000 266
11460000 265
11485000 263
11510000 263
11535000 267
11560000 266
11585000 265
11610000 265
11635000 262
11660000 263
11685000 263
11710000 262
11735000 264
11760000 263
11785000 259
11810000 261
11835000 263
11860000 262
11885000 261
11910000 261
11935000 259
11960000 262
11985000 264
12010000 261
12035000 263
12060000 259
12085000 262
12110000 264
12135000 264
12160000 264
12185000 264
12210000 262
12235000 260
12260000 255
12285000 256
12310000 260
12335000 262
12360000 262
12385000 261
12410000 261
12435000 264
12460000 264
12485000 267
12510000 265
12535000 263
12560000 265
12585000 270
12610000 268
12635000 266
12660000 264
12685000 267
12710000 267
12735000 265
12760000 267
12785000 266
12810000 263
12835000 264
12860000 259
12885000 259
12910000 259
12935000 259
12960000 256
12985000 255
13010000 256
13035000 255
13060000 253
13085000 258
13110000 257
13135000 255
13160000 252
13185000 255
13210000 255
13235000 256
13260000 257
13285000 255
13310000 255
13335000 256
13360000 258
13385000 258
13410000 257
13435000 261
13460000 260
13485000 259
13510000 259
13535000 254
13560000 255
13585000 257
13610000 259
13635000 262
13660000 262
13685000 262
13710000 262
13735000 260
13760000 262
13785000 262
13810000 260
13835000 257
13860000 258
13885000 259
13910000 261
13935000 258
13960000 257
13985000 262
14010000 262
14035000 261
14060000 260
14085000 259
14110000 263
14135000 260
14160000 258
14185000 262
14210000 266
14235000 267
14260000 270
14285000 269
14310000 264
14335000 265
14360000 266
14385000 268
14410000 265
14435000 263
14460000 264
14485000 261
14510000 263
14535000 260
14560000 258
14585000 261
14610000 262
14635000 262
14660000 264
14685000 266
14710000 264
14735000 266
14760000 269
14785000 265
14810000 260
14835000 261
14860000 262
14885000 262
14910000 261
14935000 262
14960000 264
14985000 265
15010000 265
15035000 266
15060000 261
15085000 263
15110000 261
15135000 261
15160000 263
15185000 261
15210000 260
15235000 262
15260000 260
15285000 263
15310000 265
15335000 266
15360000 265
15385000 263
15410000 265
15435000 266
15460000 267
15485000 267
15510000 263
15535000 260
15560000 260
15585000 261
15610000 263
15635000 266
15660000 263
15685000 261
15710000 258
15735000 256
15760000 258
15785000 261
15810000 260
15835000 258
15860000 256
15885000 257
15910000 259
15935000 259
15960000 258
15985000 259
16010000 262
16035000 263
16060000 268
16085000 267
16110000 266
16135000 266
16160000 266
16185000 264
16210000 264
16235000 267
16260000 268
16285000 265
16310000 266
16335000 265
16360000 265
16385000 266
16410000 264
16435000 263
16460000 264
16485000 262
16510000 262
16535000 260
16560000 265
16585000 264
16610000 263
16635000 259
16660000 261
16685000 258
16710000 259
16735000 262
16760000 263
16785000 262
16810000 263
16835000 261
16860000 260
16885000 264
16910000 263
16935000 263
16960000 263
16985000 265
17010000 262
17035000 263
17060000 262
17085000 262
17110000 263
17135000 261
17160000 260
17185000 264
17210000 268
17235000 268
17260000 267
17285000 269
17310000 268
17335000 267
17360000 264
17385000 268
17410000 267
17435000 270
17460000 267
17485000 267
17510000 268
17535000 266
17560000 264
17585000 265
17610000 265
17635000 268
17660000 266
17685000 266
17710000 269
17735000 267
17760000 267
17785000 266
17810000 265
17835000 269
17860000 271
17885000 268
17910000 270
17935000 268
17960000 267
17985000 270
18010000 269
18035000 269
18060000 272
18085000 270
18110000 266
18135000 265
18160000 267
18185000 265
18210000 267
18235000 266
18260000 262
18285000 261
18310000 263
18335000 267
18360000 263
18385000 261
18410000 261
18435000 263
18460000 262
18485000 262
18510000 261
18535000 260
18560000 262
18585000 261
18610000 264
18635000 264
18660000 265
18685000 263
18710000 265
18735000 266
18760000 267
18785000 266
18810000 267
18835000 267
18860000 268
18885000 268
18910000 269
18935000 268
18960000 269
18985000 270
19010000 268
19035000 267
19060000 267
19085000 267
19110000 272
19135000 270
19160000 269
19185000 269
19210000 271
19235000 271
19260000 270
19285000 267
19310000 268
19335000 269
19360000 269
19385000 265
19410000 265
19435000 266
19460000 265
19485000 263
19510000 263
19535000 264
19560000 264
19585000 264
19610000 261
19635000 260
19660000 258
19685000 258
19710000 259
19735000 260
19760000 259
19785000 260
19810000 257
19835000 259
19860000 260
19885000 259
19910000 256
19935000 257
19960000 263
19985000 263
20010000 262
20035000 262
20060000 265
20085000 263
20110000 263
20135000 263
20160000 263
20185000 263
20210000 264
20235000 265
20260000 264
20285000 261
20310000 257
20335000 259
20360000 259
20385000 256
20410000 261
20435000 263
20460000 265
20485000 263
20510000 264
20535000 264
20560000 263
20585000 265
20610000 262
20635000 260
20660000 264
20685000 266
20710000 266
20735000 267
20760000 269
20785000 267
20810000 269
20835000 266
20860000 266
20885000 263
20910000 264
20935000 258
20960000 258
20985000 259
21010000 255
21035000 257
21060000 260
21085000 260
21110000 263
21135000 261
21160000 264
21185000 263
21210000 263
21235000 265
21260000 264
21285000 267
21310000 272
21335000 270
21360000 268
21385000 269
21410000 265
21435000 266
21460000 264
21485000 266
21510000 267
21535000 265
21560000 264
21585000 265
21610000 262
21635000 262
21660000 263
21685000 263
21710000 265
21735000 265
21760000 264
21785000 258
21810000 254
21835000 257
21860000 257
21885000 259
21910000 261
21935000 261
21960000 262
21985000 262
22010000 266
22035000 262
22060000 262
22085000 262
22110000 260
22135000 261
22160000 262
22185000 262
22210000 261
22235000 264
22260000 266
22285000 266
22310000 265
22335000 262
22360000 262
22385000 262
22410000 265
22435000 262
22460000 262
22485000 258
22510000 262
22535000 264
22560000 265
22585000 260
22610000 263
22635000 262
22660000 265
22685000 263
22710000 264
22735000 262
22760000 265
22785000 267
22810000 267
22835000 265
22860000 264
22885000 262
22910000 264
22935000 260
22960000 265
22985000 261
23010000 260
23035000 259
23060000 259
23085000 262
23110000 264
23135000 262
23160000 258
23185000 261
23210000 261
23235000 260
23260000 262
23285000 262
23310000 261
23335000 265
23360000 266
23385000 267
23410000 266
23435000 265
23460000 265
23485000 264
23510000 266
23535000 263
23560000 261
23585000 259
23610000 263
23635000 264
23660000 263
23685000 263
23710000 260
23735000 262
23760000 265
23785000 268
23810000 265
23835000 264
23860000 265
23885000 265
23910000 263
23935000 267
23960000 267
23985000 261
24010000 264
24035000 260
24060000 261
24085000 261
24110000 264
24135000 267
24160000 264
24185000 262
24210000 262
24235000 260
24260000 262
24285000 262
24310000 265
24335000 265
24360000 268
24385000 268
24410000 266
24435000 269
24460000 268
24485000 267
24510000 268
24535000 267
24560000 269
24585000 271
24610000 267
24635000 267
24660000 267
24685000 269
24710000 270
24735000 272
24760000 271
24785000 268
24810000 267
24835000 265
24860000 268
24885000 266
24910000 266
24935000 263
24960000 264
24985000 263
