approx eq2 point is 3385000 which is at step 675
Average PE: -7091.022133435581
Average Coordination Number: 362.86503067484665

std=3.0814888258229236
distribution: [360 360 359 361 363 366 367 366 366 364 360 362 360 359 361 359 358 354
 363 359 363 364 366 364 365 365 363 367 363 366 365 363 364 368 368 366
 360 367 366 364 361 366 369 366 365 365 360 361 358 357 359 363 368 368
 370 365 368 368 364 364 362 362 361 361 358 358 359 357 358 364 362 361
 363 364 365 367 362 358 357 368 368 366 364 368 364 363 354 358 356 361
 368 362 367 365 365 364 360 363 360 361 360 356 360 358 361 366 367 365
 364 365 364 366 365 361 363 363 360 362 361 361 362 364 366 366 362 361
 362 361 360 363 361 363 364 361 358 357 358 364 362 364 358 364 359 363
 362 361 364 361 364 361 362 364 360 359 364 365 360 358 361 362 367 367
 364 364 365 366 364 367 364 366 365 364 362 365 361 364 365 363 365 362
 361 367 364 365 367 362 365 362 364 363 362 361 361 363 360 362 357 359
 361 363 361 366 366 368 365 360 363 365 370 369 370 369 365 363 362 361
 361 365 363 364 361 364 369 366 361 361 360 358 361 362 359 363 361 362
 360 365 359 364 363 365 362 360 358 361 365 360 362 366 361 361 359 358
 358 362 367 361 366 366 365 362 364 364 368 365 366 364 365 363 360 363
 364 359 366 362 358 362 366 363 363 359 360 357 357 357 354 360 363 366
 364 368 366 363 362 363 362 364 365 362 358 363 366 365 361 361 364 364
 364 364 363 368 365 367 361 362 364 364 359 360 364 366 366 366 362 363
 367 369][3385000 3390000 3395000 3400000 3405000 3410000 3415000 3420000 3425000
 3430000 3435000 3440000 3445000 3450000 3455000 3460000 3465000 3470000
 3475000 3480000 3485000 3490000 3495000 3500000 3505000 3510000 3515000
 3520000 3525000 3530000 3535000 3540000 3545000 3550000 3555000 3560000
 3565000 3570000 3575000 3580000 3585000 3590000 3595000 3600000 3605000
 3610000 3615000 3620000 3625000 3630000 3635000 3640000 3645000 3650000
 3655000 3660000 3665000 3670000 3675000 3680000 3685000 3690000 3695000
 3700000 3705000 3710000 3715000 3720000 3725000 3730000 3735000 3740000
 3745000 3750000 3755000 3760000 3765000 3770000 3775000 3780000 3785000
 3790000 3795000 3800000 3805000 3810000 3815000 3820000 3825000 3830000
 3835000 3840000 3845000 3850000 3855000 3860000 3865000 3870000 3875000
 3880000 3885000 3890000 3895000 3900000 3905000 3910000 3915000 3920000
 3925000 3930000 3935000 3940000 3945000 3950000 3955000 3960000 3965000
 3970000 3975000 3980000 3985000 3990000 3995000 4000000 4005000 4010000
 4015000 4020000 4025000 4030000 4035000 4040000 4045000 4050000 4055000
 4060000 4065000 4070000 4075000 4080000 4085000 4090000 4095000 4100000
 4105000 4110000 4115000 4120000 4125000 4130000 4135000 4140000 4145000
 4150000 4155000 4160000 4165000 4170000 4175000 4180000 4185000 4190000
 4195000 4200000 4205000 4210000 4215000 4220000 4225000 4230000 4235000
 4240000 4245000 4250000 4255000 4260000 4265000 4270000 4275000 4280000
 4285000 4290000 4295000 4300000 4305000 4310000 4315000 4320000 4325000
 4330000 4335000 4340000 4345000 4350000 4355000 4360000 4365000 4370000
 4375000 4380000 4385000 4390000 4395000 4400000 4405000 4410000 4415000
 4420000 4425000 4430000 4435000 4440000 4445000 4450000 4455000 4460000
 4465000 4470000 4475000 4480000 4485000 4490000 4495000 4500000 4505000
 4510000 4515000 4520000 4525000 4530000 4535000 4540000 4545000 4550000
 4555000 4560000 4565000 4570000 4575000 4580000 4585000 4590000 4595000
 4600000 4605000 4610000 4615000 4620000 4625000 4630000 4635000 4640000
 4645000 4650000 4655000 4660000 4665000 4670000 4675000 4680000 4685000
 4690000 4695000 4700000 4705000 4710000 4715000 4720000 4725000 4730000
 4735000 4740000 4745000 4750000 4755000 4760000 4765000 4770000 4775000
 4780000 4785000 4790000 4795000 4800000 4805000 4810000 4815000 4820000
 4825000 4830000 4835000 4840000 4845000 4850000 4855000 4860000 4865000
 4870000 4875000 4880000 4885000 4890000 4895000 4900000 4905000 4910000
 4915000 4920000 4925000 4930000 4935000 4940000 4945000 4950000 4955000
 4960000 4965000 4970000 4975000 4980000 4985000 4990000 4995000 5000000
 5005000 5010000]