20060000 414
20085000 414
20110000 414
20135000 414
20160000 414
20185000 414
20210000 414
20235000 414
20260000 414
20285000 414
20310000 414
20335000 414
20360000 414
20385000 414
20410000 414
20435000 414
20460000 414
20485000 414
20510000 414
20535000 414
20560000 414
20585000 414
20610000 414
20635000 414
20660000 414
20685000 414
20710000 414
20735000 414
20760000 414
20785000 414
20810000 414
20835000 414
20860000 414
20885000 414
20910000 414
20935000 414
20960000 414
20985000 414
21010000 414
21035000 414
21060000 414
21085000 414
21110000 414
21135000 414
21160000 414
21185000 414
21210000 414
21235000 414
21260000 414
21285000 414
21310000 414
21335000 414
21360000 414
21385000 414
21410000 414
21435000 414
21460000 414
21485000 414
21510000 415
21535000 415
21560000 415
21585000 415
21610000 415
21635000 415
21660000 415
21685000 415
21710000 415
21735000 415
21760000 415
21785000 415
21810000 415
21835000 415
21860000 415
21885000 415
21910000 415
21935000 415
21960000 415
21985000 415
22010000 415
22035000 415
22060000 415
22085000 415
22110000 415
22135000 415
22160000 415
22185000 415
22210000 415
22235000 415
22260000 415
22285000 415
22310000 415
22335000 415
22360000 415
22385000 415
22410000 415
22435000 415
22460000 415
22485000 415
22510000 415
22535000 415
22560000 415
22585000 415
22610000 415
22635000 415
22660000 415
22685000 415
22710000 415
22735000 415
22760000 415
22785000 415
22810000 415
22835000 415
22860000 415
22885000 415
22910000 415
22935000 415
22960000 415
22985000 415
23010000 415
23035000 415
23060000 415
23085000 415
23110000 415
23135000 415
23160000 415
23185000 415
23210000 415
23235000 415
23260000 415
23285000 415
23310000 415
23335000 415
23360000 415
23385000 415
23410000 415
23435000 415
23460000 415
23485000 415
23510000 415
23535000 415
23560000 415
23585000 415
23610000 415
23635000 415
23660000 415
23685000 415
23710000 415
23735000 415
23760000 415
23785000 415
23810000 415
23835000 415
23860000 415
23885000 415
23910000 415
23935000 415
23960000 415
23985000 415
24010000 415
24035000 415
24060000 415
24085000 415
24110000 415
24135000 415
24160000 415
24185000 415
24210000 415
24235000 415
24260000 415
24285000 415
24310000 415
24335000 415
24360000 415
24385000 415
24410000 415
24435000 415
24460000 415
24485000 415
24510000 415
24535000 415
24560000 415
24585000 415
24610000 415
24635000 415
24660000 415
24685000 416
24710000 416
24735000 416
24760000 416
24785000 416
24810000 416
24835000 416
24860000 416
24885000 416
24910000 416
24935000 416
24960000 416
24985000 416
