timestep c_coords
25000 101
50000 163
75000 200
100000 227
125000 243
150000 257
175000 266
200000 275
225000 287
250000 293
275000 301
300000 304
325000 309
350000 319
375000 323
400000 327
425000 327
450000 330
475000 333
500000 334
525000 337
550000 339
575000 343
600000 345
625000 349
650000 350
675000 352
700000 353
725000 355
750000 355
775000 357
800000 357
825000 357
850000 357
875000 357
900000 359
925000 359
950000 360
975000 360
1000000 362
1025000 363
1050000 363
1075000 364
1100000 364
1125000 365
1150000 365
1175000 367
1200000 367
1225000 367
1250000 368
1275000 368
1300000 368
1325000 369
1350000 369
1375000 370
1400000 370
1425000 370
1450000 370
1475000 370
1500000 370
1525000 371
1550000 372
1575000 372
1600000 372
1625000 372
1650000 373
1675000 373
1700000 373
1725000 374
1750000 375
1775000 375
1800000 375
1825000 375
1850000 375
1875000 375
1900000 375
1925000 375
1950000 375
1975000 375
2000000 375
2025000 375
2050000 376
2075000 376
2100000 377
2125000 377
2150000 377
2175000 377
2200000 377
2225000 377
2250000 377
2275000 378
2300000 379
2325000 379
2350000 379
2375000 379
2400000 379
2425000 379
2450000 380
2475000 381
2500000 382
2525000 382
2550000 382
2575000 382
2600000 382
2625000 382
2650000 383
2675000 384
2700000 384
2725000 384
2750000 384
2775000 384
2800000 386
2825000 386
2850000 386
2875000 387
2900000 387
2925000 387
2950000 387
2975000 387
3000000 388
3025000 388
3050000 388
3075000 388
3100000 388
3125000 388
3150000 388
3175000 388
3200000 389
3225000 389
3250000 389
3275000 389
3300000 390
3325000 390
3350000 390
3375000 390
3400000 390
3425000 390
3450000 390
3475000 390
3500000 390
3525000 390
3550000 390
3575000 390
3600000 390
3625000 391
3650000 391
3675000 391
3700000 392
3725000 392
3750000 392
3775000 392
3800000 392
3825000 392
3850000 392
3875000 392
3900000 392
3925000 392
3950000 392
3975000 392
4000000 392
4025000 392
4050000 392
4075000 392
4100000 392
4125000 393
4150000 393
4175000 393
4200000 393
4225000 394
4250000 394
4275000 394
4300000 394
4325000 394
4350000 394
4375000 394
4400000 394
4425000 394
4450000 395
4475000 395
4500000 395
4525000 395
4550000 395
4575000 395
4600000 395
4625000 395
4650000 395
4675000 395
4700000 395
4725000 396
4750000 396
4775000 396
4800000 396
4825000 396
4850000 396
4875000 396
4900000 396
4925000 396
4950000 396
4975000 396
5000000 396
5025000 397
5050000 397
5075000 398
5100000 398
5125000 398
5150000 398
5175000 398
5200000 398
5225000 398
5250000 398
5275000 398
5300000 398
5325000 398
5350000 398
5375000 398
5400000 398
5425000 398
5450000 398
5475000 398
5500000 398
5525000 398
5550000 398
5575000 398
5600000 398
5625000 398
5650000 398
5675000 398
5700000 398
5725000 398
5750000 398
5775000 398
5800000 398
5825000 398
5850000 398
5875000 398
5900000 398
5925000 398
5950000 398
5975000 398
6000000 398
6025000 399
6050000 399
6075000 399
6100000 400
6125000 400
6150000 400
6175000 400
6200000 400
6225000 400
6250000 400
6275000 400
6300000 400
6325000 400
6350000 400
6375000 400
6400000 400
6425000 400
6450000 400
6475000 400
6500000 400
6525000 401
6550000 401
6575000 401
6600000 401
6625000 401
6650000 401
6675000 401
6700000 401
6725000 401
6750000 401
6775000 401
6800000 401
6825000 401
6850000 401
6875000 401
6900000 401
6925000 401
6950000 401
6975000 401
7000000 401
7025000 401
7050000 401
7075000 401
7100000 401
7125000 401
7150000 402
7175000 402
7200000 402
7225000 402
7250000 402
7275000 402
7300000 402
7325000 402
7350000 402
7375000 402
7400000 402
7425000 402
7450000 402
7475000 402
7500000 402
7525000 402
7550000 402
7575000 402
7600000 402
7625000 402
7650000 402
7675000 402
7700000 402
7725000 402
7750000 402
7775000 402
7800000 402
7825000 402
7850000 402
7875000 403
7900000 403
7925000 403
7950000 403
7975000 403
8000000 403
8025000 403
8050000 403
8075000 403
8100000 403
8125000 403
8150000 403
8175000 403
8200000 403
8225000 403
8250000 403
8275000 403
8300000 403
8325000 403
8350000 403
8375000 403
8400000 403
8425000 403
8450000 403
8475000 403
8500000 403
8525000 403
8550000 404
8575000 404
8600000 404
8625000 404
8650000 404
8675000 404
8700000 404
8725000 404
8750000 404
8775000 404
8800000 404
8825000 404
8850000 404
8875000 404
8900000 404
8925000 404
8950000 404
8975000 404
9000000 404
9025000 404
9050000 404
9075000 404
9100000 404
9125000 404
9150000 404
9175000 404
9200000 404
9225000 404
9250000 404
9275000 404
9300000 404
9325000 404
9350000 404
9375000 404
9400000 404
9425000 404
9450000 404
9475000 404
9500000 404
9525000 404
9550000 404
9575000 404
9600000 404
9625000 404
9650000 404
9675000 404
9700000 404
9725000 404
9750000 404
9775000 407
9800000 407
9825000 407
9850000 407
9875000 407
9900000 407
9925000 407
9950000 407
9975000 407
10000000 407
10025000 406
10050000 407
10075000 407
10100000 407
10125000 407
10150000 407
10175000 407
10200000 407
10225000 407
10250000 407
10275000 407
10300000 407
10325000 408
10350000 408
10375000 408
10400000 408
10425000 408
10450000 408
10475000 408
10500000 408
10525000 408
10550000 408
10575000 408
10600000 408
10625000 408
10650000 408
10675000 408
10700000 408
10725000 408
10750000 408
10775000 408
10800000 408
10825000 408
10850000 408
10875000 408
10900000 408
10925000 408
10950000 408
10975000 408
11000000 408
11025000 408
11050000 408
11075000 408
11100000 408
11125000 408
11150000 408
11175000 408
11200000 408
11225000 408
11250000 408
11275000 408
11300000 408
11325000 408
11350000 408
11375000 408
11400000 408
11425000 408
11450000 408
11475000 408
11500000 408
11525000 408
11550000 408
11575000 408
11600000 408
11625000 408
11650000 408
11675000 408
11700000 408
11725000 408
11750000 408
11775000 408
11800000 408
11825000 408
11850000 408
11875000 408
11900000 408
11925000 408
11950000 408
11975000 408
12000000 408
12025000 408
12050000 408
12075000 408
12100000 408
12125000 409
12150000 409
12175000 409
12200000 409
12225000 409
12250000 409
12275000 409
12300000 409
12325000 409
12350000 409
12375000 409
12400000 409
12425000 409
12450000 409
12475000 409
12500000 408
12525000 408
12550000 408
12575000 408
12600000 408
12625000 408
12650000 408
12675000 408
12700000 408
12725000 408
12750000 408
12775000 408
12800000 408
12825000 408
12850000 408
12875000 408
12900000 408
12925000 408
12950000 408
12975000 408
13000000 408
13025000 408
13050000 408
13075000 408
13100000 408
13125000 408
13150000 408
13175000 408
13200000 408
13225000 408
13250000 408
13275000 408
13300000 408
13325000 408
13350000 408
13375000 408
13400000 408
13425000 408
13450000 408
13475000 408
13500000 408
13525000 408
13550000 408
13575000 408
13600000 408
13625000 408
13650000 408
13675000 408
13700000 408
13725000 408
13750000 408
13775000 408
13800000 408
13825000 408
13850000 408
13875000 408
13900000 408
13925000 409
13950000 409
13975000 409
14000000 409
14025000 409
14050000 409
14075000 409
14100000 409
14125000 409
14150000 409
14175000 409
14200000 409
14225000 409
14250000 409
14275000 409
14300000 409
14325000 409
14350000 409
14375000 409
14400000 409
14425000 409
14450000 409
14475000 409
14500000 409
14525000 409
14550000 409
14575000 409
14600000 409
14625000 409
14650000 409
14675000 409
14700000 409
14725000 409
14750000 409
14775000 409
14800000 409
14825000 409
14850000 409
14875000 409
14900000 409
14925000 409
14950000 409
14975000 409
15000000 409
15025000 409
15050000 409
15075000 409
15100000 409
15125000 409
15150000 409
15175000 409
15200000 409
15225000 409
15250000 409
15275000 409
15300000 409
15325000 409
15350000 409
15375000 409
15400000 409
15425000 409
15450000 409
15475000 409
15500000 409
15525000 409
15550000 409
15575000 409
15600000 409
15625000 409
15650000 409
15675000 409
15700000 409
15725000 409
15750000 409
15775000 409
15800000 409
15825000 409
15850000 409
15875000 409
15900000 409
15925000 409
15950000 409
15975000 409
16000000 409
16025000 409
16050000 409
16075000 409
16100000 409
16125000 409
16150000 409
16175000 409
16200000 409
16225000 409
16250000 409
16275000 409
16300000 409
16325000 409
16350000 409
16375000 409
16400000 409
16425000 409
16450000 409
16475000 409
16500000 409
16525000 409
16550000 409
16575000 409
16600000 409
16625000 410
16650000 410
16675000 410
16700000 410
16725000 410
16750000 410
16775000 410
16800000 411
16825000 411
16850000 411
16875000 411
16900000 411
16925000 411
16950000 411
16975000 411
17000000 412
17025000 412
17050000 412
17075000 412
17100000 412
17125000 412
17150000 412
17175000 412
17200000 412
17225000 412
17250000 412
17275000 412
17300000 412
17325000 412
17350000 412
17375000 412
17400000 412
17425000 412
17450000 412
17475000 412
17500000 412
17525000 412
17550000 412
17575000 412
17600000 412
17625000 412
17650000 412
17675000 412
17700000 412
17725000 412
17750000 412
17775000 412
17800000 412
17825000 412
17850000 412
17875000 412
17900000 412
17925000 412
17950000 412
17975000 412
18000000 412
18025000 412
18050000 412
18075000 412
18100000 413
18125000 413
18150000 413
18175000 413
18200000 413
18225000 413
18250000 414
18275000 414
18300000 414
18325000 414
18350000 414
18375000 414
18400000 414
18425000 414
18450000 414
18475000 414
18500000 414
18525000 414
18550000 414
18575000 414
18600000 414
18625000 414
18650000 414
18675000 414
18700000 414
18725000 414
18750000 414
18775000 414
18800000 414
18825000 414
18850000 414
18875000 414
18900000 414
18925000 414
18950000 414
18975000 414
19000000 414
19025000 414
19050000 414
19075000 414
19100000 414
19125000 414
19150000 414
19175000 414
19200000 414
19225000 414
19250000 414
19275000 414
19300000 414
19325000 414
19350000 414
19375000 414
19400000 414
19425000 414
19450000 414
19475000 414
19500000 414
19525000 414
19550000 414
19575000 414
19600000 414
19625000 414
19650000 414
19675000 414
19700000 414
19725000 414
19750000 414
19775000 414
19800000 414
19825000 414
19850000 414
19875000 414
19900000 414
19925000 414
19950000 414
19975000 414
20000000 414
20025000 414
20050000 414
20075000 414
20100000 414
20125000 414
20150000 414
20175000 414
20200000 414
20225000 414
20250000 414
20275000 414
20300000 414
20325000 414
20350000 414
20375000 414
20400000 414
20425000 414
20450000 414
20475000 414
20500000 414
20525000 414
20550000 414
20575000 414
20600000 414
20625000 414
20650000 414
20675000 414
20700000 414
20725000 414
20750000 414
20775000 414
20800000 414
20825000 414
20850000 414
20875000 414
20900000 414
20925000 414
20950000 414
20975000 414
21000000 414
21025000 414
21050000 414
21075000 414
21100000 414
21125000 414
21150000 414
21175000 414
21200000 414
21225000 414
21250000 414
21275000 414
21300000 414
21325000 414
21350000 414
21375000 414
21400000 414
21425000 414
21450000 414
21475000 414
21500000 414
21525000 415
21550000 415
21575000 415
21600000 415
21625000 415
21650000 415
21675000 415
21700000 415
21725000 415
21750000 415
21775000 415
21800000 415
21825000 415
21850000 415
21875000 415
21900000 415
21925000 415
21950000 415
21975000 415
22000000 415
22025000 415
22050000 415
22075000 415
22100000 415
22125000 415
22150000 415
22175000 415
22200000 415
22225000 415
22250000 415
22275000 415
22300000 415
22325000 415
22350000 415
22375000 415
22400000 415
22425000 415
22450000 415
22475000 415
22500000 415
22525000 415
22550000 415
22575000 415
22600000 415
22625000 415
22650000 415
22675000 415
22700000 415
22725000 415
22750000 415
22775000 415
22800000 415
22825000 415
22850000 415
22875000 415
22900000 415
22925000 415
22950000 415
22975000 415
23000000 415
23025000 415
23050000 415
23075000 415
23100000 415
23125000 415
23150000 415
23175000 415
23200000 415
23225000 415
23250000 415
23275000 415
23300000 415
23325000 415
23350000 415
23375000 415
23400000 415
23425000 415
23450000 415
23475000 415
23500000 415
23525000 415
23550000 415
23575000 415
23600000 415
23625000 415
23650000 415
23675000 415
23700000 415
23725000 415
23750000 415
23775000 415
23800000 415
23825000 415
23850000 415
23875000 415
23900000 415
23925000 415
23950000 415
23975000 415
24000000 415
24025000 415
24050000 415
24075000 415
24100000 415
24125000 415
24150000 415
24175000 415
24200000 415
24225000 415
24250000 415
24275000 415
24300000 415
24325000 415
24350000 415
24375000 415
24400000 415
24425000 415
24450000 415
24475000 415
24500000 415
24525000 415
24550000 415
24575000 415
24600000 415
24625000 415
24650000 415
24675000 415
24700000 416
24725000 416
24750000 416
24775000 416
24800000 416
24825000 416
24850000 416
24875000 416
24900000 416
24925000 416
24950000 416
24975000 416
25000000 416
