approx eq2 point is 20060000 which is at step 802
Average PE: -7936.509661111113
Average Coordination Number: 414.77272727272725

std=0.5554196624034861
distribution: [414 414 414 414 414 414 414 414 414 414 414 414 414 414 414 414 414 414
 414 414 414 414 414 414 414 414 414 414 414 414 414 414 414 414 414 414
 414 414 414 414 414 414 414 414 414 414 414 414 414 414 414 414 414 414
 414 414 414 414 415 415 415 415 415 415 415 415 415 415 415 415 415 415
 415 415 415 415 415 415 415 415 415 415 415 415 415 415 415 415 415 415
 415 415 415 415 415 415 415 415 415 415 415 415 415 415 415 415 415 415
 415 415 415 415 415 415 415 415 415 415 415 415 415 415 415 415 415 415
 415 415 415 415 415 415 415 415 415 415 415 415 415 415 415 415 415 415
 415 415 415 415 415 415 415 415 415 415 415 415 415 415 415 415 415 415
 415 415 415 415 415 415 415 415 415 415 415 415 415 415 415 415 415 415
 415 415 415 415 415 416 416 416 416 416 416 416 416 416 416 416 416 416][20060000 20085000 20110000 20135000 20160000 20185000 20210000 20235000
 20260000 20285000 20310000 20335000 20360000 20385000 20410000 20435000
 20460000 20485000 20510000 20535000 20560000 20585000 20610000 20635000
 20660000 20685000 20710000 20735000 20760000 20785000 20810000 20835000
 20860000 20885000 20910000 20935000 20960000 20985000 21010000 21035000
 21060000 21085000 21110000 21135000 21160000 21185000 21210000 21235000
 21260000 21285000 21310000 21335000 21360000 21385000 21410000 21435000
 21460000 21485000 21510000 21535000 21560000 21585000 21610000 21635000
 21660000 21685000 21710000 21735000 21760000 21785000 21810000 21835000
 21860000 21885000 21910000 21935000 21960000 21985000 22010000 22035000
 22060000 22085000 22110000 22135000 22160000 22185000 22210000 22235000
 22260000 22285000 22310000 22335000 22360000 22385000 22410000 22435000
 22460000 22485000 22510000 22535000 22560000 22585000 22610000 22635000
 22660000 22685000 22710000 22735000 22760000 22785000 22810000 22835000
 22860000 22885000 22910000 22935000 22960000 22985000 23010000 23035000
 23060000 23085000 23110000 23135000 23160000 23185000 23210000 23235000
 23260000 23285000 23310000 23335000 23360000 23385000 23410000 23435000
 23460000 23485000 23510000 23535000 23560000 23585000 23610000 23635000
 23660000 23685000 23710000 23735000 23760000 23785000 23810000 23835000
 23860000 23885000 23910000 23935000 23960000 23985000 24010000 24035000
 24060000 24085000 24110000 24135000 24160000 24185000 24210000 24235000
 24260000 24285000 24310000 24335000 24360000 24385000 24410000 24435000
 24460000 24485000 24510000 24535000 24560000 24585000 24610000 24635000
 24660000 24685000 24710000 24735000 24760000 24785000 24810000 24835000
 24860000 24885000 24910000 24935000 24960000 24985000]