approx eq2 point is 1335000 which is at step 53
Average PE: -2589.101688701162
Average Coordination Number: 281.6684266103485

std=4.261768429113977
distribution: [281 287 287 287 283 285 282 282 280 283 281 279 278 277 275 274 280 282
 284 284 285 287 283 287 287 287 285 287 284 285 283 285 286 289 287 283
 284 281 282 282 283 281 277 281 279 279 277 279 278 276 278 274 279 277
 278 281 275 279 276 278 278 278 280 281 283 282 283 283 286 285 286 282
 277 276 281 284 285 287 286 286 284 281 283 282 280 278 274 272 273 277
 274 275 276 277 280 277 274 276 275 274 272 275 277 280 276 276 276 278
 280 285 286 284 284 285 286 284 285 284 284 283 282 283 282 285 282 285
 280 274 273 273 269 273 274 278 274 274 276 273 277 275 274 276 276 278
 280 281 278 279 278 281 280 284 287 286 284 285 284 287 285 284 286 285
 287 285 287 282 282 281 280 285 282 284 287 283 284 280 279 277 274 276
 276 277 279 281 282 282 284 284 284 278 278 278 280 282 279 280 278 280
 280 283 284 279 280 277 276 278 280 283 279 279 282 279 277 281 281 283
 286 291 288 291 290 287 287 289 289 289 289 290 288 284 278 278 279 279
 282 280 282 282 283 278 277 280 279 279 282 281 278 281 280 278 277 279
 284 283 277 279 272 273 277 280 279 279 279 278 276 275 276 277 275 279
 281 278 274 273 281 284 283 283 283 282 280 277 279 287 289 287 285 286
 286 282 282 285 284 282 285 287 279 277 278 280 284 284 279 278 282 287
 287 285 284 282 284 282 282 277 277 279 282 278 277 279 276 279 280 286
 285 281 278 279 279 282 283 280 277 276 280 278 278 277 282 281 281 285
 286 282 281 279 280 278 276 275 280 284 282 283 280 279 279 277 277 277
 277 279 279 280 283 284 287 278 277 281 281 279 279 282 282 281 280 281
 283 285 286 289 286 291 289 293 292 290 290 291 292 292 292 287 285 288
 286 286 287 286 287 286 281 283 280 280 276 278 279 277 280 283 281 285
 284 283 286 281 281 280 282 280 282 283 284 282 285 283 287 283 280 285
 282 283 277 277 277 273 275 281 283 282 287 282 275 274 278 276 278 275
 274 276 279 282 280 280 276 277 280 279 285 287 285 282 282 279 279 280
 279 277 277 275 279 280 279 284 283 282 283 282 280 281 288 286 283 281
 279 286 288 285 286 280 279 279 282 281 282 279 277 281 282 279 280 280
 281 280 283 286 286 286 284 281 284 283 286 287 289 287 284 284 282 279
 280 283 281 283 281 284 284 284 284 286 285 288 284 283 280 279 277 278
 275 277 274 275 272 278 280 279 280 281 281 284 286 287 285 282 282 283
 281 278 282 282 281 283 282 283 281 279 279 279 276 279 283 280 283 279
 279 279 285 284 286 284 285 284 286 289 289 288 284 282 285 281 276 279
 278 276 280 280 279 276 279 281 280 279 281 283 284 281 274 277 276 276
 276 278 276 275 276 277 279 280 281 283 286 283 285 282 279 281 282 283
 278 282 276 278 281 283 282 279 275 273 268 270 272 277 270 271 272 276
 272 276 277 277 279 277 281 282 281 282 280 278 279 280 280 280 278 283
 288 290 286 287 287 289 290 287 286 289 288 285 285 287 288 284 286 283
 287 286 285 283 280 281 283 285 283 282 277 278 275 282 281 283 287 286
 289 284 286 283 279 278 279 281 284 282 285 284 287 289 288 287 283 281
 280 284 282 284 284 282 285 285 283 285 283 283 284 284 284 283 280 285
 289 293 289 289 290 287 287 282 281 280 279 278 281 279 278 276 277 276
 277 276 281 284 278 274 273 282 280 279 280 285 288 288 289 287 284 279
 281 281 280 279 282 283 278 281 285 286 286 289 290 292 294 291 286 286
 288 289 282 283 281 283 285 286 285 287 288 283 281 286 284 288 280 281
 280 279 278 278 278 283 282 281 281 285 283 282 285 283 287 287 290 284
 285 285 282 284 281 283 284 286 288 284 282 279 277 278 277 277 283 285
 287 284 285 284 284 284 285 281 285 288 286 283 281 283 280 275 278 279
 286 281 279 274 280 284 279 279 276 278 279 284 286 288 286 286 283 285
 286 286 286 284 283 284 285 282 283 291 289 288 291 295 292 289 292 293
 291 292 289 286 283 281 281 276 279 278 278 280 279 284 280 282 286 286
 283 283 288 289 283 284 280 280 279 280 282 280 275 278 278 280 277 280
 276 277 278 282 287 288 284 282 283 281 278][ 1335000  1360000  1385000  1410000  1435000  1460000  1485000  1510000
  1535000  1560000  1585000  1610000  1635000  1660000  1685000  1710000
  1735000  1760000  1785000  1810000  1835000  1860000  1885000  1910000
  1935000  1960000  1985000  2010000  2035000  2060000  2085000  2110000
  2135000  2160000  2185000  2210000  2235000  2260000  2285000  2310000
  2335000  2360000  2385000  2410000  2435000  2460000  2485000  2510000
  2535000  2560000  2585000  2610000  2635000  2660000  2685000  2710000
  2735000  2760000  2785000  2810000  2835000  2860000  2885000  2910000
  2935000  2960000  2985000  3010000  3035000  3060000  3085000  3110000
  3135000  3160000  3185000  3210000  3235000  3260000  3285000  3310000
  3335000  3360000  3385000  3410000  3435000  3460000  3485000  3510000
  3535000  3560000  3585000  3610000  3635000  3660000  3685000  3710000
  3735000  3760000  3785000  3810000  3835000  3860000  3885000  3910000
  3935000  3960000  3985000  4010000  4035000  4060000  4085000  4110000
  4135000  4160000  4185000  4210000  4235000  4260000  4285000  4310000
  4335000  4360000  4385000  4410000  4435000  4460000  4485000  4510000
  4535000  4560000  4585000  4610000  4635000  4660000  4685000  4710000
  4735000  4760000  4785000  4810000  4835000  4860000  4885000  4910000
  4935000  4960000  4985000  5010000  5035000  5060000  5085000  5110000
  5135000  5160000  5185000  5210000  5235000  5260000  5285000  5310000
  5335000  5360000  5385000  5410000  5435000  5460000  5485000  5510000
  5535000  5560000  5585000  5610000  5635000  5660000  5685000  5710000
  5735000  5760000  5785000  5810000  5835000  5860000  5885000  5910000
  5935000  5960000  5985000  6010000  6035000  6060000  6085000  6110000
  6135000  6160000  6185000  6210000  6235000  6260000  6285000  6310000
  6335000  6360000  6385000  6410000  6435000  6460000  6485000  6510000
  6535000  6560000  6585000  6610000  6635000  6660000  6685000  6710000
  6735000  6760000  6785000  6810000  6835000  6860000  6885000  6910000
  6935000  6960000  6985000  7010000  7035000  7060000  7085000  7110000
  7135000  7160000  7185000  7210000  7235000  7260000  7285000  7310000
  7335000  7360000  7385000  7410000  7435000  7460000  7485000  7510000
  7535000  7560000  7585000  7610000  7635000  7660000  7685000  7710000
  7735000  7760000  7785000  7810000  7835000  7860000  7885000  7910000
  7935000  7960000  7985000  8010000  8035000  8060000  8085000  8110000
  8135000  8160000  8185000  8210000  8235000  8260000  8285000  8310000
  8335000  8360000  8385000  8410000  8435000  8460000  8485000  8510000
  8535000  8560000  8585000  8610000  8635000  8660000  8685000  8710000
  8735000  8760000  8785000  8810000  8835000  8860000  8885000  8910000
  8935000  8960000  8985000  9010000  9035000  9060000  9085000  9110000
  9135000  9160000  9185000  9210000  9235000  9260000  9285000  9310000
  9335000  9360000  9385000  9410000  9435000  9460000  9485000  9510000
  9535000  9560000  9585000  9610000  9635000  9660000  9685000  9710000
  9735000  9760000  9785000  9810000  9835000  9860000  9885000  9910000
  9935000  9960000  9985000 10010000 10035000 10060000 10085000 10110000
 10135000 10160000 10185000 10210000 10235000 10260000 10285000 10310000
 10335000 10360000 10385000 10410000 10435000 10460000 10485000 10510000
 10535000 10560000 10585000 10610000 10635000 10660000 10685000 10710000
 10735000 10760000 10785000 10810000 10835000 10860000 10885000 10910000
 10935000 10960000 10985000 11010000 11035000 11060000 11085000 11110000
 11135000 11160000 11185000 11210000 11235000 11260000 11285000 11310000
 11335000 11360000 11385000 11410000 11435000 11460000 11485000 11510000
 11535000 11560000 11585000 11610000 11635000 11660000 11685000 11710000
 11735000 11760000 11785000 11810000 11835000 11860000 11885000 11910000
 11935000 11960000 11985000 12010000 12035000 12060000 12085000 12110000
 12135000 12160000 12185000 12210000 12235000 12260000 12285000 12310000
 12335000 12360000 12385000 12410000 12435000 12460000 12485000 12510000
 12535000 12560000 12585000 12610000 12635000 12660000 12685000 12710000
 12735000 12760000 12785000 12810000 12835000 12860000 12885000 12910000
 12935000 12960000 12985000 13010000 13035000 13060000 13085000 13110000
 13135000 13160000 13185000 13210000 13235000 13260000 13285000 13310000
 13335000 13360000 13385000 13410000 13435000 13460000 13485000 13510000
 13535000 13560000 13585000 13610000 13635000 13660000 13685000 13710000
 13735000 13760000 13785000 13810000 13835000 13860000 13885000 13910000
 13935000 13960000 13985000 14010000 14035000 14060000 14085000 14110000
 14135000 14160000 14185000 14210000 14235000 14260000 14285000 14310000
 14335000 14360000 14385000 14410000 14435000 14460000 14485000 14510000
 14535000 14560000 14585000 14610000 14635000 14660000 14685000 14710000
 14735000 14760000 14785000 14810000 14835000 14860000 14885000 14910000
 14935000 14960000 14985000 15010000 15035000 15060000 15085000 15110000
 15135000 15160000 15185000 15210000 15235000 15260000 15285000 15310000
 15335000 15360000 15385000 15410000 15435000 15460000 15485000 15510000
 15535000 15560000 15585000 15610000 15635000 15660000 15685000 15710000
 15735000 15760000 15785000 15810000 15835000 15860000 15885000 15910000
 15935000 15960000 15985000 16010000 16035000 16060000 16085000 16110000
 16135000 16160000 16185000 16210000 16235000 16260000 16285000 16310000
 16335000 16360000 16385000 16410000 16435000 16460000 16485000 16510000
 16535000 16560000 16585000 16610000 16635000 16660000 16685000 16710000
 16735000 16760000 16785000 16810000 16835000 16860000 16885000 16910000
 16935000 16960000 16985000 17010000 17035000 17060000 17085000 17110000
 17135000 17160000 17185000 17210000 17235000 17260000 17285000 17310000
 17335000 17360000 17385000 17410000 17435000 17460000 17485000 17510000
 17535000 17560000 17585000 17610000 17635000 17660000 17685000 17710000
 17735000 17760000 17785000 17810000 17835000 17860000 17885000 17910000
 17935000 17960000 17985000 18010000 18035000 18060000 18085000 18110000
 18135000 18160000 18185000 18210000 18235000 18260000 18285000 18310000
 18335000 18360000 18385000 18410000 18435000 18460000 18485000 18510000
 18535000 18560000 18585000 18610000 18635000 18660000 18685000 18710000
 18735000 18760000 18785000 18810000 18835000 18860000 18885000 18910000
 18935000 18960000 18985000 19010000 19035000 19060000 19085000 19110000
 19135000 19160000 19185000 19210000 19235000 19260000 19285000 19310000
 19335000 19360000 19385000 19410000 19435000 19460000 19485000 19510000
 19535000 19560000 19585000 19610000 19635000 19660000 19685000 19710000
 19735000 19760000 19785000 19810000 19835000 19860000 19885000 19910000
 19935000 19960000 19985000 20010000 20035000 20060000 20085000 20110000
 20135000 20160000 20185000 20210000 20235000 20260000 20285000 20310000
 20335000 20360000 20385000 20410000 20435000 20460000 20485000 20510000
 20535000 20560000 20585000 20610000 20635000 20660000 20685000 20710000
 20735000 20760000 20785000 20810000 20835000 20860000 20885000 20910000
 20935000 20960000 20985000 21010000 21035000 21060000 21085000 21110000
 21135000 21160000 21185000 21210000 21235000 21260000 21285000 21310000
 21335000 21360000 21385000 21410000 21435000 21460000 21485000 21510000
 21535000 21560000 21585000 21610000 21635000 21660000 21685000 21710000
 21735000 21760000 21785000 21810000 21835000 21860000 21885000 21910000
 21935000 21960000 21985000 22010000 22035000 22060000 22085000 22110000
 22135000 22160000 22185000 22210000 22235000 22260000 22285000 22310000
 22335000 22360000 22385000 22410000 22435000 22460000 22485000 22510000
 22535000 22560000 22585000 22610000 22635000 22660000 22685000 22710000
 22735000 22760000 22785000 22810000 22835000 22860000 22885000 22910000
 22935000 22960000 22985000 23010000 23035000 23060000 23085000 23110000
 23135000 23160000 23185000 23210000 23235000 23260000 23285000 23310000
 23335000 23360000 23385000 23410000 23435000 23460000 23485000 23510000
 23535000 23560000 23585000 23610000 23635000 23660000 23685000 23710000
 23735000 23760000 23785000 23810000 23835000 23860000 23885000 23910000
 23935000 23960000 23985000 24010000 24035000 24060000 24085000 24110000
 24135000 24160000 24185000 24210000 24235000 24260000 24285000 24310000
 24335000 24360000 24385000 24410000 24435000 24460000 24485000 24510000
 24535000 24560000 24585000 24610000 24635000 24660000 24685000 24710000
 24735000 24760000 24785000 24810000 24835000 24860000 24885000 24910000
 24935000 24960000 24985000]