3985000 190
4010000 189
4035000 188
4060000 185
4085000 186
4110000 186
4135000 185
4160000 186
4185000 185
4210000 186
4235000 188
4260000 189
4285000 190
4310000 189
4335000 189
4360000 189
4385000 189
4410000 190
4435000 190
4460000 189
4485000 190
4510000 189
4535000 187
4560000 189
4585000 189
4610000 189
4635000 188
4660000 186
4685000 187
4710000 187
4735000 188
4760000 190
4785000 191
4810000 192
4835000 192
4860000 191
4885000 190
4910000 190
4935000 190
4960000 191
4985000 192
5010000 193
5035000 193
5060000 193
5085000 192
5110000 191
5135000 191
5160000 191
5185000 192
5210000 193
5235000 193
5260000 191
5285000 193
5310000 193
5335000 192
5360000 192
5385000 192
5410000 192
5435000 193
5460000 193
5485000 193
5510000 192
5535000 191
5560000 190
5585000 189
5610000 189
5635000 189
5660000 187
5685000 188
5710000 189
5735000 189
5760000 187
5785000 189
5810000 190
5835000 187
5860000 187
5885000 187
5910000 188
5935000 188
5960000 190
5985000 192
6010000 191
6035000 190
6060000 190
6085000 189
6110000 189
6135000 190
6160000 190
6185000 189
6210000 189
6235000 190
6260000 190
6285000 191
6310000 193
6335000 190
6360000 190
6385000 190
6410000 190
6435000 189
6460000 189
6485000 189
6510000 188
6535000 187
6560000 186
6585000 185
6610000 185
6635000 185
6660000 186
6685000 186
6710000 187
6735000 188
6760000 187
6785000 185
6810000 186
6835000 186
6860000 188
6885000 189
6910000 190
6935000 191
6960000 188
6985000 188
7010000 189
7035000 188
7060000 188
7085000 189
7110000 190
7135000 188
7160000 188
7185000 187
7210000 187
7235000 186
7260000 186
7285000 186
7310000 187
7335000 187
7360000 188
7385000 188
7410000 188
7435000 187
7460000 186
7485000 186
7510000 190
7535000 191
7560000 191
7585000 191
7610000 195
7635000 194
7660000 193
7685000 192
7710000 191
7735000 190
7760000 191
7785000 191
7810000 191
7835000 193
7860000 193
7885000 192
7910000 191
7935000 192
7960000 194
7985000 195
8010000 195
8035000 195
8060000 195
8085000 195
8110000 196
8135000 194
8160000 194
8185000 193
8210000 193
8235000 194
8260000 195
8285000 195
8310000 195
8335000 196
8360000 197
8385000 196
8410000 193
8435000 194
8460000 194
8485000 193
8510000 192
8535000 192
8560000 193
8585000 192
8610000 192
8635000 192
8660000 192
8685000 191
8710000 192
8735000 190
8760000 189
8785000 190
8810000 190
8835000 191
8860000 191
8885000 191
8910000 191
8935000 192
8960000 192
8985000 193
9010000 195
9035000 194
9060000 194
9085000 194
9110000 192
9135000 193
9160000 192
9185000 194
9210000 194
9235000 193
9260000 193
9285000 191
9310000 193
9335000 192
9360000 193
9385000 192
9410000 191
9435000 191
9460000 189
9485000 190
9510000 191
9535000 191
9560000 193
9585000 193
9610000 193
9635000 191
9660000 192
9685000 192
9710000 193
9735000 194
9760000 194
9785000 194
9810000 194
9835000 191
9860000 192
9885000 193
9910000 193
9935000 194
9960000 194
9985000 195
10010000 195
10035000 196
10060000 196
10085000 197
10110000 197
10135000 197
10160000 197
10185000 197
10210000 197
10235000 196
10260000 197
10285000 197
10310000 196
10335000 198
10360000 198
10385000 198
10410000 198
10435000 198
10460000 197
10485000 197
10510000 196
10535000 196
10560000 196
10585000 196
10610000 195
10635000 195
10660000 194
10685000 193
10710000 192
10735000 192
10760000 192
10785000 192
10810000 192
10835000 191
10860000 191
10885000 195
10910000 195
10935000 195
10960000 193
10985000 194
11010000 196
11035000 195
11060000 195
11085000 195
11110000 196
11135000 194
11160000 194
11185000 195
11210000 195
11235000 195
11260000 196
11285000 196
11310000 196
11335000 195
11360000 195
11385000 194
11410000 195
11435000 195
11460000 195
11485000 194
11510000 193
11535000 194
11560000 194
11585000 194
11610000 194
11635000 193
11660000 193
11685000 194
11710000 195
11735000 194
11760000 196
11785000 196
11810000 196
11835000 197
11860000 197
11885000 196
11910000 195
11935000 196
11960000 196
11985000 197
12010000 196
12035000 196
12060000 195
12085000 193
12110000 193
12135000 193
12160000 191
12185000 190
12210000 190
12235000 191
12260000 192
12285000 191
12310000 190
12335000 189
12360000 190
12385000 190
12410000 190
12435000 192
12460000 191
12485000 191
12510000 190
12535000 192
12560000 192
12585000 191
12610000 192
12635000 196
12660000 197
12685000 197
12710000 197
12735000 197
12760000 197
12785000 195
12810000 195
12835000 195
12860000 195
12885000 194
12910000 194
12935000 194
12960000 193
12985000 193
13010000 195
13035000 195
13060000 195
13085000 195
13110000 195
13135000 195
13160000 193
13185000 193
13210000 194
13235000 193
13260000 193
13285000 193
13310000 192
13335000 192
13360000 191
13385000 192
13410000 192
13435000 192
13460000 192
13485000 192
13510000 193
13535000 193
13560000 193
13585000 194
13610000 195
13635000 196
13660000 196
13685000 195
13710000 195
13735000 192
13760000 193
13785000 193
13810000 191
13835000 191
13860000 190
13885000 190
13910000 188
13935000 188
13960000 190
13985000 190
14010000 193
14035000 194
14060000 194
14085000 194
14110000 192
14135000 192
14160000 193
14185000 193
14210000 193
14235000 192
14260000 189
14285000 189
14310000 190
14335000 192
14360000 192
14385000 191
14410000 191
14435000 191
14460000 189
14485000 188
14510000 189
14535000 188
14560000 190
14585000 191
14610000 191
14635000 190
14660000 191
14685000 192
14710000 192
14735000 191
14760000 190
14785000 190
14810000 192
14835000 189
14860000 191
14885000 190
14910000 191
14935000 189
14960000 192
14985000 192
15010000 194
15035000 194
15060000 194
15085000 194
15110000 194
15135000 193
15160000 194
15185000 194
15210000 195
15235000 196
15260000 196
15285000 195
15310000 193
15335000 194
15360000 193
15385000 193
15410000 192
15435000 192
15460000 191
15485000 189
15510000 188
15535000 188
15560000 190
15585000 190
15610000 186
15635000 184
15660000 184
15685000 186
15710000 187
15735000 186
15760000 187
15785000 187
15810000 187
15835000 186
15860000 184
15885000 181
15910000 182
15935000 183
15960000 183
15985000 184
16010000 185
16035000 184
16060000 183
16085000 184
16110000 187
16135000 187
16160000 186
16185000 186
16210000 186
16235000 186
16260000 186
16285000 189
16310000 189
16335000 187
16360000 188
16385000 189
16410000 189
16435000 190
16460000 191
16485000 192
16510000 192
16535000 192
16560000 191
16585000 190
16610000 190
16635000 189
16660000 190
16685000 191
16710000 191
16735000 192
16760000 193
16785000 191
16810000 192
16835000 193
16860000 192
16885000 192
16910000 192
16935000 192
16960000 191
16985000 191
17010000 188
17035000 190
17060000 191
17085000 190
17110000 190
17135000 190
17160000 189
17185000 188
17210000 188
17235000 189
17260000 189
17285000 188
17310000 190
17335000 189
17360000 189
17385000 190
17410000 188
17435000 188
17460000 188
17485000 188
17510000 187
17535000 186
17560000 188
17585000 186
17610000 186
17635000 184
17660000 186
17685000 186
17710000 187
17735000 186
17760000 186
17785000 186
17810000 186
17835000 186
17860000 186
17885000 185
17910000 186
17935000 185
17960000 184
17985000 184
18010000 185
18035000 185
18060000 184
18085000 185
18110000 183
18135000 185
18160000 187
18185000 187
18210000 188
18235000 189
18260000 189
18285000 191
18310000 192
18335000 191
18360000 194
18385000 194
18410000 194
18435000 193
18460000 191
18485000 191
18510000 190
18535000 189
18560000 190
18585000 188
18610000 188
18635000 190
18660000 190
18685000 189
18710000 189
18735000 188
18760000 188
18785000 187
18810000 188
18835000 187
18860000 186
18885000 187
18910000 188
18935000 187
18960000 187
18985000 187
19010000 188
19035000 188
19060000 189
19085000 189
19110000 190
19135000 190
19160000 190
19185000 191
19210000 192
19235000 190
19260000 191
19285000 191
19310000 191
19335000 192
19360000 193
19385000 191
19410000 192
19435000 193
19460000 194
19485000 191
19510000 192
19535000 189
19560000 190
19585000 190
19610000 190
19635000 189
19660000 190
19685000 190
19710000 189
19735000 188
19760000 190
19785000 189
19810000 189
19835000 190
19860000 190
19885000 190
19910000 191
19935000 191
19960000 190
19985000 191
20010000 191
20035000 190
20060000 190
20085000 190
20110000 191
20135000 191
20160000 190
20185000 190
20210000 193
20235000 193
20260000 194
20285000 193
20310000 193
20335000 192
20360000 193
20385000 192
20410000 192
20435000 193
20460000 191
20485000 191
20510000 190
20535000 190
20560000 190
20585000 190
20610000 189
20635000 189
20660000 190
20685000 190
20710000 190
20735000 191
20760000 192
20785000 192
20810000 190
20835000 190
20860000 189
20885000 192
20910000 190
20935000 192
20960000 192
20985000 191
21010000 192
21035000 193
21060000 193
21085000 191
21110000 190
21135000 190
21160000 190
21185000 190
21210000 192
21235000 192
21260000 191
21285000 192
21310000 192
21335000 192
21360000 191
21385000 192
21410000 194
21435000 194
21460000 195
21485000 195
21510000 193
21535000 194
21560000 193
21585000 193
21610000 193
21635000 194
21660000 193
21685000 192
21710000 191
21735000 189
21760000 188
21785000 189
21810000 189
21835000 188
21860000 185
21885000 185
21910000 183
21935000 183
21960000 183
21985000 184
22010000 185
22035000 186
22060000 186
22085000 186
22110000 187
22135000 187
22160000 187
22185000 188
22210000 189
22235000 191
22260000 190
22285000 190
22310000 190
22335000 189
22360000 188
22385000 188
22410000 187
22435000 189
22460000 190
22485000 190
22510000 190
22535000 191
22560000 194
22585000 194
22610000 194
22635000 191
22660000 191
22685000 189
22710000 188
22735000 188
22760000 187
22785000 187
22810000 190
22835000 190
22860000 191
22885000 190
22910000 189
22935000 190
22960000 189
22985000 190
23010000 190
23035000 191
23060000 191
23085000 191
23110000 191
23135000 190
23160000 191
23185000 192
23210000 192
23235000 193
23260000 193
23285000 193
23310000 192
23335000 193
23360000 193
23385000 192
23410000 190
23435000 190
23460000 190
23485000 190
23510000 191
23535000 191
23560000 192
23585000 192
23610000 192
23635000 191
23660000 190
23685000 190
23710000 190
23735000 188
23760000 189
23785000 187
23810000 189
23835000 190
23860000 190
23885000 191
23910000 191
23935000 191
23960000 190
23985000 190
24010000 190
24035000 189
24060000 190
24085000 189
24110000 188
24135000 188
24160000 190
24185000 190
24210000 190
24235000 190
24260000 190
24285000 192
24310000 192
24335000 191
24360000 190
24385000 191
24410000 191
24435000 192
24460000 192
24485000 191
24510000 191
24535000 189
24560000 188
24585000 189
24610000 191
24635000 193
24660000 192
24685000 192
24710000 192
24735000 191
24760000 192
24785000 191
24810000 191
24835000 191
24860000 189
24885000 189
24910000 190
24935000 188
24960000 189
24985000 189
