timestep Temp E_pair E_mol TotEng
10000 143.78383 -449.93319 636.59019 1472.4339
15000 301.46648 -593.09482 1254.9046 3357.6527
20000 293.43904 -708.90119 1250.074 3165.231
25000 296.29203 -794.99421 1263.9598 3118.5364
30000 302.84478 -887.08385 1292.0089 3113.0933
35000 301.65366 -961.33325 1275.5743 3011.7578
40000 301.17625 -994.20838 1255.223 2954.2622
45000 299.13764 -1106.2115 1263.4716 2832.2776
50000 303.36977 -1162.3593 1247.3652 2797.8688
55000 301.59739 -1184.728 1261.3368 2773.6223
60000 296.96353 -1247.4391 1306.2457 2714.3823
65000 306.82152 -1297.7275 1299.9241 2745.9267
70000 301.96941 -1361.5301 1340.7439 2679.5542
75000 302.93061 -1389.6689 1268.412 2587.679
80000 301.72159 -1417.231 1251.2025 2532.0957
85000 292.03128 -1444.6294 1267.4612 2434.3011
90000 299.0665 -1437.3922 1218.2288 2455.2179
95000 298.7079 -1475.5134 1285.7421 2481.4033
100000 305.10111 -1474.1252 1212.5601 2466.7803
105000 300.10302 -1483.1756 1314.6831 2515.1579
110000 293.0406 -1493.6757 1256.572 2383.3914
115000 297.95213 -1491.8588 1296.8367 2469.394
120000 304.04144 -1511.2095 1295.4282 2503.088
125000 298.76252 -1547.2592 1278.3909 2402.7947
130000 307.05956 -1558.1158 1247.5987 2435.3415
135000 302.25241 -1568.891 1197.1325 2331.1126
140000 297.56847 -1584.4087 1218.7693 2295.3458
145000 301.32629 -1614.6957 1289.3676 2369.2612
150000 298.95753 -1621.7812 1284.6041 2336.2298
155000 297.11069 -1657.4009 1274.1494 2273.6401
160000 300.58164 -1653.0948 1251.5486 2286.3841
165000 299.83361 -1650.0637 1225.5358 2256.7132
170000 297.65409 -1666.0293 1230.5494 2226.271
175000 298.22346 -1645.8498 1217.9013 2238.8939
180000 303.9973 -1662.7437 1260.3071 2316.0381
185000 296.68173 -1699.9536 1293.2243 2246.3263
190000 298.35822 -1713.1437 1287.2517 2242.1556
195000 298.52454 -1730.9469 1283.1746 2221.7626
200000 294.77893 -1736.8601 1237.9483 2137.1283
205000 307.25577 -1785.6993 1250.8434 2212.7573
210000 300.06468 -1781.0635 1275.8373 2178.0813
215000 303.52761 -1793.3394 1281.2384 2202.1734
220000 301.64849 -1788.43 1262.2966 2171.3371
225000 294.65502 -1812.8917 1248.9193 2070.9596
230000 294.796 -1814.7336 1238.3705 2059.8296
235000 303.63626 -1842.2965 1245.1879 2118.1375
240000 299.96985 -1860.1165 1255.2813 2077.6243
245000 290.90183 -1854.7265 1277.3424 2023.9852
250000 305.93338 -1856.5608 1256.4601 2135.6872
255000 290.2247 -1872.7066 1297.4976 2020.1051
260000 300.64625 -1878.9271 1211.9963 2021.5773
265000 302.25187 -1842.0689 1201.4728 2062.2701
270000 303.27754 -1855.8496 1277.9054 2134.094
275000 291.51995 -1871.7779 1257.6017 1992.7206
280000 300.94585 -1869.2127 1248.2327 2070.2072
285000 303.93625 -1872.6555 1231.4723 2076.7456
290000 295.42711 -1859.1199 1235.7697 2018.4861
295000 295.24041 -1879.9254 1308.6461 2068.8875
300000 312.43286 -1879.883 1268.7895 2182.8155
305000 294.71866 -1890.3946 1213.4683 1958.5748
310000 305.2695 -1886.452 1283.2975 2126.6967
315000 298.36708 -1899.0575 1224.531 1993.6002
320000 307.98267 -1887.8368 1265.4868 2131.7635
325000 297.34434 -1892.4423 1244.7078 2011.2465
330000 298.78432 -1883.7303 1222.7939 2010.9216
335000 303.8757 -1892.2628 1235.7348 2060.8593
340000 299.66493 -1891.0327 1242.2198 2030.9198
345000 302.10164 -1897.7548 1235.8302 2039.5982
350000 300.13542 -1915.122 1290.8485 2059.6665
355000 303.98222 -1902.2389 1293.8239 2109.9248
360000 309.54026 -1915.4488 1241.607 2094.2005
365000 298.66563 -1903.8264 1216.0776 1983.0478
370000 302.14633 -1915.8864 1287.7302 2073.7662
375000 295.93883 -1944.577 1232.854 1934.6893
380000 302.85456 -1912.0954 1284.7496 2080.91
385000 307.44001 -1937.9601 1172.7822 1984.0829
390000 300.98919 -1955.1598 1246.2427 1982.6577
395000 305.74607 -1938.2779 1253.0056 2048.8406
400000 305.64402 -1943.1771 1225.9281 2015.9513
405000 294.47874 -1956.0189 1261.8155 1939.1522
410000 300.50835 -1930.1918 1251.3819 2008.4651
415000 290.48644 -1928.4422 1261.7196 1930.9321
420000 300.66313 -1937.9383 1240.6442 1991.3649
425000 307.77469 -1948.0074 1207.6439 2011.8902
430000 300.25813 -1959.0492 1265.4805 1991.4687
435000 303.32377 -1946.454 1282.3131 2048.3108
440000 313.19754 -1957.4639 1205.126 2048.4091
445000 304.79261 -1937.0292 1223.0706 2011.6281
450000 300.26263 -1982.1673 1226.1128 1929.0231
455000 299.56068 -1960.7928 1270.0097 1988.0174
460000 308.97287 -1986.9866 1278.8196 2054.8013
465000 299.06501 -1954.9648 1284.8855 2004.2887
470000 301.15939 -1949.014 1236.7336 1980.8165
475000 305.47442 -1938.5616 1250.2625 2043.3845
480000 304.11506 -1986.2862 1231.1404 1964.3818
485000 304.12379 -1990.372 1232.6385 1961.8722
490000 304.39638 -2000.7523 1201.6021 1922.8932
495000 291.5099 -1997.9791 1244.0493 1852.8772
500000 304.46762 -1996.9818 1235.3125 1961.0111
505000 300.69137 -1997.543 1252.9745 1944.3432
510000 295.82179 -2008.7062 1225.7379 1862.3974
515000 291.8535 -2015.9173 1236.7305 1830.6927
520000 299.81994 -2013.9135 1291.4017 1958.6071
525000 297.72864 -2007.822 1317.0682 1971.6639
530000 298.16533 -2027.924 1253.1556 1891.5542
535000 298.29531 -2030.8124 1252.7919 1889.4645
540000 302.37676 -2027.5891 1215.3101 1891.704
545000 298.61345 -2028.8176 1233.3978 1874.9102
550000 304.28105 -2024.4237 1279.5239 1976.1122
555000 304.54066 -2020.1644 1248.0009 1951.1701
560000 301.2972 -2022.9172 1223.1965 1894.6085
565000 300.39976 -2010.2036 1262.3838 1938.4841
570000 298.94242 -2027.212 1240.7086 1886.7683
575000 292.48868 -2023.1779 1257.8519 1850.2336
580000 302.50257 -2004.2444 1256.8848 1957.7485
585000 304.88882 -2027.8572 1224.0209 1922.6106
590000 303.07254 -2024.2198 1273.275 1959.2602
595000 300.33014 -2018.202 1263.6832 1931.1625
600000 298.47398 -2034.2671 1233.514 1868.3296
605000 295.29459 -2034.8751 1216.1152 1821.8913
610000 301.19976 -2043.358 1294.2857 1944.3856
615000 300.28928 -2018.3735 1243.945 1910.8875
620000 302.02279 -2063.1276 1233.5971 1871.2871
625000 300.60203 -2034.665 1256.7565 1910.2041
630000 301.88151 -2049.5442 1255.3769 1905.387
635000 292.12777 -2050.3015 1272.3956 1834.4263
640000 297.95191 -2063.3932 1191.1303 1792.1514
645000 298.51363 -2076.9877 1240.2858 1832.7353
650000 304.35921 -2048.3139 1235.4817 1908.8788
655000 294.90798 -2093.2879 1234.357 1778.2631
660000 308.7761 -2074.9806 1280.2747 1966.5028
665000 295.28893 -2090.5742 1277.9717 1827.9981
670000 304.67028 -2098.1654 1186.2397 1812.567
675000 302.46959 -2083.0018 1275.8695 1897.6809
680000 298.6486 -2099.9676 1182.4838 1753.1604
685000 308.04211 -2077.7884 1239.1878 1916.0444
690000 297.26133 -2063.2498 1241.1206 1836.1095
695000 304.31849 -2093.0405 1262.329 1890.6354
700000 308.27418 -2069.7567 1227.6211 1914.5848
705000 296.92037 -2060.021 1217.4 1812.5686
710000 303.63298 -2077.8477 1267.2014 1904.5704
715000 294.64627 -2064.95 1247.5432 1817.4469
720000 311.18972 -2065.3893 1226.7979 1944.2009
725000 303.86051 -2053.0635 1223.8346 1888.0224
730000 296.07838 -2043.3985 1232.4437 1836.7054
735000 294.91095 -2039.3444 1262.166 1860.0422
740000 305.57172 -2035.5883 1218.6272 1915.5926
745000 305.88423 -2041.0691 1228.2655 1922.5448
750000 303.03675 -2041.4654 1214.3569 1882.7765
755000 300.79097 -2042.7618 1251.1961 1898.2365
760000 304.49818 -2015.9846 1220.9947 1927.9638
765000 297.42644 -2042.4403 1251.3217 1868.5966
770000 290.77345 -2008.2771 1224.5709 1816.515
775000 295.73269 -2043.2463 1275.8369 1877.1596
780000 296.95768 -2051.5656 1213.3204 1817.2781
785000 295.48056 -2055.2421 1189.0005 1776.0727
790000 301.5709 -2067.8808 1264.0213 1892.9172
795000 301.16678 -2067.1763 1263.6296 1889.6161
800000 298.1684 -2049.3503 1252.4778 1869.4775
805000 303.02654 -2085.8052 1229.1512 1853.1396
810000 298.28057 -2088.5241 1222.1348 1800.9639
815000 303.10257 -2091.7533 1255.0416 1873.7618
820000 306.76024 -2095.7055 1257.0036 1904.4801
825000 299.44132 -2107.5996 1226.0146 1796.1481
830000 298.92609 -2086.8461 1292.0102 1878.2899
835000 301.88474 -2101.0378 1224.1383 1822.6837
840000 306.49081 -2110.3388 1259.8225 1890.2564
845000 304.02973 -2105.0029 1219.2841 1833.0458
850000 302.40649 -2124.2911 1232.8235 1812.7813
855000 304.2541 -2118.7031 1216.5406 1818.6085
860000 298.51643 -2100.662 1244.8527 1813.653
865000 295.8575 -2124.8586 1286.6147 1807.4412
870000 295.5843 -2113.3653 1195.7331 1725.6098
875000 300.97618 -2115.0747 1219.8126 1796.1963
880000 299.60926 -2123.7805 1243.115 1798.5694
885000 306.68594 -2135.6249 1245.8943 1852.7869
890000 304.05323 -2116.057 1248.9791 1851.8968
895000 299.00654 -2118.6007 1219.4813 1774.7257
900000 296.48637 -2119.9202 1212.9284 1744.3168
905000 299.22378 -2124.0905 1192.4067 1744.1039
910000 300.41343 -2111.3287 1250.6508 1825.7482
915000 298.77596 -2108.6456 1289.0322 1852.1698
920000 306.05091 -2097.7465 1279.8881 1918.9805
925000 310.97705 -2110.3947 1189.8367 1860.3325
930000 295.74917 -2125.1476 1181.893 1701.4617
935000 309.4717 -2104.684 1232.0966 1894.8416
940000 298.18762 -2108.8584 1239.2959 1796.9594
945000 299.02083 -2095.7189 1228.3276 1806.5816
950000 293.45488 -2098.7181 1255.1471 1780.6288
955000 298.45814 -2116.7702 1280.6887 1832.8596
960000 297.74442 -2122.1709 1252.59 1792.9778
965000 299.52541 -2110.8417 1204.8033 1772.4467
970000 306.14087 -2092.0768 1232.9717 1878.5382
975000 300.91298 -2133.3954 1276.1937 1833.6916
980000 298.02393 -2127.85 1201.9924 1739.2005
985000 301.56183 -2134.3612 1230.8952 1793.2296
990000 294.83676 -2114.693 1268.7383 1790.6024
995000 301.66149 -2106.4245 1238.8636 1830.026
1000000 305.59072 -2116.1128 1249.7985 1866.4093
1005000 299.82345 -2119.5767 1266.0148 1827.5884
1010000 295.65331 -2145.1178 1221.4977 1720.2389
1015000 295.95095 -2126.7986 1248.5217 1768.2438
1020000 305.01831 -2123.2573 1223.0814 1827.4291
1025000 298.67825 -2120.0167 1218.8069 1769.6996
1030000 293.32179 -2131.2881 1318.1514 1809.8729
1035000 299.11903 -2149.1804 1255.2249 1780.8955
1040000 300.9433 -2161.2753 1197.8377 1727.7268
1045000 302.93732 -2156.1201 1228.5236 1781.3994
1050000 303.11108 -2134.3126 1222.375 1798.6121
1055000 301.33137 -2154.7314 1242.6821 1782.5855
1060000 294.42779 -2148.9221 1182.4608 1666.4387
1065000 296.38087 -2162.3132 1231.352 1719.404
1070000 295.38091 -2181.3255 1246.6563 1706.7539
1075000 292.86779 -2174.1039 1237.5776 1682.4234
1080000 295.94208 -2189.8044 1266.8937 1723.5307
1085000 300.84984 -2155.0033 1221.218 1756.5433
1090000 304.23165 -2160.2015 1262.2015 1822.5703
1095000 295.54767 -2137.4886 1218.8161 1724.2419
1100000 296.05132 -2139.7862 1208.6316 1716.2636
1105000 297.15932 -2128.6536 1266.4975 1795.1703
1110000 303.50007 -2126.5627 1245.9497 1833.4152
1115000 299.29584 -2137.4042 1230.9909 1770.0188
1120000 298.7426 -2114.7571 1246.4443 1803.172
1125000 300.46874 -2106.9563 1237.9493 1817.9137
1130000 292.71128 -2118.2139 1205.6058 1704.9421
1135000 293.59957 -2113.7558 1229.1915 1740.9292
1140000 302.10338 -2110.7061 1228.8166 1819.6489
1145000 296.60741 -2104.8493 1227.8346 1775.3763
1150000 305.88216 -2130.9392 1244.1535 1848.5441
1155000 300.61495 -2105.1953 1232.8798 1815.9126
1160000 302.8872 -2120.8012 1221.6942 1809.4406
1165000 302.70674 -2101.9731 1233.0084 1837.9692
1170000 294.98479 -2115.1542 1203.733 1726.4597
1175000 306.47461 -2129.0559 1226.08 1837.6518
1180000 297.83224 -2119.6645 1259.0126 1802.6921
1185000 302.13996 -2116.5197 1238.1027 1823.4485
1190000 300.28849 -2125.1459 1233.6066 1793.7696
1195000 295.43574 -2116.5948 1198.0495 1723.3682
1200000 293.07255 -2096.6318 1253.1243 1777.2733
1205000 299.38181 -2118.9652 1212.0509 1770.2866
1210000 306.95341 -2106.6018 1246.1907 1884.4983
1215000 303.87872 -2104.128 1234.2944 1847.5806
1220000 297.73161 -2112.3667 1257.936 1808.0134
1225000 296.89345 -2092.2463 1282.2203 1844.9229
1230000 305.36984 -2102.5654 1190.8639 1819.047
1235000 299.4459 -2111.0037 1222.7672 1789.5375
1240000 306.79075 -2086.0735 1211.205 1868.5863
1245000 306.1635 -2080.3278 1258.2903 1915.8081
1250000 302.60005 -2131.0957 1262.0189 1836.903
1255000 298.37287 -2084.401 1254.3828 1838.1604
1260000 297.96057 -2091.6515 1288.784 1861.6241
1265000 303.99626 -2103.0061 1207.9708 1823.43
1270000 298.18239 -2077.9285 1291.6354 1880.1822
1275000 298.38327 -2072.7963 1266.9662 1862.4414
1280000 310.43988 -2061.6557 1235.0128 1949.4441
1285000 304.45848 -2059.1442 1240.9885 1904.443
1290000 298.05703 -2051.6113 1285.4812 1899.2241
1295000 299.94928 -2034.4023 1216.88 1864.7532
1300000 300.90318 -2072.0812 1262.7137 1881.4382
1305000 301.1763 -2117.5879 1237.4736 1813.1337
1310000 303.39906 -2111.6468 1227.7819 1829.26
1315000 300.30022 -2120.3534 1233.2069 1798.2672
1320000 303.50666 -2087.7375 1220.5457 1846.8954
1325000 304.70032 -2094.1634 1243.8886 1874.4865
1330000 297.89066 -2126.3648 1235.437 1772.9385
1335000 300.69748 -2122.9327 1215.2349 1781.2683
1340000 302.85601 -2137.2025 1230.2704 1801.3367
1345000 297.63876 -2136.3297 1231.0328 1756.3168
1350000 296.00819 -2142.51 1249.2419 1753.7645
1355000 300.5539 -2119.7785 1235.7151 1803.6189
1360000 301.98935 -2145.1489 1230.246 1785.6157
1365000 291.5994 -2146.7086 1264.1914 1725.0901
1370000 294.44348 -2125.8604 1225.4795 1732.6594
1375000 304.56326 -2145.3119 1258.0913 1836.3151
1380000 296.4812 -2146.6869 1268.7747 1773.3503
1385000 300.47262 -2105.8916 1246.6931 1827.7569
1390000 301.39434 -2127.1448 1211.7722 1779.8252
1395000 299.3729 -2121.4112 1206.4273 1762.1373
1400000 302.63886 -2120.1521 1208.6595 1794.8342
1405000 302.88875 -2142.1306 1245.7482 1812.1791
1410000 293.11816 -2131.1734 1258.1408 1748.156
1415000 296.84524 -2164.8899 1287.1743 1776.8022
1420000 303.93707 -2126.8782 1207.7481 1798.806
1425000 291.51269 -2121.9486 1232.0541 1716.9373
1430000 301.94989 -2125.3683 1216.1551 1790.9526
1435000 304.68223 -2127.5377 1275.8009 1872.8627
1440000 304.71384 -2106.3563 1235.4407 1853.9666
1445000 310.52184 -2111.3991 1154.6747 1820.0954
1450000 301.67742 -2123.67 1238.0603 1812.1196
1455000 289.73182 -2139.817 1223.3597 1674.4492
1460000 294.26148 -2134.3961 1246.3411 1743.3578
1465000 308.5387 -2139.2022 1227.0754 1846.959
1470000 302.54009 -2109.7374 1209.6066 1805.3128
1475000 296.89538 -2114.7945 1274.9836 1815.1553
1480000 300.70223 -2114.8162 1217.3937 1791.5861
1485000 302.39947 -2111.1935 1188.5662 1781.5588
1490000 299.24016 -2132.176 1264.1491 1807.9073
1495000 299.41713 -2137.0737 1240.1231 1780.5661
1500000 294.03283 -2124.8061 1250.4837 1755.0457
1505000 298.47619 -2128.9925 1241.1353 1781.2453
1510000 297.58813 -2097.6521 1243.1757 1806.6847
1515000 300.62004 -2120.2224 1216.6067 1784.658
1520000 299.57788 -2095.8185 1297.0937 1880.2294
1525000 295.23861 -2099.0076 1282.0894 1823.2325
1530000 295.9169 -2118.2153 1252.0968 1780.0977
1535000 301.13718 -2109.294 1237.6899 1821.2942
1540000 301.65842 -2085.7736 1261.6047 1873.3905
1545000 301.11252 -2127.1128 1275.5429 1841.1078
1550000 293.87548 -2116.8716 1243.252 1754.3413
1555000 296.32822 -2102.6544 1263.9124 1811.1524
1560000 296.02467 -2106.3176 1287.9574 1828.8198
1565000 297.50288 -2072.6545 1223.9901 1811.7343
1570000 306.79665 -2075.8921 1242.6612 1910.2768
1575000 302.50257 -2089.8325 1212.217 1827.4926
1580000 298.26992 -2091.4959 1344.2121 1919.9742
1585000 295.35546 -2069.4485 1268.963 1840.7101
1590000 305.16691 -2086.2329 1195.3445 1838.0453
1595000 302.47704 -2112.8607 1240.3891 1832.4082
1600000 297.13973 -2090.6746 1231.9764 1798.4531
1605000 299.9899 -2091.2087 1213.2975 1804.7275
1610000 294.05046 -2117.0185 1292.2462 1804.7533
1615000 295.27735 -2116.5431 1194.5634 1718.5174
1620000 299.13104 -2107.2657 1236.9192 1804.6119
1625000 302.44906 -2115.0812 1214.2259 1803.7743
1630000 296.55161 -2100.9645 1235.4156 1786.3432
1635000 300.86225 -2089.819 1195.557 1796.1777
1640000 294.69971 -2089.13 1215.4816 1761.6831
1645000 299.20309 -2078.2108 1243.3325 1840.7244
1650000 304.03629 -2092.8998 1221.2275 1847.151
1655000 288.65291 -2092.2317 1254.7257 1743.7525
1660000 309.38738 -2103.3309 1274.7429 1938.087
1665000 299.34999 -2094.8686 1250.6103 1832.6581
1670000 301.67753 -2105.0592 1240.453 1833.1241
1675000 298.69305 -2118.3587 1260.217 1812.9
1680000 304.5187 -2112.0524 1283.7765 1894.8612
1685000 307.78324 -2120.9431 1244.0107 1875.3977
1690000 300.50804 -2124.0461 1264.4507 1827.6768
1695000 304.96354 -2126.0602 1263.4239 1864.4789
1700000 305.0922 -2115.4052 1248.5312 1861.3917
1705000 297.7285 -2120.4147 1220.1693 1762.1709
1710000 305.68663 -2139.8386 1226.19 1819.9328
1715000 304.42959 -2129.7518 1214.7144 1807.303
1720000 310.07648 -2115.0723 1228.1367 1885.9017
1725000 295.38289 -2114.1924 1190.5938 1717.8423
1730000 294.55593 -2130.5181 1228.2082 1731.7359
1735000 306.55188 -2130.5018 1238.8991 1849.716
1740000 297.92652 -2125.2195 1242.0044 1780.972
1745000 297.60133 -2123.6854 1237.5391 1775.1328
1750000 297.63291 -2114.069 1237.2608 1784.7532
1755000 300.03949 -2092.4782 1261.4878 1852.0918
1760000 305.70761 -2102.0286 1256.8136 1888.554
1765000 298.66177 -2092.9846 1180.124 1757.9014
1770000 304.30506 -2104.2824 1268.5038 1885.4481
1775000 296.80435 -2068.9911 1265.3645 1850.5255
1780000 293.44656 -2093.3378 1282.3834 1813.171
1785000 300.49343 -2110.429 1187.8647 1764.5772
1790000 305.37741 -2117.0353 1249.8863 1863.6672
1795000 294.11289 -2103.7426 1207.5363 1733.8777
1800000 309.12894 -2111.7148 1249.02 1901.6691
1805000 302.37004 -2095.9808 1274.8018 1882.744
1810000 303.52235 -2076.9876 1231.6606 1868.9004
1815000 297.99795 -2080.3792 1251.0789 1835.5256
1820000 302.8158 -2068.1437 1204.9616 1844.727
1825000 305.28564 -2073.6076 1241.07 1897.4579
1830000 297.55086 -2089.7549 1255.5357 1826.6085
1835000 291.90521 -2082.9313 1234.8108 1762.2214
1840000 299.11217 -2048.5834 1257.485 1883.6913
1845000 298.62883 -2060.2021 1246.5324 1856.7977
1850000 304.68837 -2067.4719 1269.6514 1926.834
1855000 310.70168 -2079.0825 1253.7764 1953.122
1860000 297.19757 -2078.1927 1282.8324 1862.3082
1865000 293.94842 -2090.2231 1234.0481 1772.4382
1870000 299.48328 -2058.6548 1179.1409 1798.5944
1875000 300.35018 -2064.7404 1280.3351 1901.4552
1880000 300.0228 -2076.4779 1246.0672 1852.5222
1885000 302.22225 -2074.6238 1263.5805 1891.558
1890000 294.66309 -2085.2434 1300.298 1850.0587
1895000 300.07413 -2079.9836 1253.4255 1856.8338
1900000 298.21749 -2084.8185 1246.3901 1828.3606
1905000 295.13802 -2114.4572 1195.5329 1720.3268
1910000 298.66095 -2088.3391 1296.444 1878.8597
1915000 306.06312 -2071.2914 1284.4166 1950.0733
1920000 295.40989 -2095.0332 1289.9192 1836.5683
1925000 305.36206 -2104.3074 1263.2921 1889.6636
1930000 302.85454 -2101.6105 1252.9106 1859.5556
1935000 296.31043 -2076.0966 1259.1071 1832.7459
1940000 305.40896 -2110.0153 1185.5744 1806.6574
1945000 296.37733 -2099.5124 1240.881 1791.7022
1950000 299.20655 -2091.9476 1266.7411 1850.4271
1955000 305.44016 -2088.0345 1265.9978 1909.3407
1960000 301.70334 -2099.0963 1208.8801 1807.745
1965000 303.00519 -2074.9556 1238.2124 1872.8595
1970000 290.64948 -2077.6542 1254.5114 1775.9698
1975000 303.32035 -2097.0655 1225.592 1840.9475
1980000 294.424 -2094.3812 1242.7078 1781.1927
1985000 296.42311 -2076.5001 1273.9778 1848.2206
1990000 293.87285 -2069.3322 1275.517 1834.1223
1995000 312.19861 -2062.5513 1255.7867 1985.0496
2000000 303.70292 -2043.3865 1262.1104 1934.5661
2005000 300.87002 -2068.1249 1226.9591 1849.3434
2010000 300.9475 -2078.7261 1244.176 1856.6518
2015000 298.68752 -2062.946 1300.7665 1908.8128
2020000 299.78854 -2096.0254 1240.7295 1825.5421
2025000 292.18377 -2070.3774 1261.2227 1803.6783
2030000 298.94138 -2073.972 1236.4996 1835.79
2035000 308.25565 -2070.8139 1228.2382 1913.9789
2040000 297.31165 -2067.4889 1219.6555 1810.8552
2045000 295.14553 -2049.8347 1273.5798 1863.0633
2050000 291.15952 -2076.4928 1227.5964 1754.7773
2055000 304.43416 -2055.0674 1214.5896 1881.9034
2060000 305.96146 -2076.321 1248.7459 1908.4639
2065000 297.43209 -2049.5585 1236.7836 1846.9907
2070000 295.24014 -2063.9649 1211.701 1787.9004
2075000 304.83352 -2065.3013 1284.0816 1944.7328
2080000 303.53184 -2093.1361 1259.8208 1880.997
2085000 299.07729 -2068.3991 1248.8098 1854.8885
2090000 296.44082 -2071.0102 1195.0599 1774.951
2095000 299.65762 -2036.9153 1205.9233 1848.6754
2100000 298.58987 -2053.8212 1249.4986 1865.7964
2105000 301.72528 -2062.6981 1300.6299 1936.089
2110000 302.8485 -2020.1024 1216.9243 1905.0235
2115000 296.32287 -2053.1643 1238.3511 1835.0334
2120000 292.47405 -2037.7466 1251.0124 1828.6945
2125000 293.34657 -2055.583 1241.0744 1808.7227
2130000 297.95454 -2051.1988 1273.7668 1887.0056
2135000 292.61468 -2018.1125 1203.8693 1802.4431
2140000 307.23177 -2043.7337 1228.9126 1932.5775
2145000 294.26387 -2046.3065 1236.6182 1821.7458
2150000 300.98963 -2028.4772 1230.6402 1893.7417
2155000 300.5019 -2028.9944 1253.7699 1911.9927
2160000 296.1704 -2052.964 1271.2964 1866.8155
2165000 303.59967 -2038.1055 1243.1348 1919.9482
2170000 293.67149 -2049.3487 1265.9296 1842.7176
2175000 299.32986 -2068.5825 1213.5714 1821.7252
2180000 296.61952 -2076.4769 1255.8374 1831.8599
2185000 297.16231 -2023.6965 1243.3896 1877.0463
2190000 302.36566 -2034.8868 1258.8899 1927.8869
2195000 300.7954 -2035.0115 1284.1838 1939.0141
2200000 304.38695 -2032.1097 1299.3793 1989.2287
2205000 302.1169 -2026.4551 1250.9322 1926.1363
2210000 295.10887 -2060.0452 1237.7786 1816.7238
2215000 301.87193 -2058.0408 1206.775 1848.2029
2220000 298.67151 -2073.3054 1238.4555 1835.9992
2225000 301.27003 -2051.9323 1237.8275 1879.9814
2230000 307.98342 -2045.5474 1244.6866 1953.2595
2235000 295.71673 -2043.8469 1273.5812 1874.1606
2240000 300.78116 -2029.518 1231.4833 1891.6797
2245000 298.22961 -2019.6832 1232.2813 1879.4956
2250000 299.48385 -2049.5272 1232.8055 1861.3917
2255000 298.08171 -2043.9592 1226.6926 1848.3083
2260000 301.27028 -2051.974 1222.5346 1864.6491
2265000 295.07429 -2028.4194 1260.1196 1870.3815
2270000 301.76938 -2037.5058 1272.7492 1933.795
2275000 297.86916 -2053.8285 1280.8738 1890.7194
2280000 302.20117 -2035.302 1284.4148 1951.5257
2285000 296.66111 -2045.979 1245.7948 1852.6871
2290000 297.01132 -2029.512 1242.2262 1868.7171
2295000 305.13671 -2055.1255 1256.9071 1930.4454
2300000 307.45319 -2031.361 1234.1668 1952.1845
2305000 300.29206 -2039.6466 1262.7512 1908.4454
2310000 303.66153 -2032.0055 1274.8699 1958.3363
2315000 301.79461 -2038.1382 1224.3924 1885.0315
2320000 303.25477 -2053.7634 1261.9104 1919.9816
2325000 294.65387 -2046.2786 1277.421 1866.0639
2330000 300.50605 -2030.569 1246.3654 1903.0507
2335000 297.12027 -2038.1276 1232.7268 1851.5764
2340000 299.07878 -2021.3497 1237.8824 1891.0238
2345000 295.73548 -2029.8488 1221.728 1836.4731
2350000 300.71603 -2022.9324 1251.4297 1917.6294
2355000 301.55441 -2025.3886 1232.1253 1903.366
2360000 298.48585 -2021.8403 1216.8041 1864.1526
2365000 302.52637 -2037.9671 1235.1541 1902.508
2370000 295.83954 -2053.1324 1266.4604 1858.8524
2375000 299.94918 -2059.2422 1247.5499 1870.5823
2380000 302.70411 -2035.0782 1204.354 1876.1861
2385000 295.59015 -2019.8004 1267.978 1891.4719
2390000 293.00265 -2038.4341 1266.6754 1848.397
2395000 296.95952 -2062.5483 1254.5722 1847.5637
2400000 300.83631 -2049.4256 1254.1157 1894.8978
2405000 300.49116 -2062.3998 1280.3822 1905.1037
2410000 294.47094 -2063.6287 1255.5775 1825.2346
2415000 303.2452 -2026.3029 1270.9456 1956.3917
2420000 305.06168 -2053.7203 1226.0234 1900.2958
2425000 302.27551 -2054.7174 1315.3308 1963.691
2430000 299.31817 -2058.6932 1279.1981 1897.1367
2435000 294.87157 -2031.7156 1250.3778 1855.5307
2440000 300.55823 -2054.1926 1269.4777 1903.006
2445000 301.86445 -2061.338 1202.5851 1840.6489
2450000 295.70625 -2087.3473 1237.1121 1794.0973
2455000 296.78509 -2041.0558 1212.6263 1825.5505
2460000 307.98815 -2073.9951 1242.962 1923.1294
2465000 303.25002 -2059.64 1247.6259 1899.7781
2470000 295.3596 -2063.4751 1257.0163 1834.7739
2475000 303.96198 -2094.5896 1267.9552 1891.5244
2480000 293.55573 -2110.7878 1202.6901 1717.0038
2485000 300.52424 -2084.0162 1295.1816 1898.5824
2490000 298.95882 -2100.8882 1236.9025 1809.4328
2495000 301.66681 -2109.6929 1264.3623 1852.3038
2500000 291.6921 -2093.5538 1240.8542 1755.7367
2505000 295.02862 -2086.9683 1319.7572 1871.0617
2510000 298.44389 -2085.2925 1224.3985 1807.9195
2515000 293.70184 -2087.194 1193.2107 1732.4248
2520000 296.25057 -2085.8283 1232.1371 1795.5088
2525000 310.41574 -2057.0888 1279.3758 1998.158
2530000 307.56926 -2062.7441 1238.5255 1926.198
2535000 301.61651 -2056.8655 1210.0338 1850.3529
2540000 302.81264 -2074.398 1272.6022 1906.0851
2545000 307.46756 -2078.1364 1201.0469 1872.4177
2550000 309.11876 -2039.176 1267.0819 1992.1788
2555000 294.71495 -2052.2699 1223.2158 1806.4137
2560000 304.3057 -2061.971 1311.2412 1970.5026
2565000 299.94127 -2061.6344 1217.2418 1837.8113
2570000 296.07936 -2063.8704 1245.3362 1829.1349
2575000 304.85928 -2043.7949 1222.2991 1904.6871
2580000 304.84214 -2069.1024 1237.488 1894.4151
2585000 295.60574 -2052.6657 1263.1981 1853.966
2590000 303.11744 -2061.9637 1225.7564 1874.3992
2595000 296.99255 -2069.0372 1234.0003 1820.7981
2600000 297.85517 -2037.4696 1256.6317 1882.7112
2605000 299.24494 -2027.8563 1204.6225 1852.7432
2610000 300.03727 -2045.0601 1236.9381 1874.9403
2615000 297.07824 -2027.0956 1236.945 1866.4509
2620000 293.22774 -2001.2721 1214.1634 1835.0598
2625000 305.10146 -2009.7151 1215.3266 1933.96
2630000 302.7815 -2015.48 1218.7004 1910.8228
2635000 296.9147 -2016.6766 1263.2512 1901.7136
2640000 292.95868 -2024.0766 1229.7706 1825.4566
2645000 298.74874 -2030.9905 1251.6973 1892.2464
2650000 293.62476 -2005.7822 1250.8178 1870.7546
2655000 299.52385 -2013.2804 1296.4974 1961.6881
2660000 296.91238 -2008.069 1282.8953 1929.9446
2665000 299.38876 -1993.5664 1244.6561 1928.3527
2670000 300.68498 -1993.0793 1253.6125 1949.3876
2675000 297.30972 -2002.8378 1235.2308 1891.0644
2680000 306.45442 -2001.6821 1267.7503 2006.5154
2685000 296.07836 -1991.8956 1308.8172 1964.5816
2690000 298.63706 -1997.6306 1237.267 1910.1775
2695000 298.69755 -1980.3627 1235.0502 1925.7695
2700000 303.73606 -1987.7185 1245.084 1973.5041
2705000 300.32138 -1979.2287 1226.96 1933.3342
2710000 300.41586 -1982.7962 1217.4725 1921.1242
2715000 304.71629 -1993.0138 1268.0507 1999.941
2720000 305.64798 -1978.9268 1230.6915 1985.0004
2725000 297.64207 -2015.0402 1199.6256 1846.2289
2730000 294.60217 -2024.155 1276.9839 1887.2882
2735000 290.50789 -1994.9337 1231.3989 1834.3117
2740000 304.11937 -2011.2426 1274.4676 1982.7912
2745000 297.53227 -1989.9215 1222.3442 1893.0843
2750000 296.08212 -1985.8699 1293.7583 1955.5821
2755000 297.69587 -1989.3562 1214.4755 1887.2438
2760000 300.89759 -2005.8215 1240.9493 1925.8835
2765000 297.32937 -1999.1323 1202.1283 1861.843
2770000 301.88725 -2014.9178 1241.93 1926.6179
2775000 297.44249 -2011.8861 1291.2414 1939.214
2780000 302.22207 -1985.1003 1229.862 1947.3615
2785000 298.77196 -2014.4167 1244.1573 1901.4879
2790000 304.03401 -1988.7521 1203.1632 1933.214
2795000 306.42896 -1987.4717 1225.4256 1978.1735
2800000 305.06217 -1962.7557 1224.8434 1990.0848
2805000 300.27305 -1967.9013 1240.1883 1957.4579
2810000 296.42568 -1966.4098 1296.6403 1980.9964
2815000 289.30591 -1983.0599 1279.6063 1883.6443
2820000 304.20581 -1994.8836 1278.6548 2004.1105
2825000 309.23435 -2029.7367 1206.6552 1942.2251
2830000 306.78829 -2027.5335 1264.1863 1980.0857
2835000 300.37977 -2009.6465 1263.3995 1939.8782
2840000 301.71049 -2006.284 1211.6083 1903.3494
2845000 302.39241 -1989.8685 1217.6549 1931.9095
2850000 294.95406 -1997.7451 1276.4006 1916.2616
2855000 305.51665 -1997.6368 1250.4434 1984.8679
2860000 288.40535 -1997.2886 1246.5513 1828.3074
2865000 307.41808 -1991.9838 1220.9765 1978.0574
2870000 301.63981 -1975.4202 1262.8745 1984.8472
2875000 298.73003 -1983.7451 1291.2225 1978.8498
2880000 294.89393 -1982.3252 1220.6159 1875.3591
2885000 301.01538 -1960.1172 1237.0938 1968.7856
2890000 307.1681 -1978.0261 1231.7558 2000.559
2895000 300.56238 -1963.2616 1225.598 1950.0945
2900000 299.52631 -1962.9693 1273.0518 1988.5756
2905000 301.16798 -1973.307 1286.8974 2006.764
2910000 303.45992 -1989.8334 1263.238 1987.0737
2915000 298.22093 -1988.4498 1228.1819 1906.5519
2920000 304.49777 -1971.5943 1328.3428 2079.6985
2925000 293.33203 -2002.4522 1277.7321 1898.3811
2930000 304.54959 -1994.0333 1239.0824 1968.4625
2935000 305.39178 -1974.0246 1222.3403 1979.2603
2940000 298.48906 -2008.6949 1270.6783 1931.2009
2945000 290.5203 -2037.3769 1277.5719 1838.1526
2950000 300.8135 -2036.8235 1260.9755 1914.1557
2955000 305.00115 -2021.0826 1256.6879 1963.0567
2960000 299.41232 -2083.6985 1210.868 1804.6433
2965000 302.23655 -2062.4583 1195.5726 1835.8435
2970000 303.31375 -2085.3917 1235.3034 1862.2737
2975000 303.39207 -2095.4157 1239.9887 1857.6354
2980000 301.53324 -2104.6031 1187.3209 1779.1577
2985000 298.39028 -2102.3511 1230.7506 1796.7337
2990000 296.62179 -2096.1562 1216.7478 1773.1112
2995000 292.09527 -2074.4598 1264.2539 1801.8357
3000000 300.89259 -2099.6475 1279.1607 1870.2242
3005000 302.08145 -2086.1881 1248.7982 1863.9523
3010000 299.55621 -2084.0017 1223.6589 1818.4177
3015000 298.24442 -2075.1491 1279.7803 1871.661
3020000 303.09873 -2107.0776 1197.9633 1801.325
3025000 302.99371 -2102.3126 1256.9166 1864.1041
3030000 302.41562 -2108.9608 1268.2726 1863.6423
3035000 306.89152 -2105.8595 1242.2683 1880.7647
3040000 297.09128 -2087.5024 1214.2004 1783.416
3045000 300.60129 -2084.8482 1244.8386 1848.0963
3050000 298.481 -2113.0364 1293.1508 1849.2599
3055000 299.57903 -2087.826 1255.2822 1846.4207
3060000 294.56989 -2077.1959 1261.7159 1818.6907
3065000 306.14881 -2064.1382 1220.3021 1893.8782
3070000 303.93841 -2066.4621 1246.5502 1898.0362
3075000 306.43093 -2057.2696 1190.3021 1873.2696
3080000 297.00811 -2076.634 1209.0623 1788.4026
3085000 302.2597 -2099.9703 1240.6256 1843.5916
3090000 296.8734 -2079.858 1196.1892 1771.1008
3095000 305.44329 -2073.8055 1224.5106 1882.1104
3100000 300.84488 -2077.0458 1261.1503 1874.3888
3105000 302.7632 -2070.5648 1259.0805 1895.9544
3110000 300.15941 -2054.164 1285.26 1915.2506
3115000 300.58647 -2061.8608 1290.2887 1916.4014
3120000 300.24923 -2061.1707 1232.6121 1856.3991
3125000 303.18503 -2081.2341 1254.347 1884.3239
3130000 304.81066 -2068.8222 1241.6795 1898.6053
3135000 297.06937 -2101.1411 1215.8693 1771.2502
3140000 295.05587 -2086.1795 1236.9261 1789.2631
3145000 304.20721 -2094.1981 1273.2921 1899.4457
3150000 302.65611 -2070.0058 1270.2083 1906.6837
3155000 297.44686 -2080.3529 1227.5264 1807.0713
3160000 297.1346 -2101.593 1244.7751 1800.2876
3165000 298.40688 -2100.7368 1298.3042 1866.0501
3170000 298.6323 -2072.5207 1274.1125 1872.0903
3175000 292.64311 -2082.1695 1286.4696 1821.2407
3180000 293.76635 -2051.4448 1288.3961 1863.9364
3185000 302.31491 -2087.5417 1278.401 1894.2893
3190000 300.8477 -2086.1783 1243.9328 1848.064
3195000 299.29373 -2074.6036 1242.4381 1844.2478
3200000 295.03314 -2064.7347 1279.592 1853.1705
3205000 295.06822 -2058.1899 1245.3642 1825.8012
3210000 295.79364 -2045.498 1237.0151 1836.6311
3215000 297.95847 -2081.3285 1186.399 1769.5433
3220000 292.42177 -2070.7208 1235.8774 1780.1179
3225000 302.24343 -2060.4707 1259.8821 1902.2022
3230000 295.6824 -2074.1675 1211.6555 1781.6072
3235000 300.46861 -2085.6783 1281.8619 1883.1032
3240000 299.97789 -2051.8114 1257.862 1888.582
3245000 297.05006 -2041.8265 1149.4147 1763.9376
3250000 299.59536 -2037.8256 1243.3622 1884.6472
3255000 297.09592 -2065.8896 1249.1536 1840.0234
3260000 306.53308 -2071.0078 1228.7671 1898.9099
3265000 298.97996 -2044.0071 1275.0842 1904.6845
3270000 298.24967 -2031.3294 1274.7107 1910.4582
3275000 296.26568 -2053.06 1265.2833 1861.5585
3280000 304.64149 -2063.4968 1272.9104 1933.6488
3285000 298.61151 -2048.1497 1265.6002 1887.763
3290000 294.23471 -2063.358 1251.0886 1818.9039
3295000 299.29927 -2062.75 1283.8202 1897.533
3300000 297.40801 -2078.8852 1287.0976 1867.7627
3305000 303.79143 -2085.3315 1220.8648 1852.167
3310000 301.24599 -2100.4714 1249.3897 1842.7895
3315000 294.91267 -2098.6167 1285.8969 1824.5162
3320000 296.87419 -2088.1971 1274.8164 1841.396
3325000 307.1463 -2077.0313 1187.8608 1857.4639
3330000 301.07131 -2071.7586 1241.334 1861.8845
3335000 296.51434 -2088.9753 1288.7687 1851.3522
3340000 298.7741 -2065.3375 1235.632 1842.0609
3345000 305.30877 -2074.5491 1235.5884 1891.2417
3350000 297.02769 -2064.7206 1252.9896 1844.4183
3355000 300.63085 -2078.3005 1206.0387 1816.1086
3360000 304.82253 -2053.1222 1225.8392 1898.5712
3365000 302.62701 -2073.9025 1209.0177 1841.3361
3370000 298.38775 -2093.1904 1255.8339 1830.9551
3375000 304.01228 -2085.9922 1223.5339 1856.1503
3380000 298.17521 -2088.4187 1224.5859 1802.5783
3385000 306.3089 -2102.6882 1281.1978 1917.6555
3390000 299.49526 -2086.0086 1241.5246 1833.7314
3395000 303.3434 -2085.8835 1250.6312 1877.3749
3400000 300.56913 -2063.488 1243.4609 1867.7915
3405000 303.75358 -2081.9087 1275.4399 1909.8264
3410000 301.05728 -2075.827 1289.0507 1905.4075
3415000 305.63602 -2075.8984 1266.0261 1923.2564
3420000 299.13713 -2053.349 1204.4397 1826.1036
3425000 293.87043 -2027.1116 1218.6441 1819.4482
3430000 310.4719 -2031.3458 1244.3089 1989.3364
3435000 293.78029 -2055.5328 1149.2261 1720.803
3440000 297.68624 -2047.7123 1251.295 1865.6211
3445000 300.61553 -2003.1447 1241.9529 1927.0416
3450000 294.51947 -2016.0807 1284.958 1902.5971
3455000 304.59962 -2011.4068 1256.5854 1969.0393
3460000 298.34078 -1982.1195 1251.8146 1937.5867
3465000 295.3295 -1987.854 1267.0152 1920.1246
3470000 297.05024 -2032.2431 1268.3498 1892.4577
3475000 294.47716 -2041.6349 1230.8328 1822.5394
3480000 301.5309 -2037.4897 1310.8085 1969.7378
3485000 298.58923 -2064.9672 1234.6186 1839.7648
3490000 302.22488 -2038.272 1213.7531 1878.106
3495000 292.54831 -2053.4412 1238.0675 1800.7191
3500000 296.69985 -2051.5312 1249.8146 1851.501
3505000 297.34646 -2043.4133 1277.7647 1893.3513
3510000 303.67443 -2059.3877 1246.8306 1903.0303
3515000 300.37208 -2036.0338 1246.7012 1896.7237
3520000 302.92594 -2067.0515 1215.1217 1856.9643
3525000 300.2864 -2056.0637 1203.1133 1832.3397
3530000 297.71874 -2075.3848 1249.5246 1836.4689
3535000 301.19475 -2090.3036 1241.4665 1844.5759
3540000 307.61639 -2096.0776 1238.6553 1893.4158
3545000 291.10914 -2081.0869 1221.9653 1744.1015
3550000 297.84191 -2065.0304 1281.8864 1880.2865
3555000 301.07363 -2087.3744 1256.5003 1861.4558
3560000 294.1925 -2106.2706 1192.5095 1717.0347
3565000 301.49419 -2109.7446 1248.0204 1834.3664
3570000 301.00041 -2109.7806 1182.7094 1764.604
3575000 285.03493 -2109.1442 1238.9515 1678.7122
3580000 300.05118 -2109.8347 1226.3814 1799.7335
3585000 295.83574 -2097.3224 1260.6091 1808.7771
3590000 300.92389 -2080.8491 1309.3365 1919.4783
3595000 289.4861 -2073.4424 1205.3482 1720.6151
3600000 296.95846 -2088.0932 1186.7908 1754.2279
3605000 303.55861 -2060.5284 1253.7673 1907.7906
3610000 299.39404 -2084.5044 1260.1915 1852.9974
3615000 304.32883 -2068.3788 1218.8277 1871.8882
3620000 300.50751 -2071.4577 1240.9626 1856.7723
3625000 303.14413 -2079.9587 1215.3534 1846.2399
3630000 301.0486 -2095.3871 1246.5122 1843.2312
3635000 304.4269 -2069.3376 1217.8458 1870.8245
3640000 303.20503 -2094.2426 1232.3358 1849.483
3645000 300.22789 -2069.0517 1191.516 1807.2312
3650000 292.98159 -2077.8402 1244.8879 1787.0151
3655000 304.23072 -2053.8758 1236.5057 1903.1919
3660000 298.30561 -2083.5679 1210.5596 1794.5688
3665000 294.29664 -2059.5142 1257.8365 1830.0494
3670000 304.37209 -2081.9876 1178.5177 1818.3563
3675000 297.85781 -2057.7039 1252.888 1858.7567
3680000 302.54167 -2071.974 1218.7666 1852.2504
3685000 298.60519 -2070.0732 1253.3605 1853.5434
3690000 302.40107 -2076.6385 1188.9602 1816.5222
3695000 299.32021 -2068.4325 1284.572 1892.7895
3700000 304.23787 -2069.9217 1331.3206 1982.0248
3705000 297.15601 -2050.7603 1220.4779 1827.0144
3710000 299.84269 -2053.4466 1255.8649 1883.7406
3715000 305.32853 -2061.9906 1245.2174 1913.6058
3720000 302.50784 -2012.1724 1241.3998 1934.3826
3725000 299.69827 -2019.5754 1235.1635 1895.6189
3730000 306.39803 -2041.9211 1205.7226 1903.7445
3735000 302.18114 -2031.6886 1274.0836 1944.6287
3740000 303.20235 -2064.6084 1258.4296 1905.187
3745000 300.57948 -2061.4856 1249.6529 1876.0783
3750000 299.23699 -2037.785 1250.937 1889.0579
3755000 305.19562 -2036.2043 1282.8617 1975.8479
3760000 299.50962 -2043.4692 1209.3632 1844.2378
3765000 300.84963 -2039.6232 1256.2663 1906.9699
3770000 308.97622 -2044.3466 1226.3879 1945.0395
3775000 305.06335 -2067.154 1245.9953 1906.849
3780000 298.88822 -2069.5187 1260.246 1863.5144
3785000 301.37009 -2065.8227 1260.1034 1889.2617
3790000 299.68357 -2074.5375 1240.84 1846.2018
3795000 302.74836 -2084.8099 1213.9347 1836.4308
3800000 300.89432 -2051.6601 1217.6046 1856.6709
3805000 300.81598 -2061.9271 1261.3351 1889.4339
3810000 303.48337 -2085.5545 1245.2323 1873.5566
3815000 297.20652 -2118.0202 1260.1945 1799.9228
3820000 294.45 -2113.4555 1238.884 1758.527
3825000 301.03019 -2079.3163 1260.3261 1872.9513
3830000 293.14666 -2102.9279 1265.4086 1783.9242
3835000 304.40573 -2110.1012 1206.5193 1818.5451
3840000 308.72793 -2107.2197 1216.4538 1870.0121
3845000 295.38825 -2137.2552 1278.2862 1782.5198
3850000 306.65904 -2104.7031 1251.9954 1889.5693
3855000 299.62795 -2107.5537 1249.5525 1821.4008
3860000 310.21741 -2120.4427 1251.9585 1905.6134
3865000 293.24393 -2097.3868 1234.4173 1759.3438
3870000 299.50924 -2099.1415 1213.8011 1793.0
3875000 294.74536 -2108.7358 1266.987 1793.991
3880000 300.53894 -2119.222 1234.9325 1803.259
3885000 294.77307 -2127.3904 1274.5587 1783.1559
3890000 296.58717 -2110.5448 1231.2988 1772.9641
3895000 299.34795 -2124.585 1340.4041 1892.7173
3900000 305.17874 -2102.3587 1208.1068 1834.7876
3905000 301.32882 -2154.7946 1201.8574 1741.6748
3910000 301.77869 -2154.6227 1230.2572 1774.2693
3915000 299.90623 -2159.4098 1239.5289 1762.0096
3920000 306.22674 -2152.9474 1188.8355 1774.2994
3925000 305.48149 -2118.1842 1208.5372 1822.0999
3930000 296.89231 -2134.1342 1183.6466 1704.4511
3935000 297.35575 -2156.3682 1223.8674 1726.5822
3940000 299.61672 -2145.2479 1212.7335 1746.7871
3945000 300.85953 -2133.9166 1221.1285 1777.6272
3950000 294.02029 -2125.1824 1255.5062 1759.5797
3955000 301.69367 -2137.5739 1277.483 1837.7837
3960000 301.04155 -2143.5184 1278.1352 1826.6599
3965000 299.30486 -2135.3 1200.7258 1741.9385
3970000 301.3191 -2151.8169 1259.2208 1801.9289
3975000 290.68154 -2140.5683 1225.294 1684.125
3980000 295.24305 -2119.6109 1199.8982 1720.4777
3985000 300.81681 -2093.6536 1295.6115 1891.9912
3990000 298.04591 -2080.1359 1192.3277 1777.4465
3995000 300.18105 -2120.9588 1220.5989 1783.9882
4000000 292.63029 -2119.231 1245.0587 1742.6537
4005000 301.85998 -2136.4592 1256.225 1819.1276
4010000 304.98917 -2150.1429 1194.6019 1771.8034
4015000 296.66327 -2126.023 1246.1076 1772.9752
4020000 306.77239 -2125.2965 1221.3611 1839.3552
4025000 301.11624 -2141.2948 1274.619 1826.0351
4030000 302.4784 -2149.2 1235.4992 1791.1912
4035000 292.30773 -2128.2462 1282.5921 1768.2873
4040000 292.18982 -2158.6995 1210.1059 1664.2935
4045000 306.14857 -2150.9502 1222.636 1809.398
4050000 297.59508 -2155.1239 1261.6101 1767.7095
4055000 295.67877 -2164.8554 1267.744 1746.9753
4060000 298.61741 -2113.226 1250.1861 1807.3255
4065000 294.41296 -2147.2177 1218.7011 1704.2509
4070000 298.89159 -2137.7877 1236.679 1771.7085
4075000 296.47732 -2116.1455 1200.2316 1735.3138
4080000 298.63749 -2159.0479 1250.091 1761.5881
4085000 303.58603 -2147.2966 1272.0798 1839.5801
4090000 299.79763 -2124.2887 1226.2306 1782.8614
4095000 304.58237 -2163.6931 1264.0612 1824.0746
4100000 298.58898 -2164.3608 1225.348 1731.0982
4105000 301.10186 -2153.9862 1237.9719 1776.568
4110000 301.6169 -2163.6845 1223.716 1757.2195
4115000 301.86149 -2159.709 1249.4334 1789.0996
4120000 301.96807 -2146.0917 1259.7097 1813.9464
4125000 303.28774 -2155.9682 1279.8845 1836.0457
4130000 301.70305 -2144.5629 1272.8692 1826.2647
4135000 292.01058 -2147.4802 1269.4903 1733.2943
4140000 296.62864 -2162.8344 1202.6185 1692.365
4145000 305.70927 -2118.0242 1261.1492 1876.9088
4150000 303.95433 -2124.4375 1240.8835 1834.5363
4155000 299.02108 -2129.8247 1212.9629 1757.1133
4160000 298.93864 -2143.7761 1255.0988 1784.5606
4165000 299.55555 -2111.0304 1234.0241 1801.7484
4170000 301.52632 -2127.2672 1225.3367 1794.4475
4175000 307.89637 -2112.8569 1264.4882 1904.973
4180000 298.5218 -2117.3952 1216.6994 1768.8146
4185000 298.45419 -2089.4506 1300.9546 1880.4097
4190000 299.87179 -2082.3206 1240.5014 1839.7634
4195000 299.04378 -2071.4483 1261.5993 1864.3291
4200000 306.14869 -2066.8175 1217.6792 1888.5749
4205000 299.93452 -2081.944 1235.2773 1835.4768
4210000 304.76974 -2065.3216 1288.8312 1948.8918
4215000 292.28373 -2062.5367 1295.4944 1846.6845
4220000 298.5482 -2050.5591 1224.4415 1843.6289
4225000 304.96086 -2043.8254 1244.2883 1927.5541
4230000 304.07076 -2047.546 1263.1717 1934.7572
4235000 292.40281 -2085.3544 1234.6594 1764.0967
4240000 303.78396 -2098.0579 1211.6469 1830.1558
4245000 303.54506 -2110.1294 1240.052 1844.3531
4250000 297.96199 -2093.3368 1263.4995 1834.667
4255000 305.46525 -2075.0228 1194.2598 1850.8386
4260000 304.78854 -2124.3739 1294.9469 1896.1232
4265000 294.01439 -2117.8375 1232.2766 1743.6423
4270000 298.71006 -2125.7346 1274.9605 1820.4198
4275000 306.24475 -2102.4872 1211.6095 1847.6946
4280000 299.17932 -2099.3016 1281.8945 1857.9831
4285000 298.96673 -2100.7447 1280.6831 1853.4275
4290000 291.64188 -2119.6948 1273.8718 1762.1641
4295000 294.96151 -2066.9951 1290.2987 1860.9763
4300000 294.73075 -2116.8788 1247.8202 1766.5505
4305000 300.11498 -2111.2687 1230.7967 1803.2853
4310000 297.38707 -2085.1675 1268.9536 1843.1492
4315000 296.80944 -2106.5525 1259.201 1806.8462
4320000 298.2956 -2083.8438 1254.6156 1838.2594
4325000 294.8789 -2104.6607 1259.0416 1791.3148
4330000 300.36476 -2100.6528 1279.6075 1864.9456
4335000 298.46661 -2069.6227 1307.7858 1907.1798
4340000 306.51535 -2074.0398 1218.2301 1885.1825
4345000 302.31822 -2087.3207 1228.8603 1844.9992
4350000 300.33109 -2067.0506 1221.9575 1840.5967
4355000 297.27143 -2064.0264 1213.7023 1808.0049
4360000 293.87251 -2070.2624 1228.2322 1785.9043
4365000 299.10532 -2079.0682 1252.2271 1847.8873
4370000 304.27811 -2066.9748 1271.1142 1925.1252
4375000 305.21779 -2062.5394 1226.9795 1893.8289
4380000 296.6205 -2069.2851 1242.7105 1825.9335
4385000 299.38779 -2072.657 1278.9549 1883.5523
4390000 296.40893 -2058.954 1204.9849 1796.647
4395000 308.77667 -2051.1639 1273.4647 1983.5146
4400000 303.15054 -2081.0673 1250.7998 1880.635
4405000 303.38117 -2052.714 1225.8681 1886.1191
4410000 296.08889 -2049.7251 1224.2883 1822.3174
4415000 291.57375 -2105.6584 1244.912 1746.6314
4420000 307.69259 -2120.9654 1241.6511 1872.2053
4425000 304.18736 -2113.0874 1266.7706 1873.8573
4430000 303.67535 -2112.5439 1247.8155 1850.8672
4435000 295.51926 -2097.3475 1236.5892 1781.9021
4440000 301.13595 -2102.9935 1233.9484 1823.8421
4445000 297.58342 -2133.0136 1274.2379 1802.3431
4450000 296.21115 -2105.4546 1268.0214 1811.4143
4455000 293.47799 -2106.3191 1248.6612 1766.7485
4460000 303.70732 -2128.3683 1288.3291 1875.8423
4465000 310.55901 -2095.1202 1258.9055 1940.9375
4470000 301.26763 -2078.5685 1236.2164 1851.7127
4475000 305.9816 -2105.9445 1258.2872 1888.5618
4480000 303.77716 -2073.3271 1240.6536 1883.8325
4485000 300.53356 -2087.292 1261.4589 1861.6674
4490000 292.00906 -2085.4435 1247.667 1773.4942
4495000 299.97751 -2064.1263 1244.7268 1863.1284
4500000 294.27907 -2093.8862 1238.5946 1776.2784
4505000 301.26248 -2084.8731 1254.019 1863.1646
4510000 306.85071 -2074.1296 1238.5972 1908.4587
4515000 295.63562 -2069.2025 1265.1157 1839.6141
4520000 298.39474 -2091.2266 1251.0496 1828.1971
4525000 306.30633 -2095.9719 1224.1214 1867.2725
4530000 304.91548 -2081.6743 1186.9332 1831.9443
4535000 299.92305 -2085.1383 1271.4285 1868.3311
4540000 300.31094 -2079.2629 1269.6215 1875.8683
4545000 303.83887 -2086.8201 1274.3055 1904.5433
4550000 306.78354 -2059.1067 1239.297 1923.5807
4555000 296.5879 -2049.7088 1242.9087 1845.4165
4560000 289.25958 -2059.8273 1244.2395 1771.0957
4565000 307.96486 -2069.5317 1240.3074 1924.7299
4570000 302.53422 -2054.3113 1240.9153 1891.9952
4575000 298.20263 -2036.8486 1273.329 1903.1365
4580000 300.0765 -2050.9181 1240.9639 1873.4589
4585000 299.71033 -2044.3048 1229.3809 1865.2148
4590000 300.31904 -2030.9295 1231.1817 1885.8343
4595000 299.46156 -2030.5377 1226.0712 1873.4477
4600000 295.24517 -2032.4764 1290.6869 1898.4199
4605000 302.39484 -2019.2848 1263.7721 1948.632
4610000 285.60848 -2033.0438 1298.9559 1819.946
4615000 296.07339 -2032.3731 1238.49 1853.7325
4620000 299.82805 -2021.6591 1247.6433 1907.1756
4625000 300.71931 -2039.1138 1264.6619 1914.7095
4630000 295.97383 -2016.7961 1244.324 1874.2532
4635000 299.69819 -2027.0217 1223.688 1876.6965
4640000 303.79299 -2007.8416 1284.1135 1992.9195
4645000 299.46326 -2030.0014 1238.19 1886.1179
4650000 308.81412 -2000.7868 1223.1953 1983.9572
4655000 305.05985 -2035.1559 1228.1025 1920.9231
4660000 306.28043 -2017.6205 1257.8126 1979.0834
4665000 293.9397 -2054.6548 1270.3597 1844.2402
4670000 299.36456 -2060.6259 1223.873 1840.2937
4675000 302.45992 -2090.6973 1230.3114 1844.3408
4680000 302.82883 -2055.3428 1243.869 1896.5518
4685000 301.26263 -2061.1257 1270.0282 1902.9225
4690000 297.46801 -2045.98 1245.3021 1859.409
4695000 296.97063 -2048.3643 1230.7716 1838.0463
4700000 301.87155 -2075.5195 1220.3634 1844.3091
4705000 299.06878 -2073.0902 1222.6518 1823.9632
4710000 295.72891 -2040.9053 1287.9231 1891.5529
4715000 305.15787 -2063.9081 1225.3196 1890.2644
4720000 304.27385 -2070.8065 1192.4505 1842.5917
4725000 300.50912 -2050.3977 1247.6754 1884.5595
4730000 298.8945 -2055.6703 1313.4451 1930.6179
4735000 294.74656 -2093.4211 1189.461 1731.7904
4740000 305.93977 -2065.2309 1230.991 1901.6051
4745000 309.37233 -2065.9005 1268.9671 1969.607
4750000 300.29165 -2058.3409 1245.8351 1872.8313
4755000 288.83713 -2071.3747 1232.0297 1743.5608
4760000 297.99134 -2082.5285 1180.2684 1762.5067
4765000 298.15622 -2078.701 1248.491 1836.0312
4770000 303.82203 -2106.9153 1266.5062 1876.4982
4775000 302.69778 -2099.2902 1220.3118 1827.8754
4780000 304.88868 -2112.98 1257.3221 1870.7878
4785000 299.56853 -2103.5136 1267.7317 1843.0889
4790000 300.05835 -2099.9029 1211.5513 1794.8992
4795000 300.42899 -2102.2961 1281.1435 1865.4126
4800000 298.66729 -2086.9989 1200.6568 1784.4692
4805000 305.63334 -2091.761 1237.4698 1878.8136
4810000 292.13189 -2099.6948 1222.0326 1734.7068
4815000 295.98246 -2090.8931 1198.1414 1754.0507
4820000 298.31428 -2096.0965 1239.1678 1810.7259
4825000 299.23931 -2092.7174 1244.2072 1827.4164
4830000 300.04635 -2078.0578 1211.8045 1816.8902
4835000 297.47009 -2099.1716 1274.9668 1835.9007
4840000 297.22545 -2096.0865 1252.2249 1814.0562
4845000 304.2015 -2083.7877 1302.8332 1939.3462
4850000 290.78407 -2089.0327 1222.9293 1734.2128
4855000 299.90748 -2076.7259 1284.6922 1889.868
4860000 301.5215 -2051.4837 1257.4931 1902.3443
4865000 302.48697 -2045.5482 1253.4305 1912.8509
4870000 306.71239 -2056.6492 1229.2444 1915.3493
4875000 300.63371 -2055.4458 1244.9798 1877.93
4880000 295.94873 -2046.5799 1254.4191 1854.34
4885000 301.49077 -2075.9375 1249.6997 1869.8223
4890000 300.65793 -2039.9081 1260.7553 1909.4598
4895000 307.06085 -2055.3158 1263.1389 1953.6933
4900000 292.26571 -2054.9347 1254.3807 1813.0117
4905000 303.67379 -2055.0771 1275.6099 1936.1144
4910000 298.8473 -2037.6412 1239.6764 1874.4563
4915000 295.3975 -2031.7355 1275.7461 1885.5821
4920000 302.27521 -2034.3907 1298.01 1966.6942
4925000 303.79269 -2016.4055 1293.2348 1993.4742
4930000 300.58482 -2002.4915 1224.2478 1909.7151
4935000 303.13455 -2001.9598 1243.2717 1952.0715
4940000 301.95707 -2002.6944 1259.2383 1956.7738
4945000 301.85638 -1996.0095 1235.5035 1938.8236
4950000 302.0681 -2003.2115 1327.3168 2025.3282
4955000 301.19724 -2013.0318 1248.0122 1928.4157
4960000 307.55293 -1997.323 1263.7667 2016.7143
4965000 297.79605 -1986.0173 1214.0847 1891.0879
4970000 304.01835 -1969.2658 1272.3715 2021.7686
4975000 301.25359 -1975.9017 1255.6597 1973.6971
4980000 295.50087 -1989.8721 1235.8155 1888.4393
4985000 299.51107 -1991.5872 1290.4356 1977.2052
4990000 303.14315 -2006.6245 1303.2956 2007.5076
4995000 305.66227 -1997.9248 1211.096 1946.5346
5000000 298.88666 -2003.5043 1220.9823 1890.2511
5005000 298.74434 -2022.316 1225.9574 1875.1418
5010000 304.65649 -2012.7449 1295.0883 2006.7127
