68235000 411
68260000 412
68285000 412
68310000 412
68335000 412
68360000 412
68385000 412
68410000 412
68435000 412
68460000 412
68485000 412
68510000 412
68535000 412
68560000 412
68585000 412
68610000 412
68635000 412
68660000 412
68685000 412
68710000 412
68735000 412
68760000 412
68785000 412
68810000 412
68835000 413
68860000 412
68885000 412
68910000 412
68935000 412
68960000 412
68985000 412
69010000 412
69035000 412
69060000 412
69085000 412
69110000 412
69135000 412
69160000 412
69185000 412
69210000 412
69235000 412
69260000 412
69285000 412
69310000 412
69335000 412
69360000 412
69385000 412
69410000 412
69435000 412
69460000 412
69485000 412
69510000 412
69535000 412
69560000 412
69585000 412
69610000 412
69635000 412
69660000 412
69685000 412
69710000 412
69735000 412
69760000 412
69785000 412
69810000 412
69835000 412
69860000 412
69885000 412
69910000 412
69935000 412
69960000 412
69985000 412
70010000 412
70035000 412
70060000 412
70085000 412
70110000 412
70135000 412
70160000 412
70185000 412
70210000 412
70235000 412
70260000 412
70285000 412
70310000 412
70335000 412
70360000 412
70385000 412
70410000 412
70435000 412
70460000 412
70485000 412
70510000 412
70535000 412
70560000 412
70585000 412
70610000 412
70635000 412
70660000 412
70685000 412
70710000 412
70735000 412
70760000 412
70785000 412
70810000 412
70835000 412
70860000 412
70885000 412
70910000 412
70935000 412
70960000 412
70985000 412
71010000 412
71035000 412
71060000 412
71085000 412
71110000 412
71135000 412
71160000 412
71185000 412
71210000 412
71235000 412
71260000 412
71285000 412
71310000 412
71335000 412
71360000 412
71385000 412
71410000 412
71435000 412
71460000 412
71485000 412
71510000 412
71535000 412
71560000 412
71585000 412
71610000 412
71635000 412
71660000 412
71685000 412
71710000 412
71735000 412
71760000 412
71785000 412
71810000 412
71835000 412
71860000 412
71885000 412
71910000 412
71935000 412
71960000 412
71985000 412
72010000 412
72035000 412
72060000 412
72085000 412
72110000 412
72135000 412
72160000 412
72185000 412
72210000 412
72235000 413
72260000 413
72285000 413
72310000 413
72335000 413
72360000 413
72385000 413
72410000 413
72435000 413
72460000 413
72485000 413
72510000 413
72535000 413
72560000 413
72585000 413
72610000 413
72635000 413
72660000 413
72685000 413
72710000 413
72735000 413
72760000 413
72785000 413
72810000 413
72835000 413
72860000 413
72885000 413
72910000 413
72935000 413
72960000 413
72985000 413
73010000 413
73035000 413
73060000 413
73085000 413
73110000 413
73135000 413
73160000 413
73185000 413
73210000 413
73235000 413
73260000 413
73285000 413
73310000 413
73335000 413
73360000 413
73385000 413
73410000 413
73435000 413
73460000 413
73485000 413
73510000 413
73535000 413
73560000 413
73585000 413
73610000 412
73635000 412
73660000 412
73685000 411
73710000 411
73735000 411
73760000 411
73785000 411
73810000 411
73835000 412
73860000 412
73885000 412
73910000 412
73935000 412
73960000 412
73985000 412
74010000 412
74035000 412
74060000 412
74085000 412
74110000 412
74135000 412
74160000 412
74185000 412
74210000 412
74235000 412
74260000 412
74285000 412
74310000 412
74335000 412
74360000 412
74385000 413
74410000 413
74435000 413
74460000 413
74485000 413
74510000 413
74535000 413
74560000 413
74585000 413
74610000 412
74635000 412
74660000 412
74685000 412
74710000 412
74735000 412
74760000 412
74785000 412
74810000 412
74835000 412
74860000 412
74885000 412
74910000 412
74935000 412
74960000 412
74985000 412
75010000 412
75035000 412
75060000 412
75085000 412
75110000 412
75135000 412
75160000 413
75185000 413
75210000 413
75235000 413
75260000 413
75285000 413
75310000 413
75335000 413
75360000 413
75385000 413
75410000 413
75435000 413
75460000 413
75485000 413
75510000 413
75535000 413
75560000 413
75585000 413
75610000 413
75635000 413
75660000 413
75685000 413
75710000 413
75735000 413
75760000 413
75785000 413
75810000 413
75835000 413
75860000 413
75885000 413
75910000 413
75935000 413
75960000 413
75985000 413
76010000 413
76035000 413
76060000 413
76085000 413
76110000 413
76135000 413
76160000 413
76185000 413
76210000 413
76235000 413
76260000 414
76285000 414
76310000 414
76335000 414
76360000 414
76385000 414
76410000 414
76435000 414
76460000 414
76485000 414
76510000 414
76535000 413
76560000 413
76585000 413
76610000 413
76635000 413
76660000 413
76685000 413
76710000 413
76735000 413
76760000 413
76785000 413
76810000 413
76835000 413
76860000 413
76885000 413
76910000 413
76935000 413
76960000 413
76985000 413
77010000 413
77035000 413
77060000 413
77085000 413
77110000 413
77135000 413
77160000 413
77185000 413
77210000 413
77235000 413
77260000 413
77285000 413
77310000 413
77335000 413
77360000 413
77385000 413
77410000 413
77435000 413
77460000 413
77485000 413
77510000 413
77535000 413
77560000 413
77585000 413
77610000 413
77635000 413
77660000 413
77685000 413
77710000 413
77735000 413
77760000 414
77785000 414
77810000 414
77835000 414
77860000 414
77885000 414
77910000 414
77935000 414
77960000 414
77985000 414
78010000 414
78035000 414
78060000 414
78085000 414
78110000 414
78135000 414
78160000 414
78185000 414
78210000 414
78235000 414
78260000 414
78285000 414
78310000 414
78335000 414
78360000 414
78385000 414
78410000 414
78435000 415
78460000 415
78485000 415
78510000 415
78535000 415
78560000 415
78585000 415
78610000 415
78635000 415
78660000 415
78685000 415
78710000 415
78735000 415
78760000 414
78785000 414
78810000 414
78835000 414
78860000 414
78885000 414
78910000 414
78935000 414
78960000 414
78985000 414
79010000 414
79035000 414
79060000 414
79085000 414
79110000 414
79135000 414
79160000 414
79185000 414
79210000 414
79235000 414
79260000 414
79285000 414
79310000 414
79335000 414
79360000 414
79385000 414
79410000 414
79435000 414
79460000 414
79485000 414
79510000 414
79535000 414
79560000 414
79585000 414
79610000 414
79635000 414
79660000 414
79685000 414
79710000 414
79735000 414
79760000 414
79785000 414
79810000 414
79835000 414
79860000 414
79885000 413
79910000 413
79935000 413
79960000 413
79985000 413
80010000 413
80035000 413
80060000 413
80085000 413
80110000 413
80135000 413
80160000 413
80185000 413
80210000 413
80235000 413
80260000 413
80285000 413
80310000 413
80335000 413
80360000 413
80385000 413
80410000 413
80435000 413
80460000 413
80485000 413
80510000 413
80535000 413
80560000 413
80585000 413
80610000 413
80635000 413
80660000 413
80685000 413
80710000 413
80735000 413
80760000 413
80785000 413
80810000 413
80835000 413
80860000 413
80885000 413
80910000 413
80935000 413
80960000 413
80985000 413
81010000 414
81035000 414
81060000 414
81085000 414
81110000 414
81135000 414
81160000 414
81185000 414
81210000 414
81235000 414
81260000 414
81285000 414
81310000 414
81335000 414
81360000 414
81385000 414
81410000 414
81435000 414
81460000 414
81485000 414
81510000 414
81535000 414
81560000 414
81585000 414
81610000 414
81635000 414
81660000 414
81685000 414
81710000 414
81735000 414
81760000 414
81785000 414
81810000 414
81835000 414
81860000 414
81885000 414
81910000 414
81935000 414
81960000 414
81985000 414
82010000 414
82035000 414
82060000 414
82085000 414
82110000 414
82135000 414
82160000 414
82185000 414
82210000 414
82235000 414
82260000 414
82285000 414
82310000 414
82335000 414
82360000 414
82385000 414
82410000 414
82435000 414
82460000 414
82485000 414
82510000 414
82535000 413
82560000 413
82585000 413
82610000 412
82635000 412
82660000 412
82685000 412
82710000 412
82735000 412
82760000 412
82785000 412
82810000 412
82835000 412
82860000 412
82885000 412
82910000 412
82935000 412
82960000 412
82985000 412
83010000 412
83035000 412
83060000 412
83085000 412
83110000 412
83135000 412
83160000 412
83185000 412
83210000 412
83235000 412
83260000 413
83285000 413
83310000 413
83335000 413
83360000 413
83385000 413
83410000 413
83435000 413
83460000 413
83485000 413
83510000 413
83535000 413
83560000 413
83585000 413
83610000 413
83635000 413
83660000 413
83685000 413
83710000 413
83735000 413
83760000 413
83785000 413
83810000 413
83835000 413
83860000 413
83885000 413
83910000 413
83935000 413
83960000 413
83985000 413
84010000 413
84035000 414
84060000 414
84085000 414
84110000 414
84135000 414
84160000 414
84185000 414
84210000 414
84235000 414
84260000 414
84285000 415
84310000 415
84335000 415
84360000 415
84385000 415
84410000 415
84435000 415
84460000 415
84485000 415
84510000 415
84535000 415
84560000 415
84585000 415
84610000 415
84635000 415
84660000 415
84685000 415
84710000 415
84735000 415
84760000 415
84785000 415
84810000 415
84835000 415
84860000 415
84885000 415
84910000 415
84935000 415
84960000 415
84985000 415
85010000 415
85035000 415
85060000 415
85085000 415
85110000 415
85135000 415
85160000 415
85185000 415
85210000 415
85235000 415
85260000 415
85285000 415
85310000 415
85335000 415
85360000 415
85385000 415
85410000 415
85435000 415
85460000 415
85485000 415
85510000 415
85535000 415
85560000 415
85585000 415
85610000 415
85635000 415
85660000 415
85685000 415
85710000 415
85735000 415
85760000 415
85785000 415
85810000 415
85835000 415
85860000 415
85885000 415
85910000 415
85935000 415
85960000 415
85985000 415
86010000 415
86035000 415
86060000 415
86085000 415
86110000 415
86135000 415
86160000 415
86185000 415
86210000 415
86235000 415
86260000 415
86285000 415
86310000 415
86335000 415
86360000 415
86385000 415
86410000 416
86435000 416
86460000 416
86485000 416
86510000 416
86535000 416
86560000 416
86585000 416
86610000 416
86635000 416
86660000 416
86685000 416
86710000 416
86735000 416
86760000 416
86785000 416
86810000 416
86835000 416
86860000 416
86885000 416
86910000 416
86935000 416
86960000 416
86985000 416
87010000 416
87035000 416
87060000 416
87085000 416
87110000 416
87135000 416
87160000 416
87185000 416
87210000 416
87235000 416
87260000 416
87285000 416
87310000 416
87335000 416
87360000 416
87385000 416
87410000 416
87435000 416
87460000 416
87485000 416
87510000 416
87535000 417
87560000 417
87585000 417
87610000 418
87635000 418
87660000 417
87685000 417
87710000 417
87735000 417
87760000 417
87785000 417
87810000 417
87835000 417
87860000 417
87885000 417
87910000 417
87935000 417
87960000 417
87985000 417
88010000 417
88035000 417
88060000 417
88085000 417
88110000 417
88135000 417
88160000 417
88185000 417
88210000 417
88235000 417
88260000 417
88285000 417
88310000 417
88335000 417
88360000 417
88385000 417
88410000 417
88435000 417
88460000 417
88485000 417
88510000 417
88535000 417
88560000 417
88585000 417
88610000 417
88635000 417
88660000 417
88685000 417
88710000 417
88735000 417
88760000 417
88785000 417
88810000 417
88835000 417
88860000 417
88885000 417
88910000 417
88935000 417
88960000 417
88985000 417
89010000 417
89035000 417
89060000 417
89085000 417
89110000 417
89135000 417
89160000 417
89185000 417
89210000 417
89235000 417
89260000 417
89285000 417
89310000 417
89335000 417
89360000 417
89385000 417
89410000 417
89435000 417
89460000 417
89485000 417
89510000 417
89535000 417
89560000 416
89585000 416
89610000 416
89635000 416
89660000 416
89685000 416
89710000 416
89735000 416
89760000 416
89785000 416
89810000 416
89835000 416
89860000 416
89885000 416
89910000 416
89935000 416
89960000 416
89985000 416
90010000 416
90035000 416
90060000 416
90085000 416
90110000 415
90135000 415
90160000 415
90185000 415
90210000 415
90235000 415
90260000 415
90285000 415
90310000 415
90335000 415
90360000 415
90385000 415
90410000 415
90435000 415
90460000 415
90485000 415
90510000 415
90535000 415
90560000 415
90585000 415
90610000 415
90635000 415
90660000 415
90685000 415
90710000 415
90735000 415
90760000 415
90785000 415
90810000 415
90835000 415
90860000 414
90885000 415
90910000 415
90935000 415
90960000 415
90985000 415
91010000 415
91035000 415
91060000 415
91085000 415
91110000 415
91135000 415
91160000 415
91185000 415
91210000 415
91235000 415
91260000 415
91285000 415
91310000 415
91335000 415
91360000 415
91385000 415
91410000 415
91435000 416
91460000 416
91485000 416
91510000 416
91535000 416
91560000 416
91585000 416
91610000 416
91635000 416
91660000 416
91685000 416
91710000 416
91735000 416
91760000 416
91785000 416
91810000 416
91835000 416
91860000 416
91885000 416
91910000 416
91935000 416
91960000 416
91985000 416
92010000 416
92035000 416
92060000 416
92085000 416
92110000 416
92135000 416
92160000 416
92185000 416
92210000 416
92235000 415
92260000 415
92285000 415
92310000 415
92335000 415
92360000 415
92385000 415
92410000 415
92435000 415
92460000 415
92485000 415
92510000 415
92535000 415
92560000 415
92585000 415
92610000 415
92635000 415
92660000 415
92685000 415
92710000 415
92735000 415
92760000 415
92785000 415
92810000 415
92835000 415
92860000 415
92885000 415
92910000 415
92935000 415
92960000 415
92985000 415
93010000 415
93035000 415
93060000 415
93085000 415
93110000 415
93135000 415
93160000 415
93185000 415
93210000 415
93235000 415
93260000 415
93285000 415
93310000 415
93335000 415
93360000 415
93385000 415
93410000 415
93435000 415
93460000 415
93485000 415
93510000 415
93535000 415
93560000 415
93585000 415
93610000 415
93635000 415
93660000 415
93685000 415
93710000 415
93735000 415
93760000 415
93785000 415
93810000 415
93835000 415
93860000 415
93885000 415
93910000 415
93935000 415
93960000 415
93985000 415
94010000 415
94035000 415
94060000 415
94085000 415
94110000 415
94135000 415
94160000 415
94185000 415
94210000 415
94235000 415
94260000 415
94285000 415
94310000 415
94335000 415
94360000 415
94385000 415
94410000 415
94435000 415
94460000 415
94485000 415
94510000 415
94535000 415
94560000 415
94585000 415
94610000 415
94635000 415
94660000 415
94685000 415
94710000 415
94735000 415
94760000 415
94785000 415
94810000 415
94835000 415
94860000 415
94885000 415
94910000 415
94935000 415
94960000 415
94985000 415
95010000 415
95035000 415
95060000 415
95085000 415
95110000 415
95135000 415
95160000 415
95185000 415
95210000 415
95235000 415
95260000 415
95285000 415
95310000 415
95335000 415
95360000 415
95385000 415
95410000 415
95435000 415
95460000 415
95485000 415
95510000 415
95535000 415
95560000 415
95585000 415
95610000 415
95635000 415
95660000 415
95685000 415
95710000 415
95735000 415
95760000 415
95785000 416
95810000 416
95835000 416
95860000 416
95885000 416
95910000 416
95935000 416
95960000 416
95985000 416
96010000 416
96035000 416
96060000 416
96085000 415
96110000 415
96135000 415
96160000 415
96185000 414
96210000 414
96235000 414
96260000 414
96285000 414
96310000 414
96335000 414
96360000 414
96385000 414
96410000 414
96435000 414
96460000 414
96485000 414
96510000 414
96535000 414
96560000 414
96585000 414
96610000 414
96635000 414
96660000 414
96685000 414
96710000 414
96735000 414
96760000 414
96785000 414
96810000 414
96835000 414
96860000 414
96885000 414
96910000 414
96935000 414
96960000 414
96985000 414
97010000 414
97035000 414
97060000 414
97085000 414
97110000 414
97135000 414
97160000 414
97185000 414
97210000 414
97235000 414
97260000 414
97285000 414
97310000 414
97335000 414
97360000 414
97385000 414
97410000 414
97435000 414
97460000 414
97485000 415
97510000 415
97535000 415
97560000 415
97585000 415
97610000 415
97635000 415
97660000 415
97685000 415
97710000 415
97735000 415
97760000 415
97785000 415
97810000 415
97835000 415
97860000 415
97885000 415
97910000 415
97935000 415
97960000 415
97985000 415
98010000 415
98035000 415
98060000 415
98085000 415
98110000 415
98135000 415
98160000 415
98185000 415
98210000 415
98235000 415
98260000 415
98285000 415
98310000 415
98335000 415
98360000 415
98385000 415
98410000 415
98435000 414
98460000 414
98485000 415
98510000 415
98535000 415
98560000 415
98585000 415
98610000 415
98635000 415
98660000 415
98685000 415
98710000 415
98735000 415
98760000 415
98785000 415
98810000 415
98835000 415
98860000 415
98885000 415
98910000 415
98935000 415
98960000 415
98985000 415
99010000 415
99035000 415
99060000 415
99085000 415
99110000 415
99135000 415
99160000 415
99185000 415
99210000 415
99235000 415
99260000 415
99285000 415
99310000 415
99335000 415
99360000 415
99385000 415
99410000 415
99435000 415
99460000 415
99485000 415
99510000 415
99535000 415
99560000 415
99585000 415
99610000 415
99635000 415
99660000 415
99685000 415
99710000 415
99735000 415
99760000 415
99785000 415
99810000 415
99835000 415
99860000 415
99885000 415
99910000 415
99935000 415
99960000 415
99985000 415
100010000 415
100035000 415
100060000 415
100085000 415
100110000 415
100135000 415
100160000 415
100185000 415
100210000 415
100235000 415
100260000 415
100285000 415
100310000 415
100335000 415
100360000 415
100385000 415
100410000 415
100435000 415
100460000 415
100485000 415
100510000 415
100535000 415
100560000 415
100585000 415
100610000 415
100635000 415
100660000 415
100685000 415
100710000 415
100735000 415
100760000 415
100785000 415
100810000 415
100835000 415
100860000 415
100885000 415
100910000 415
100935000 415
100960000 415
100985000 415
101010000 415
101035000 415
101060000 415
101085000 415
101110000 415
101135000 415
101160000 415
101185000 415
101210000 415
101235000 415
101260000 415
101285000 415
101310000 415
101335000 415
101360000 415
101385000 415
101410000 415
101435000 415
101460000 415
101485000 415
101510000 415
101535000 415
101560000 415
101585000 415
101610000 415
101635000 415
101660000 415
101685000 415
101710000 415
101735000 416
101760000 416
101785000 416
101810000 416
101835000 416
101860000 416
101885000 416
101910000 416
101935000 416
101960000 416
101985000 416
102010000 416
102035000 416
102060000 416
102085000 416
102110000 416
102135000 416
102160000 416
102185000 416
102210000 416
102235000 416
102260000 416
102285000 416
102310000 416
102335000 416
102360000 416
102385000 416
102410000 416
102435000 416
102460000 416
102485000 416
102510000 416
102535000 416
102560000 416
102585000 416
102610000 416
102635000 416
102660000 416
102685000 416
102710000 416
102735000 416
102760000 416
102785000 416
102810000 416
102835000 416
102860000 416
102885000 416
102910000 417
102935000 417
102960000 417
102985000 417
103010000 417
103035000 417
103060000 417
103085000 417
103110000 417
103135000 417
103160000 417
103185000 417
103210000 417
103235000 417
103260000 417
103285000 417
103310000 417
103335000 417
103360000 417
103385000 417
103410000 417
103435000 417
103460000 417
103485000 417
103510000 417
103535000 417
103560000 417
103585000 417
103610000 417
103635000 417
103660000 417
103685000 417
103710000 417
103735000 417
103760000 417
103785000 417
103810000 417
103835000 417
103860000 417
103885000 417
103910000 417
103935000 417
103960000 417
103985000 417
104010000 417
104035000 417
104060000 416
104085000 417
104110000 417
104135000 417
104160000 417
104185000 417
104210000 417
104235000 417
104260000 417
104285000 417
104310000 417
104335000 417
104360000 417
104385000 417
104410000 417
104435000 417
104460000 417
104485000 417
104510000 417
104535000 417
104560000 417
104585000 417
104610000 417
104635000 416
104660000 417
104685000 417
104710000 417
104735000 417
104760000 417
104785000 417
104810000 417
104835000 417
104860000 417
104885000 417
104910000 417
104935000 417
104960000 417
104985000 417
105010000 416
105035000 416
105060000 416
105085000 416
105110000 416
105135000 416
105160000 416
105185000 416
105210000 415
105235000 416
105260000 415
105285000 416
105310000 416
105335000 416
105360000 416
105385000 416
105410000 416
105435000 416
105460000 416
105485000 416
105510000 416
105535000 416
105560000 416
105585000 416
105610000 416
105635000 416
105660000 416
105685000 416
105710000 416
105735000 416
105760000 416
105785000 416
105810000 416
105835000 416
105860000 416
105885000 416
105910000 416
105935000 416
105960000 416
105985000 416
106010000 416
106035000 416
106060000 416
106085000 416
106110000 416
106135000 416
106160000 416
106185000 416
106210000 416
106235000 416
106260000 416
106285000 416
106310000 416
106335000 416
106360000 416
106385000 416
106410000 416
106435000 416
106460000 416
106485000 416
106510000 416
106535000 416
106560000 416
106585000 416
106610000 416
106635000 416
106660000 416
106685000 416
106710000 416
106735000 416
106760000 416
106785000 416
106810000 416
106835000 416
106860000 416
106885000 416
106910000 416
106935000 416
106960000 416
106985000 416
107010000 416
107035000 416
107060000 416
107085000 416
107110000 416
107135000 416
107160000 416
107185000 416
107210000 416
107235000 416
107260000 416
107285000 416
107310000 416
107335000 416
107360000 416
107385000 416
107410000 416
107435000 416
107460000 416
107485000 416
107510000 416
107535000 416
107560000 416
107585000 416
107610000 416
107635000 416
107660000 416
107685000 416
107710000 416
107735000 416
107760000 416
107785000 415
107810000 415
107835000 415
107860000 414
107885000 414
107910000 414
107935000 414
107960000 414
107985000 414
108010000 414
108035000 414
108060000 414
108085000 414
108110000 414
108135000 414
108160000 414
108185000 414
108210000 414
108235000 414
108260000 414
108285000 414
108310000 414
108335000 414
108360000 414
108385000 415
108410000 415
108435000 415
108460000 415
108485000 415
108510000 415
108535000 415
108560000 415
108585000 415
108610000 415
108635000 415
108660000 415
108685000 415
108710000 415
108735000 415
108760000 415
108785000 415
108810000 415
108835000 415
108860000 415
108885000 415
108910000 415
108935000 415
108960000 415
108985000 415
109010000 415
109035000 415
109060000 415
109085000 415
109110000 415
109135000 415
109160000 415
109185000 415
109210000 415
109235000 415
109260000 415
109285000 415
109310000 415
109335000 415
109360000 415
109385000 415
109410000 415
109435000 415
109460000 415
109485000 415
109510000 415
109535000 415
109560000 415
109585000 415
109610000 415
109635000 415
109660000 415
109685000 415
109710000 415
109735000 415
109760000 415
109785000 415
109810000 415
109835000 415
109860000 415
109885000 415
109910000 415
109935000 415
109960000 414
109985000 414
110010000 414
110035000 415
110060000 415
110085000 415
110110000 415
110135000 415
110160000 415
110185000 415
110210000 415
110235000 415
110260000 415
110285000 415
110310000 415
110335000 414
110360000 414
110385000 414
110410000 414
110435000 414
110460000 414
110485000 414
110510000 414
110535000 414
110560000 414
110585000 414
110610000 414
110635000 414
110660000 414
110685000 414
110710000 414
110735000 414
110760000 414
110785000 414
110810000 414
110835000 414
110860000 414
110885000 414
110910000 414
110935000 414
110960000 414
110985000 414
111010000 414
111035000 414
111060000 414
111085000 414
111110000 414
111135000 415
111160000 415
111185000 415
111210000 415
111235000 415
111260000 415
111285000 414
111310000 414
111335000 414
111360000 414
111385000 414
111410000 414
111435000 414
111460000 414
111485000 414
111510000 414
111535000 414
111560000 414
111585000 414
111610000 414
111635000 414
111660000 414
111685000 414
111710000 414
111735000 414
111760000 414
111785000 413
111810000 413
111835000 413
111860000 413
111885000 413
111910000 413
111935000 413
111960000 413
111985000 413
112010000 413
112035000 414
112060000 413
112085000 413
112110000 413
112135000 413
112160000 414
112185000 414
112210000 414
112235000 414
112260000 413
112285000 413
112310000 413
112335000 413
112360000 413
112385000 413
112410000 413
112435000 413
112460000 413
112485000 413
112510000 413
112535000 413
112560000 413
112585000 413
112610000 413
112635000 413
112660000 413
112685000 413
112710000 413
112735000 413
112760000 413
112785000 413
112810000 413
112835000 413
112860000 412
112885000 412
112910000 412
112935000 412
112960000 412
112985000 412
113010000 412
113035000 412
113060000 412
113085000 412
113110000 412
113135000 412
113160000 412
113185000 412
113210000 412
113235000 412
113260000 412
113285000 412
113310000 412
113335000 412
113360000 412
113385000 412
113410000 412
113435000 412
113460000 412
113485000 412
113510000 412
113535000 412
113560000 412
113585000 412
113610000 412
113635000 412
113660000 412
113685000 412
113710000 412
113735000 412
113760000 411
113785000 412
113810000 412
113835000 412
113860000 412
113885000 412
113910000 412
113935000 412
113960000 412
113985000 412
114010000 412
114035000 412
114060000 412
114085000 412
114110000 412
114135000 412
114160000 412
114185000 412
114210000 412
114235000 412
114260000 412
114285000 412
114310000 412
114335000 412
114360000 412
114385000 412
114410000 412
114435000 412
114460000 412
114485000 412
114510000 412
114535000 412
114560000 412
114585000 412
114610000 412
114635000 412
114660000 412
114685000 412
114710000 412
114735000 412
114760000 412
114785000 412
114810000 412
114835000 412
114860000 412
114885000 412
114910000 412
114935000 412
114960000 412
114985000 412
115010000 412
115035000 412
115060000 412
115085000 412
115110000 412
115135000 412
115160000 412
115185000 412
115210000 412
115235000 412
115260000 412
115285000 412
115310000 412
115335000 412
115360000 412
115385000 412
115410000 412
115435000 412
115460000 412
115485000 412
115510000 412
115535000 412
115560000 412
115585000 412
115610000 412
115635000 412
115660000 412
115685000 412
115710000 412
115735000 412
115760000 412
115785000 412
115810000 412
115835000 412
115860000 412
115885000 412
115910000 412
115935000 412
115960000 412
115985000 412
116010000 411
116035000 411
116060000 411
116085000 411
116110000 411
116135000 411
116160000 411
116185000 411
116210000 411
116235000 411
116260000 411
116285000 411
116310000 411
116335000 411
116360000 411
116385000 411
116410000 411
116435000 411
116460000 411
116485000 411
116510000 411
116535000 411
116560000 411
116585000 411
116610000 411
116635000 411
116660000 411
116685000 411
116710000 411
116735000 411
116760000 411
116785000 411
116810000 411
116835000 411
116860000 411
116885000 411
116910000 411
116935000 411
116960000 411
116985000 411
117010000 411
117035000 411
117060000 411
117085000 411
117110000 411
117135000 411
117160000 411
117185000 411
117210000 411
117235000 412
117260000 412
117285000 412
117310000 412
117335000 412
117360000 412
117385000 412
117410000 412
117435000 412
117460000 412
117485000 412
117510000 413
117535000 413
117560000 413
117585000 413
117610000 413
117635000 413
117660000 413
117685000 413
117710000 413
117735000 413
117760000 413
117785000 413
117810000 413
117835000 413
117860000 413
117885000 413
117910000 413
117935000 413
117960000 413
117985000 413
118010000 413
118035000 413
118060000 413
118085000 413
118110000 413
118135000 413
118160000 413
118185000 413
118210000 413
118235000 413
118260000 413
118285000 413
118310000 413
118335000 413
118360000 413
118385000 413
118410000 413
118435000 413
118460000 413
118485000 413
118510000 413
118535000 413
118560000 413
118585000 413
118610000 413
118635000 413
118660000 413
118685000 413
118710000 413
118735000 413
118760000 413
118785000 413
118810000 413
118835000 413
118860000 413
118885000 413
118910000 413
118935000 413
118960000 413
118985000 413
119010000 413
119035000 413
119060000 413
119085000 413
119110000 413
119135000 413
119160000 413
119185000 413
119210000 413
119235000 413
119260000 413
119285000 413
119310000 413
119335000 413
119360000 413
119385000 413
119410000 413
119435000 413
119460000 413
119485000 413
119510000 413
119535000 413
119560000 413
119585000 413
119610000 413
119635000 413
119660000 413
119685000 413
119710000 413
119735000 413
119760000 413
119785000 413
119810000 413
119835000 413
119860000 413
119885000 413
119910000 413
119935000 413
119960000 413
119985000 413
120010000 413
120035000 413
120060000 413
120085000 413
120110000 413
120135000 413
120160000 413
120185000 413
120210000 413
120235000 413
120260000 413
120285000 413
120310000 413
120335000 413
120360000 414
120385000 414
120410000 414
120435000 414
120460000 414
120485000 414
120510000 414
120535000 414
120560000 414
120585000 414
120610000 414
120635000 414
120660000 414
120685000 414
120710000 414
120735000 414
120760000 414
120785000 414
120810000 414
120835000 414
120860000 414
120885000 414
120910000 414
120935000 414
120960000 414
120985000 414
121010000 414
121035000 415
121060000 415
121085000 415
121110000 415
121135000 415
121160000 415
121185000 415
121210000 415
121235000 415
121260000 415
121285000 415
121310000 415
121335000 415
121360000 415
121385000 415
121410000 415
121435000 415
121460000 415
121485000 415
121510000 415
121535000 415
121560000 415
121585000 415
121610000 415
121635000 415
121660000 415
121685000 415
121710000 415
121735000 415
121760000 415
121785000 415
121810000 415
121835000 415
121860000 415
121885000 415
121910000 415
121935000 415
121960000 415
121985000 415
122010000 415
122035000 415
122060000 414
122085000 414
122110000 414
122135000 414
122160000 414
122185000 414
122210000 414
122235000 414
122260000 414
122285000 414
122310000 414
122335000 414
122360000 414
122385000 414
122410000 414
122435000 414
122460000 414
122485000 414
122510000 414
122535000 414
122560000 414
122585000 414
122610000 414
122635000 414
122660000 414
122685000 414
122710000 414
122735000 414
122760000 414
122785000 414
122810000 414
122835000 414
122860000 414
122885000 414
122910000 414
122935000 414
122960000 414
122985000 414
123010000 414
123035000 414
123060000 414
123085000 414
123110000 414
123135000 414
123160000 414
123185000 414
123210000 413
123235000 413
123260000 413
123285000 413
123310000 413
123335000 413
123360000 413
123385000 413
123410000 413
123435000 413
123460000 413
123485000 413
123510000 413
123535000 413
123560000 413
123585000 413
123610000 413
123635000 413
123660000 413
123685000 414
123710000 414
123735000 414
123760000 414
123785000 414
123810000 414
123835000 414
123860000 414
123885000 414
123910000 414
123935000 414
123960000 414
123985000 414
124010000 414
124035000 414
124060000 414
124085000 414
124110000 414
124135000 414
124160000 414
124185000 414
124210000 414
124235000 414
124260000 414
124285000 414
124310000 414
124335000 414
124360000 413
124385000 414
124410000 414
124435000 414
124460000 414
124485000 414
124510000 414
124535000 414
124560000 414
124585000 414
124610000 414
124635000 415
124660000 415
124685000 415
124710000 415
124735000 415
124760000 415
124785000 415
124810000 414
124835000 414
124860000 414
124885000 413
124910000 414
124935000 414
124960000 414
124985000 414
125010000 414
125035000 414
125060000 414
125085000 414
125110000 414
125135000 414
125160000 414
125185000 414
125210000 414
125235000 414
125260000 414
125285000 414
125310000 414
125335000 414
125360000 414
125385000 414
125410000 414
125435000 415
125460000 415
125485000 415
125510000 415
125535000 415
125560000 415
125585000 415
125610000 415
125635000 415
125660000 415
125685000 415
125710000 415
125735000 415
125760000 415
125785000 415
125810000 415
125835000 415
125860000 415
125885000 415
125910000 415
125935000 415
125960000 415
125985000 415
126010000 415
126035000 415
126060000 415
126085000 415
126110000 415
126135000 415
126160000 415
126185000 415
126210000 415
126235000 415
126260000 415
126285000 415
126310000 415
126335000 415
126360000 415
126385000 415
126410000 415
126435000 415
126460000 415
126485000 415
126510000 415
126535000 415
126560000 415
126585000 415
126610000 415
126635000 415
126660000 414
126685000 414
126710000 414
126735000 414
126760000 414
126785000 414
126810000 414
126835000 414
126860000 414
126885000 414
126910000 414
126935000 414
126960000 414
126985000 414
127010000 414
127035000 414
127060000 414
127085000 414
127110000 414
127135000 414
127160000 414
127185000 414
127210000 414
127235000 414
127260000 414
127285000 414
127310000 414
127335000 413
127360000 413
127385000 413
127410000 413
127435000 413
127460000 413
127485000 413
127510000 413
127535000 413
127560000 413
127585000 413
127610000 413
127635000 413
127660000 413
127685000 413
127710000 414
127735000 414
127760000 414
127785000 414
127810000 414
127835000 414
127860000 414
127885000 414
127910000 414
127935000 414
127960000 414
127985000 414
128010000 414
128035000 414
128060000 414
128085000 414
128110000 414
128135000 414
128160000 414
128185000 414
128210000 414
128235000 415
128260000 415
128285000 415
128310000 415
128335000 415
128360000 415
128385000 415
128410000 415
128435000 415
128460000 415
128485000 415
128510000 415
128535000 415
128560000 415
128585000 415
128610000 415
128635000 415
128660000 415
128685000 415
128710000 415
128735000 415
128760000 415
128785000 415
128810000 415
128835000 415
128860000 415
128885000 415
128910000 415
128935000 415
128960000 415
128985000 415
129010000 415
129035000 415
129060000 415
129085000 415
129110000 415
129135000 415
129160000 415
129185000 415
129210000 416
129235000 416
129260000 416
129285000 416
129310000 416
129335000 416
129360000 416
129385000 416
129410000 416
129435000 416
129460000 416
129485000 416
129510000 416
129535000 416
129560000 416
129585000 417
129610000 417
129635000 417
129660000 417
129685000 417
129710000 417
129735000 417
129760000 417
129785000 417
129810000 416
129835000 416
129860000 416
129885000 416
129910000 416
129935000 416
129960000 416
129985000 416
130010000 416
130035000 416
130060000 416
130085000 416
130110000 416
130135000 416
130160000 416
130185000 416
130210000 416
130235000 416
130260000 416
130285000 416
130310000 416
130335000 415
130360000 415
130385000 416
130410000 416
130435000 416
130460000 416
130485000 416
130510000 416
130535000 416
130560000 416
130585000 416
130610000 416
130635000 416
130660000 416
130685000 416
130710000 416
130735000 416
130760000 416
130785000 416
130810000 416
130835000 416
130860000 416
130885000 416
130910000 416
130935000 416
130960000 416
130985000 416
131010000 417
131035000 416
131060000 417
131085000 417
131110000 417
131135000 417
131160000 417
131185000 417
131210000 417
131235000 417
131260000 417
131285000 417
131310000 417
131335000 417
131360000 417
131385000 417
131410000 417
131435000 417
131460000 417
131485000 417
131510000 417
131535000 417
131560000 417
131585000 417
131610000 417
131635000 417
131660000 417
131685000 417
131710000 418
131735000 418
131760000 418
131785000 418
131810000 418
131835000 418
131860000 418
131885000 418
131910000 418
131935000 418
131960000 418
131985000 418
132010000 418
132035000 418
132060000 418
132085000 418
132110000 418
132135000 418
132160000 418
132185000 417
132210000 418
132235000 418
132260000 418
132285000 418
132310000 418
132335000 418
132360000 418
132385000 418
132410000 418
132435000 418
132460000 418
132485000 418
132510000 418
132535000 418
132560000 418
132585000 418
132610000 418
132635000 418
132660000 418
132685000 418
132710000 418
132735000 418
132760000 418
132785000 418
132810000 418
132835000 418
132860000 418
132885000 418
132910000 418
132935000 418
132960000 418
132985000 418
133010000 418
133035000 418
133060000 418
133085000 418
133110000 418
133135000 418
133160000 418
133185000 418
133210000 418
133235000 418
133260000 418
133285000 418
133310000 418
133335000 418
133360000 418
133385000 418
133410000 418
133435000 418
133460000 418
133485000 418
133510000 418
133535000 418
133560000 418
133585000 418
133610000 418
133635000 418
133660000 418
133685000 418
133710000 418
133735000 418
133760000 417
133785000 417
133810000 417
133835000 417
133860000 417
133885000 417
133910000 417
133935000 417
133960000 417
133985000 417
134010000 417
134035000 417
134060000 417
134085000 417
134110000 417
134135000 417
134160000 417
134185000 417
134210000 417
134235000 417
134260000 417
134285000 417
134310000 417
134335000 417
134360000 417
134385000 417
134410000 417
134435000 417
134460000 417
134485000 417
134510000 417
134535000 416
134560000 416
134585000 416
134610000 416
134635000 416
134660000 416
134685000 416
134710000 416
134735000 417
134760000 417
134785000 417
134810000 417
134835000 417
134860000 417
134885000 417
134910000 417
134935000 417
134960000 417
134985000 417
135010000 417
135035000 417
135060000 417
135085000 417
135110000 417
135135000 417
135160000 417
135185000 417
135210000 417
135235000 417
135260000 417
135285000 417
135310000 417
135335000 417
135360000 417
135385000 417
135410000 417
135435000 417
135460000 417
135485000 417
135510000 417
135535000 417
135560000 417
135585000 417
135610000 417
135635000 417
135660000 417
135685000 417
135710000 417
135735000 417
135760000 417
135785000 417
135810000 417
135835000 417
135860000 417
135885000 417
135910000 417
135935000 417
135960000 417
135985000 417
136010000 417
136035000 417
136060000 417
136085000 417
136110000 417
136135000 417
136160000 417
136185000 417
136210000 417
136235000 417
136260000 417
136285000 417
136310000 417
136335000 416
136360000 416
136385000 416
136410000 416
136435000 416
136460000 416
136485000 416
136510000 416
136535000 416
136560000 416
136585000 416
136610000 416
136635000 417
136660000 417
136685000 417
136710000 417
136735000 417
136760000 417
136785000 417
136810000 417
136835000 417
136860000 417
136885000 417
136910000 417
136935000 417
136960000 417
136985000 417
137010000 417
137035000 417
137060000 417
137085000 417
137110000 417
137135000 417
137160000 417
137185000 417
137210000 417
137235000 417
137260000 417
137285000 417
137310000 417
137335000 417
137360000 417
137385000 417
137410000 417
137435000 417
137460000 417
137485000 417
137510000 417
137535000 417
137560000 417
137585000 417
137610000 417
137635000 417
137660000 417
137685000 417
137710000 417
137735000 416
137760000 415
137785000 415
137810000 415
137835000 415
137860000 415
137885000 415
137910000 415
137935000 415
137960000 415
137985000 415
138010000 415
138035000 415
138060000 415
138085000 415
138110000 415
138135000 415
138160000 415
138185000 415
138210000 415
138235000 415
138260000 415
138285000 415
138310000 415
138335000 415
138360000 415
138385000 414
138410000 414
138435000 414
138460000 414
138485000 414
138510000 414
138535000 414
138560000 414
138585000 414
138610000 414
138635000 414
138660000 414
138685000 414
138710000 414
138735000 414
138760000 414
138785000 414
138810000 414
138835000 414
138860000 414
138885000 414
138910000 414
138935000 414
138960000 414
138985000 414
139010000 414
139035000 414
139060000 414
139085000 414
139110000 414
139135000 414
139160000 414
139185000 414
139210000 413
139235000 413
139260000 413
139285000 413
139310000 413
139335000 413
139360000 413
139385000 413
139410000 414
139435000 414
139460000 414
139485000 414
139510000 414
139535000 414
139560000 414
139585000 414
139610000 414
139635000 414
139660000 414
139685000 414
139710000 415
139735000 415
139760000 415
139785000 415
139810000 415
139835000 415
139860000 415
139885000 415
139910000 415
139935000 415
139960000 415
139985000 415
140010000 415
140035000 415
140060000 415
140085000 415
140110000 415
140135000 415
140160000 414
140185000 414
140210000 414
140235000 414
140260000 414
140285000 414
140310000 414
140335000 414
140360000 414
140385000 414
140410000 414
140435000 414
140460000 414
140485000 414
140510000 414
140535000 414
140560000 414
140585000 414
140610000 414
140635000 414
140660000 414
140685000 414
140710000 414
140735000 414
140760000 414
140785000 414
140810000 414
140835000 414
140860000 414
140885000 414
140910000 414
140935000 414
140960000 414
140985000 414
141010000 414
141035000 414
141060000 414
141085000 414
141110000 414
141135000 414
141160000 414
141185000 414
141210000 414
141235000 414
141260000 414
141285000 414
141310000 414
141335000 414
141360000 414
141385000 414
141410000 414
141435000 414
141460000 414
141485000 414
141510000 414
141535000 414
141560000 414
141585000 414
141610000 414
141635000 414
141660000 414
141685000 414
141710000 414
141735000 414
141760000 414
141785000 414
141810000 414
141835000 414
141860000 414
141885000 414
141910000 414
141935000 414
141960000 414
141985000 414
142010000 414
142035000 414
142060000 414
142085000 414
142110000 414
142135000 414
142160000 414
142185000 414
142210000 414
142235000 414
142260000 414
142285000 414
142310000 414
142335000 414
142360000 414
142385000 414
142410000 414
142435000 414
142460000 414
142485000 414
142510000 414
142535000 414
142560000 414
142585000 414
142610000 414
142635000 414
142660000 414
142685000 414
142710000 414
142735000 414
142760000 414
142785000 414
142810000 414
142835000 414
142860000 414
142885000 414
142910000 414
142935000 413
142960000 413
142985000 413
143010000 413
143035000 413
143060000 413
143085000 413
143110000 413
143135000 413
143160000 413
143185000 413
143210000 413
143235000 413
143260000 413
143285000 413
143310000 413
143335000 413
143360000 413
143385000 413
143410000 413
143435000 413
143460000 413
143485000 413
143510000 413
143535000 413
143560000 413
143585000 413
143610000 413
143635000 413
143660000 413
143685000 413
143710000 413
143735000 413
143760000 413
143785000 413
143810000 413
143835000 413
143860000 413
143885000 413
143910000 413
143935000 414
143960000 414
143985000 414
144010000 414
144035000 414
144060000 414
144085000 414
144110000 414
144135000 414
144160000 414
144185000 414
144210000 414
144235000 414
144260000 414
144285000 414
144310000 414
144335000 414
144360000 414
144385000 414
144410000 414
144435000 414
144460000 414
144485000 414
144510000 414
144535000 414
144560000 414
144585000 414
144610000 414
144635000 414
144660000 414
144685000 414
144710000 415
144735000 415
144760000 415
144785000 415
144810000 415
144835000 414
144860000 415
144885000 415
144910000 415
144935000 415
144960000 415
144985000 416
145010000 416
145035000 416
145060000 416
145085000 416
145110000 416
145135000 416
145160000 416
145185000 416
145210000 416
145235000 416
145260000 416
145285000 416
145310000 416
145335000 417
145360000 417
145385000 417
145410000 417
145435000 417
145460000 417
145485000 417
145510000 417
145535000 417
145560000 417
145585000 418
145610000 418
145635000 418
145660000 418
145685000 418
145710000 418
145735000 418
145760000 418
145785000 418
145810000 418
145835000 418
145860000 418
145885000 418
145910000 418
145935000 418
145960000 418
145985000 418
146010000 418
146035000 418
146060000 418
146085000 418
146110000 418
146135000 418
146160000 418
146185000 418
146210000 418
146235000 418
146260000 418
146285000 418
146310000 418
146335000 417
146360000 417
146385000 417
146410000 417
146435000 417
146460000 417
146485000 417
146510000 417
146535000 417
146560000 417
146585000 417
146610000 417
146635000 417
146660000 416
146685000 416
146710000 416
146735000 416
146760000 416
146785000 416
146810000 416
146835000 416
146860000 416
146885000 416
146910000 416
146935000 416
146960000 416
146985000 416
147010000 416
147035000 416
147060000 416
147085000 416
147110000 416
147135000 416
147160000 416
147185000 416
147210000 416
147235000 416
147260000 416
147285000 416
147310000 416
147335000 416
147360000 416
147385000 416
147410000 416
147435000 416
147460000 416
147485000 416
147510000 416
147535000 416
147560000 416
147585000 416
147610000 416
147635000 416
147660000 416
147685000 417
147710000 417
147735000 417
147760000 417
147785000 417
147810000 417
147835000 417
147860000 417
147885000 417
147910000 417
147935000 417
147960000 417
147985000 417
148010000 418
148035000 418
148060000 419
148085000 419
148110000 419
148135000 418
148160000 418
148185000 418
148210000 418
148235000 418
148260000 418
148285000 418
148310000 418
148335000 418
148360000 418
148385000 418
148410000 418
148435000 418
148460000 418
148485000 418
148510000 418
148535000 418
148560000 418
148585000 418
148610000 418
148635000 418
148660000 418
148685000 418
148710000 418
148735000 418
148760000 418
148785000 418
148810000 418
148835000 418
148860000 418
148885000 418
148910000 418
148935000 418
148960000 418
148985000 418
149010000 418
149035000 418
149060000 418
149085000 418
149110000 418
149135000 418
149160000 418
149185000 418
149210000 418
149235000 418
149260000 418
149285000 418
149310000 418
149335000 418
149360000 418
149385000 418
149410000 418
149435000 418
149460000 418
149485000 417
149510000 418
149535000 418
149560000 418
149585000 418
149610000 418
149635000 418
149660000 418
149685000 418
149710000 418
149735000 418
149760000 418
149785000 418
149810000 418
149835000 418
149860000 418
149885000 418
149910000 418
149935000 418
149960000 418
149985000 418
150010000 418
150035000 418
150060000 418
150085000 418
150110000 418
150135000 418
150160000 418
150185000 418
150210000 418
150235000 418
150260000 418
150285000 418
150310000 418
150335000 418
150360000 418
150385000 419
150410000 419
150435000 419
150460000 419
150485000 419
150510000 419
150535000 419
150560000 419
150585000 419
150610000 419
150635000 419
150660000 419
150685000 419
150710000 419
150735000 419
150760000 419
150785000 419
150810000 419
150835000 419
150860000 419
150885000 419
150910000 419
150935000 419
150960000 419
150985000 419
151010000 419
151035000 419
151060000 419
151085000 419
151110000 419
151135000 419
151160000 419
151185000 419
151210000 419
151235000 419
151260000 419
151285000 419
151310000 419
151335000 419
151360000 419
151385000 419
151410000 419
151435000 419
151460000 419
151485000 419
151510000 419
151535000 419
151560000 419
151585000 419
151610000 419
151635000 419
151660000 419
151685000 419
151710000 419
151735000 419
151760000 419
151785000 419
151810000 419
151835000 418
151860000 418
151885000 418
151910000 418
151935000 418
151960000 418
151985000 418
152010000 418
152035000 418
152060000 418
152085000 418
152110000 418
152135000 418
152160000 418
152185000 418
152210000 418
152235000 418
152260000 418
152285000 418
152310000 418
152335000 418
152360000 418
152385000 418
152410000 418
152435000 418
152460000 418
152485000 418
152510000 418
152535000 418
152560000 418
152585000 418
152610000 418
152635000 418
152660000 418
152685000 418
152710000 418
152735000 418
152760000 418
152785000 418
152810000 418
152835000 418
152860000 418
152885000 418
152910000 418
152935000 418
152960000 418
152985000 418
153010000 418
153035000 418
153060000 418
153085000 418
153110000 418
153135000 418
153160000 417
153185000 417
153210000 417
153235000 417
153260000 417
153285000 417
153310000 417
153335000 417
153360000 417
153385000 417
153410000 417
153435000 417
153460000 417
153485000 417
153510000 417
153535000 417
153560000 417
153585000 417
153610000 417
153635000 417
153660000 416
153685000 417
153710000 417
153735000 417
153760000 417
153785000 417
153810000 417
153835000 418
153860000 418
153885000 418
153910000 418
153935000 418
153960000 418
153985000 418
154010000 418
154035000 418
154060000 418
154085000 418
154110000 418
154135000 418
154160000 418
154185000 418
154210000 418
154235000 418
154260000 418
154285000 418
154310000 418
154335000 418
154360000 418
154385000 418
154410000 418
154435000 418
154460000 418
154485000 418
154510000 418
154535000 418
154560000 418
154585000 418
154610000 418
154635000 418
154660000 418
154685000 418
154710000 418
154735000 418
154760000 418
154785000 418
154810000 418
154835000 418
154860000 418
154885000 418
154910000 418
154935000 418
154960000 418
154985000 418
155010000 418
155035000 418
155060000 418
155085000 418
155110000 418
155135000 418
155160000 417
155185000 417
155210000 417
155235000 417
155260000 417
155285000 417
155310000 417
155335000 417
155360000 417
155385000 417
155410000 417
155435000 417
155460000 417
155485000 417
155510000 418
155535000 418
155560000 418
155585000 418
155610000 418
155635000 418
155660000 418
155685000 418
155710000 418
155735000 418
155760000 418
155785000 418
155810000 418
155835000 418
155860000 418
155885000 418
155910000 418
155935000 418
155960000 418
155985000 418
156010000 418
156035000 418
156060000 418
156085000 418
156110000 418
156135000 418
156160000 418
156185000 418
156210000 418
156235000 418
156260000 417
156285000 417
156310000 417
156335000 417
156360000 417
156385000 417
156410000 416
156435000 416
156460000 416
156485000 416
156510000 416
156535000 416
156560000 416
156585000 416
156610000 416
156635000 416
156660000 416
156685000 416
156710000 416
156735000 416
156760000 416
156785000 416
156810000 416
156835000 416
156860000 416
156885000 415
156910000 415
156935000 415
156960000 415
156985000 415
157010000 415
157035000 415
157060000 415
157085000 415
157110000 415
157135000 415
157160000 415
157185000 415
157210000 415
157235000 415
157260000 415
157285000 415
157310000 415
157335000 415
157360000 415
157385000 415
157410000 415
157435000 415
157460000 415
157485000 415
157510000 415
157535000 416
157560000 416
157585000 416
157610000 416
157635000 416
157660000 416
157685000 416
157710000 416
157735000 416
157760000 416
157785000 416
157810000 417
157835000 418
157860000 418
157885000 418
157910000 418
157935000 418
157960000 417
157985000 417
158010000 417
158035000 417
158060000 417
158085000 417
158110000 417
158135000 417
158160000 417
158185000 417
158210000 417
158235000 417
158260000 417
158285000 417
158310000 417
158335000 417
158360000 417
158385000 417
158410000 417
158435000 417
158460000 417
158485000 417
158510000 417
158535000 417
158560000 417
158585000 417
158610000 417
158635000 417
158660000 417
158685000 417
158710000 417
158735000 417
158760000 417
158785000 417
158810000 417
158835000 417
158860000 417
158885000 417
158910000 417
158935000 417
158960000 417
158985000 417
159010000 417
159035000 417
159060000 417
159085000 417
159110000 417
159135000 417
159160000 417
159185000 417
159210000 417
159235000 417
159260000 417
159285000 417
159310000 417
159335000 417
159360000 417
159385000 417
159410000 417
159435000 417
159460000 417
159485000 417
159510000 417
159535000 417
159560000 417
159585000 417
159610000 417
159635000 417
159660000 417
159685000 417
159710000 416
159735000 416
159760000 416
159785000 416
159810000 416
159835000 416
159860000 416
159885000 416
159910000 416
159935000 416
159960000 416
159985000 416
160010000 416
160035000 416
160060000 416
160085000 416
160110000 416
160135000 416
160160000 416
160185000 416
160210000 416
160235000 416
160260000 416
160285000 416
160310000 416
160335000 416
160360000 416
160385000 416
160410000 416
160435000 416
160460000 416
160485000 416
160510000 416
160535000 416
160560000 416
160585000 416
160610000 416
160635000 416
160660000 416
160685000 416
160710000 416
160735000 416
160760000 417
160785000 417
160810000 417
160835000 417
160860000 417
160885000 417
160910000 417
160935000 417
160960000 417
160985000 417
161010000 417
161035000 416
161060000 415
161085000 415
161110000 415
161135000 415
161160000 415
161185000 415
161210000 414
161235000 414
161260000 414
161285000 414
161310000 414
161335000 414
161360000 414
161385000 413
161410000 413
161435000 413
161460000 413
161485000 413
161510000 413
161535000 413
161560000 413
161585000 413
161610000 413
161635000 413
161660000 413
161685000 413
161710000 413
161735000 413
161760000 413
161785000 413
161810000 413
161835000 413
161860000 413
161885000 413
161910000 413
161935000 413
161960000 413
161985000 413
162010000 413
162035000 413
162060000 413
162085000 413
162110000 413
162135000 413
162160000 413
162185000 413
162210000 413
162235000 413
162260000 413
162285000 413
162310000 413
162335000 413
162360000 413
162385000 413
162410000 413
162435000 413
162460000 413
162485000 413
162510000 413
162535000 413
162560000 413
162585000 413
162610000 413
162635000 413
162660000 413
162685000 413
162710000 413
162735000 413
162760000 413
162785000 413
162810000 413
162835000 413
162860000 413
162885000 413
162910000 413
162935000 413
162960000 413
162985000 413
163010000 413
163035000 413
163060000 413
163085000 413
163110000 413
163135000 413
163160000 413
163185000 413
163210000 413
163235000 413
163260000 413
163285000 413
163310000 413
163335000 413
163360000 413
163385000 413
163410000 413
163435000 413
163460000 413
163485000 413
163510000 413
163535000 413
163560000 413
163585000 413
163610000 413
163635000 413
163660000 413
163685000 413
163710000 413
163735000 413
163760000 413
163785000 413
163810000 413
163835000 413
163860000 413
163885000 413
163910000 413
163935000 413
163960000 413
163985000 412
164010000 412
164035000 412
164060000 412
164085000 412
164110000 412
164135000 412
164160000 412
164185000 412
164210000 412
164235000 412
164260000 412
164285000 412
164310000 412
164335000 412
164360000 412
164385000 412
164410000 412
164435000 412
164460000 412
164485000 412
164510000 412
164535000 412
164560000 412
164585000 413
164610000 413
164635000 413
164660000 413
164685000 413
164710000 413
164735000 412
164760000 412
164785000 412
164810000 412
164835000 412
164860000 412
164885000 412
164910000 412
164935000 412
164960000 412
164985000 412
165010000 412
165035000 412
165060000 412
165085000 412
165110000 412
165135000 412
165160000 412
165185000 412
165210000 412
165235000 412
165260000 412
165285000 412
165310000 412
165335000 412
165360000 412
165385000 412
165410000 412
165435000 411
165460000 411
165485000 411
165510000 410
165535000 410
165560000 410
165585000 410
165610000 410
165635000 410
165660000 410
165685000 410
165710000 410
165735000 410
165760000 410
165785000 410
165810000 410
165835000 410
165860000 410
165885000 410
165910000 410
165935000 410
165960000 410
165985000 410
166010000 410
166035000 410
166060000 410
166085000 410
166110000 410
166135000 410
166160000 410
166185000 410
166210000 410
166235000 410
166260000 410
166285000 410
166310000 410
166335000 410
166360000 410
166385000 410
166410000 410
166435000 410
166460000 409
166485000 409
166510000 409
166535000 409
166560000 409
166585000 409
166610000 409
166635000 409
166660000 409
166685000 409
166710000 409
166735000 409
166760000 409
166785000 409
166810000 409
166835000 409
166860000 409
166885000 409
166910000 409
166935000 409
166960000 409
166985000 409
167010000 409
167035000 409
167060000 409
167085000 409
167110000 409
167135000 409
167160000 409
167185000 409
167210000 409
167235000 409
167260000 409
167285000 409
167310000 409
167335000 409
167360000 409
167385000 409
167410000 410
167435000 410
167460000 410
167485000 410
167510000 410
167535000 410
167560000 410
167585000 410
167610000 410
167635000 410
167660000 410
167685000 410
167710000 410
167735000 410
167760000 410
167785000 410
167810000 410
167835000 410
167860000 410
167885000 410
167910000 410
167935000 410
167960000 410
167985000 410
168010000 410
168035000 410
168060000 410
168085000 410
168110000 410
168135000 410
168160000 410
168185000 410
168210000 410
168235000 410
168260000 410
168285000 410
168310000 410
168335000 410
168360000 410
168385000 410
168410000 410
168435000 410
168460000 410
168485000 410
168510000 410
168535000 410
168560000 410
168585000 410
168610000 410
168635000 410
168660000 410
168685000 410
168710000 411
168735000 411
168760000 411
168785000 411
168810000 411
168835000 411
168860000 411
168885000 411
168910000 411
168935000 411
168960000 411
168985000 411
169010000 412
169035000 412
169060000 412
169085000 412
169110000 412
169135000 412
169160000 412
169185000 412
169210000 412
169235000 412
169260000 412
169285000 412
169310000 412
169335000 412
169360000 412
169385000 412
169410000 412
169435000 412
169460000 412
169485000 412
169510000 412
169535000 412
169560000 412
169585000 412
169610000 413
169635000 413
169660000 413
169685000 413
169710000 413
169735000 413
169760000 413
169785000 413
169810000 413
169835000 413
169860000 413
169885000 413
169910000 413
169935000 413
169960000 413
169985000 413
170010000 413
170035000 413
170060000 413
170085000 413
170110000 413
170135000 413
170160000 413
170185000 413
170210000 413
170235000 413
170260000 413
170285000 413
170310000 413
170335000 413
170360000 413
170385000 413
170410000 413
170435000 413
170460000 413
170485000 413
170510000 413
170535000 413
170560000 413
170585000 413
170610000 413
170635000 413
170660000 413
170685000 413
170710000 413
170735000 413
170760000 413
170785000 413
170810000 413
170835000 413
170860000 413
170885000 413
170910000 413
170935000 413
170960000 413
170985000 413
171010000 413
171035000 413
171060000 413
171085000 413
171110000 413
171135000 413
171160000 414
171185000 414
171210000 414
171235000 414
171260000 414
171285000 414
171310000 414
171335000 414
171360000 414
171385000 414
171410000 414
171435000 414
171460000 414
171485000 414
171510000 414
171535000 414
171560000 414
171585000 414
171610000 414
171635000 414
171660000 414
171685000 414
171710000 414
171735000 414
171760000 414
171785000 414
171810000 414
171835000 414
171860000 414
171885000 414
171910000 414
171935000 414
171960000 414
171985000 414
172010000 414
172035000 414
172060000 414
172085000 415
172110000 415
172135000 415
172160000 415
172185000 415
172210000 415
172235000 415
172260000 415
172285000 415
172310000 415
172335000 415
172360000 415
172385000 415
172410000 415
172435000 415
172460000 415
172485000 415
172510000 415
172535000 415
172560000 415
172585000 415
172610000 415
172635000 415
172660000 415
172685000 415
172710000 415
172735000 415
172760000 415
172785000 415
172810000 415
172835000 415
172860000 415
172885000 415
172910000 415
172935000 415
172960000 415
172985000 415
173010000 415
173035000 415
173060000 415
173085000 415
173110000 415
173135000 415
173160000 415
173185000 415
173210000 415
173235000 415
173260000 415
173285000 415
173310000 415
173335000 415
173360000 415
173385000 415
173410000 415
173435000 415
173460000 415
173485000 415
173510000 415
173535000 415
173560000 415
173585000 415
173610000 415
173635000 415
173660000 415
173685000 415
173710000 415
173735000 415
173760000 415
173785000 415
173810000 415
173835000 415
173860000 415
173885000 415
173910000 415
173935000 415
173960000 415
173985000 415
174010000 415
174035000 415
174060000 415
174085000 415
174110000 415
174135000 415
174160000 415
174185000 415
174210000 415
174235000 415
174260000 415
174285000 414
174310000 414
174335000 414
174360000 414
174385000 414
174410000 414
174435000 414
174460000 414
174485000 414
174510000 414
174535000 414
174560000 414
174585000 414
174610000 414
174635000 414
174660000 414
174685000 414
174710000 414
174735000 414
174760000 414
174785000 414
174810000 414
174835000 414
174860000 414
174885000 414
174910000 414
174935000 414
174960000 414
174985000 414
175010000 414
175035000 414
175060000 414
175085000 414
175110000 414
175135000 414
175160000 414
175185000 414
175210000 414
175235000 414
175260000 414
175285000 414
175310000 414
175335000 414
175360000 414
175385000 414
175410000 414
175435000 414
175460000 414
175485000 414
175510000 414
175535000 414
175560000 414
175585000 414
175610000 414
175635000 414
175660000 414
175685000 414
175710000 414
175735000 414
175760000 414
175785000 414
175810000 414
175835000 414
175860000 414
175885000 414
175910000 414
175935000 414
175960000 414
175985000 414
176010000 414
176035000 414
176060000 414
176085000 414
176110000 414
176135000 414
176160000 414
176185000 415
176210000 415
176235000 415
176260000 415
176285000 415
176310000 415
176335000 415
176360000 415
176385000 415
176410000 415
176435000 415
176460000 415
176485000 415
176510000 415
176535000 415
176560000 415
176585000 415
176610000 415
176635000 415
176660000 415
176685000 415
176710000 415
176735000 415
176760000 415
176785000 415
176810000 415
176835000 415
176860000 415
176885000 415
176910000 415
176935000 415
176960000 415
176985000 415
177010000 415
177035000 415
177060000 415
177085000 415
177110000 415
177135000 415
177160000 415
177185000 415
177210000 415
177235000 415
177260000 415
177285000 415
177310000 415
177335000 415
177360000 415
177385000 415
177410000 415
177435000 415
177460000 415
177485000 415
177510000 415
177535000 415
177560000 415
177585000 415
177610000 415
177635000 415
177660000 415
177685000 415
177710000 415
177735000 415
177760000 415
177785000 415
177810000 415
177835000 415
177860000 415
177885000 414
177910000 414
177935000 414
177960000 414
177985000 414
178010000 414
178035000 414
178060000 414
178085000 414
178110000 414
178135000 414
178160000 414
178185000 414
178210000 414
178235000 414
178260000 414
178285000 414
178310000 414
178335000 414
178360000 414
178385000 414
178410000 414
178435000 414
178460000 414
178485000 414
178510000 414
178535000 414
178560000 414
178585000 414
178610000 414
178635000 414
178660000 414
178685000 414
178710000 414
178735000 414
178760000 414
178785000 414
178810000 414
178835000 414
178860000 414
178885000 414
178910000 414
178935000 414
178960000 414
178985000 414
179010000 414
179035000 414
179060000 414
179085000 414
179110000 414
179135000 414
179160000 414
179185000 414
179210000 414
179235000 414
179260000 414
179285000 414
179310000 414
179335000 414
179360000 414
179385000 414
179410000 414
179435000 414
179460000 414
179485000 414
179510000 414
179535000 414
179560000 414
179585000 414
179610000 414
179635000 414
179660000 414
179685000 414
179710000 414
179735000 414
179760000 414
179785000 414
179810000 414
179835000 414
179860000 414
179885000 414
179910000 414
179935000 414
179960000 414
179985000 414
180010000 414
180035000 414
180060000 414
180085000 414
180110000 414
180135000 414
180160000 415
180185000 415
180210000 415
180235000 415
180260000 415
180285000 415
180310000 415
180335000 415
180360000 415
180385000 415
180410000 415
180435000 415
180460000 415
180485000 415
180510000 415
180535000 415
180560000 415
180585000 415
180610000 415
180635000 415
180660000 415
180685000 415
180710000 415
180735000 415
180760000 415
180785000 415
180810000 415
180835000 415
180860000 415
180885000 414
180910000 414
180935000 414
180960000 414
180985000 414
181010000 414
181035000 414
181060000 414
181085000 414
181110000 414
181135000 414
181160000 414
181185000 414
181210000 414
181235000 414
181260000 414
181285000 414
181310000 414
181335000 415
181360000 415
181385000 415
181410000 415
181435000 415
181460000 415
181485000 415
181510000 415
181535000 415
181560000 415
181585000 415
181610000 415
181635000 415
181660000 415
181685000 415
181710000 415
181735000 415
181760000 415
181785000 415
181810000 415
181835000 415
181860000 415
181885000 415
181910000 415
181935000 415
181960000 415
181985000 415
182010000 415
182035000 415
182060000 415
182085000 415
182110000 415
182135000 415
182160000 415
182185000 415
182210000 415
182235000 415
182260000 415
182285000 415
182310000 415
182335000 415
182360000 415
182385000 415
182410000 415
182435000 415
182460000 415
182485000 415
182510000 415
182535000 415
182560000 415
182585000 415
182610000 415
182635000 415
182660000 415
182685000 415
182710000 415
182735000 415
182760000 415
182785000 415
182810000 415
182835000 415
182860000 415
182885000 415
182910000 415
182935000 415
182960000 415
182985000 415
183010000 415
183035000 415
183060000 415
183085000 415
183110000 415
183135000 415
183160000 415
183185000 415
183210000 415
183235000 415
183260000 415
183285000 415
183310000 415
183335000 415
183360000 415
183385000 415
183410000 415
183435000 415
183460000 415
183485000 415
183510000 415
183535000 415
183560000 415
183585000 415
183610000 415
183635000 415
183660000 415
183685000 415
183710000 415
183735000 414
183760000 414
183785000 414
183810000 414
183835000 414
183860000 414
183885000 414
183910000 414
183935000 414
183960000 414
183985000 414
184010000 414
184035000 414
184060000 414
184085000 414
184110000 414
184135000 414
184160000 414
184185000 414
184210000 414
184235000 414
184260000 414
184285000 414
184310000 414
184335000 414
184360000 414
184385000 414
184410000 414
184435000 414
184460000 414
184485000 414
184510000 414
184535000 414
184560000 414
184585000 414
184610000 414
184635000 414
184660000 414
184685000 414
184710000 414
184735000 414
184760000 414
184785000 414
184810000 414
184835000 415
184860000 415
184885000 415
184910000 415
184935000 415
184960000 415
184985000 415
185010000 415
185035000 415
185060000 416
185085000 416
185110000 416
185135000 416
185160000 416
185185000 416
185210000 416
185235000 416
185260000 416
185285000 416
185310000 416
185335000 416
185360000 416
185385000 416
185410000 416
185435000 416
185460000 416
185485000 416
185510000 416
185535000 416
185560000 416
185585000 416
185610000 416
185635000 416
185660000 416
185685000 415
185710000 415
185735000 415
185760000 415
185785000 415
185810000 415
185835000 415
185860000 415
185885000 415
185910000 415
185935000 415
185960000 415
185985000 415
186010000 415
186035000 415
186060000 415
186085000 415
186110000 415
186135000 415
186160000 415
186185000 415
186210000 415
186235000 415
186260000 415
186285000 415
186310000 415
186335000 415
186360000 415
186385000 415
186410000 415
186435000 415
186460000 415
186485000 415
186510000 415
186535000 415
186560000 415
186585000 415
186610000 415
186635000 415
186660000 415
186685000 415
186710000 415
186735000 415
186760000 415
186785000 415
186810000 415
186835000 415
186860000 415
186885000 415
186910000 415
186935000 415
186960000 415
186985000 415
187010000 414
187035000 414
187060000 414
187085000 414
187110000 414
187135000 414
187160000 414
187185000 414
187210000 414
187235000 414
187260000 414
187285000 414
187310000 414
187335000 414
187360000 414
187385000 414
187410000 414
187435000 414
187460000 414
187485000 414
187510000 414
187535000 414
187560000 414
187585000 414
187610000 414
187635000 414
187660000 414
187685000 414
187710000 414
187735000 414
187760000 414
187785000 414
187810000 414
187835000 414
187860000 414
187885000 414
187910000 414
187935000 414
187960000 414
187985000 414
188010000 414
188035000 414
188060000 414
188085000 414
188110000 414
188135000 414
188160000 414
188185000 414
188210000 414
188235000 414
188260000 414
188285000 414
188310000 414
188335000 414
188360000 414
188385000 414
188410000 414
188435000 414
188460000 414
188485000 414
188510000 414
188535000 414
188560000 414
188585000 414
188610000 414
188635000 413
188660000 413
188685000 413
188710000 413
188735000 413
188760000 413
188785000 413
188810000 413
188835000 413
188860000 413
188885000 413
188910000 413
188935000 413
188960000 413
188985000 413
189010000 413
189035000 413
189060000 414
189085000 414
189110000 414
189135000 414
189160000 415
189185000 415
189210000 415
189235000 415
189260000 415
189285000 415
189310000 415
189335000 415
189360000 415
189385000 415
189410000 415
189435000 415
189460000 415
189485000 415
189510000 414
189535000 414
189560000 414
189585000 414
189610000 414
189635000 414
189660000 414
189685000 414
189710000 414
189735000 414
189760000 414
189785000 414
189810000 414
189835000 414
189860000 414
189885000 414
189910000 414
189935000 414
189960000 414
189985000 414
190010000 414
190035000 414
190060000 414
190085000 414
190110000 414
190135000 414
190160000 414
190185000 414
190210000 414
190235000 414
190260000 414
190285000 414
190310000 414
190335000 414
190360000 414
190385000 414
190410000 414
190435000 414
190460000 414
190485000 414
190510000 414
190535000 414
190560000 414
190585000 414
190610000 414
190635000 414
190660000 414
190685000 414
190710000 414
190735000 414
190760000 414
190785000 414
190810000 414
190835000 413
190860000 413
190885000 413
190910000 413
190935000 413
190960000 413
190985000 413
191010000 413
191035000 413
191060000 413
191085000 413
191110000 413
191135000 413
191160000 413
191185000 413
191210000 413
191235000 413
191260000 413
191285000 413
191310000 413
191335000 413
191360000 413
191385000 413
191410000 413
191435000 413
191460000 413
191485000 413
191510000 413
191535000 413
191560000 413
191585000 413
191610000 413
191635000 413
191660000 413
191685000 413
191710000 413
191735000 413
191760000 413
191785000 413
191810000 413
191835000 413
191860000 412
191885000 412
191910000 412
191935000 412
191960000 412
191985000 412
192010000 412
192035000 412
192060000 412
192085000 412
192110000 412
192135000 412
192160000 413
192185000 413
192210000 413
192235000 413
192260000 413
192285000 413
192310000 413
192335000 413
192360000 413
192385000 413
192410000 413
192435000 413
192460000 413
192485000 413
192510000 413
192535000 413
192560000 413
192585000 413
192610000 413
192635000 413
192660000 413
192685000 413
192710000 413
192735000 414
192760000 414
192785000 414
192810000 414
192835000 414
192860000 414
192885000 414
192910000 414
192935000 414
192960000 414
192985000 414
193010000 414
193035000 414
193060000 414
193085000 414
193110000 414
193135000 414
193160000 414
193185000 414
193210000 414
193235000 414
193260000 414
193285000 414
193310000 414
193335000 414
193360000 414
193385000 413
193410000 413
193435000 413
193460000 413
193485000 413
193510000 413
193535000 413
193560000 413
193585000 413
193610000 413
193635000 413
193660000 413
193685000 413
193710000 413
193735000 413
193760000 412
193785000 413
193810000 413
193835000 413
193860000 413
193885000 412
193910000 413
193935000 413
193960000 412
193985000 412
194010000 413
194035000 413
194060000 413
194085000 413
194110000 413
194135000 413
194160000 413
194185000 413
194210000 413
194235000 413
194260000 413
194285000 413
194310000 413
194335000 413
194360000 413
194385000 413
194410000 413
194435000 413
194460000 413
194485000 413
194510000 412
194535000 412
194560000 412
194585000 412
194610000 412
194635000 412
194660000 412
194685000 412
194710000 412
194735000 412
194760000 412
194785000 412
194810000 412
194835000 412
194860000 412
194885000 412
194910000 412
194935000 412
194960000 412
194985000 412
195010000 412
195035000 413
195060000 413
195085000 413
195110000 413
195135000 413
195160000 413
195185000 413
195210000 413
195235000 413
195260000 413
195285000 413
195310000 413
195335000 413
195360000 413
195385000 413
195410000 413
195435000 413
195460000 413
195485000 413
195510000 413
195535000 413
195560000 413
195585000 413
195610000 413
195635000 413
195660000 413
195685000 413
195710000 413
195735000 413
195760000 413
195785000 413
195810000 413
195835000 413
195860000 413
195885000 413
195910000 413
195935000 413
195960000 413
195985000 413
196010000 413
196035000 413
196060000 413
196085000 413
196110000 413
196135000 413
196160000 413
196185000 413
196210000 413
196235000 413
196260000 413
196285000 413
196310000 413
196335000 413
196360000 413
196385000 413
196410000 413
196435000 413
196460000 413
196485000 413
196510000 413
196535000 413
196560000 413
196585000 413
196610000 413
196635000 413
196660000 413
196685000 413
196710000 413
196735000 413
196760000 413
196785000 413
196810000 413
196835000 413
196860000 413
196885000 413
196910000 413
196935000 413
196960000 413
196985000 413
197010000 413
197035000 413
197060000 413
197085000 413
197110000 413
197135000 413
197160000 413
197185000 413
197210000 413
197235000 413
197260000 413
197285000 413
197310000 413
197335000 413
197360000 413
197385000 413
197410000 413
197435000 413
197460000 413
197485000 413
197510000 413
197535000 413
197560000 413
197585000 413
197610000 413
197635000 413
197660000 413
197685000 413
197710000 413
197735000 413
197760000 413
197785000 414
197810000 413
197835000 413
197860000 413
197885000 413
197910000 413
197935000 413
197960000 413
197985000 413
198010000 413
198035000 413
198060000 413
198085000 413
198110000 413
198135000 413
198160000 413
198185000 413
198210000 413
198235000 413
198260000 413
198285000 412
198310000 412
198335000 412
198360000 412
198385000 412
198410000 412
198435000 412
198460000 412
198485000 412
198510000 412
198535000 412
198560000 413
198585000 413
198610000 413
198635000 413
198660000 413
198685000 413
198710000 413
198735000 413
198760000 413
198785000 413
198810000 413
198835000 413
198860000 413
198885000 413
198910000 413
198935000 413
198960000 413
198985000 413
199010000 413
199035000 413
199060000 413
199085000 413
199110000 413
199135000 413
199160000 413
199185000 413
199210000 413
199235000 413
199260000 413
199285000 413
199310000 413
199335000 413
199360000 413
199385000 413
199410000 413
199435000 413
199460000 413
199485000 413
199510000 413
199535000 413
199560000 413
199585000 413
199610000 413
199635000 413
199660000 413
199685000 413
199710000 413
199735000 413
199760000 413
199785000 413
199810000 413
199835000 413
199860000 413
199885000 413
199910000 413
199935000 413
199960000 413
199985000 413
200010000 413
