265000 341
270000 338
275000 337
280000 337
285000 338
290000 339
295000 343
300000 343
305000 342
310000 343
315000 343
320000 342
325000 342
330000 340
335000 338
340000 340
345000 340
350000 340
355000 341
360000 341
365000 340
370000 340
375000 342
380000 343
385000 344
390000 344
395000 342
400000 342
405000 341
410000 337
415000 340
420000 339
425000 339
430000 335
435000 338
440000 339
445000 339
450000 338
455000 335
460000 334
465000 333
470000 333
475000 335
480000 337
485000 341
490000 342
495000 343
500000 345
505000 344
510000 347
515000 346
520000 341
525000 343
530000 338
535000 337
540000 338
545000 335
550000 335
555000 338
560000 337
565000 336
570000 336
575000 334
580000 335
585000 336
590000 336
595000 335
600000 334
605000 334
610000 335
615000 343
620000 340
625000 338
630000 336
635000 335
640000 337
645000 341
650000 340
655000 336
660000 332
665000 334
670000 336
675000 337
680000 343
685000 343
690000 341
695000 342
700000 341
705000 340
710000 337
715000 339
720000 340
725000 340
730000 336
735000 339
740000 334
745000 336
750000 337
755000 344
760000 342
765000 342
770000 342
775000 339
780000 339
785000 338
790000 338
795000 339
800000 341
805000 339
810000 336
815000 333
820000 337
825000 336
830000 332
835000 333
840000 331
845000 327
850000 329
855000 329
860000 333
865000 339
870000 338
875000 342
880000 341
885000 341
890000 339
895000 341
900000 338
905000 339
910000 335
915000 335
920000 334
925000 340
930000 340
935000 334
940000 337
945000 336
950000 336
955000 334
960000 338
965000 339
970000 340
975000 335
980000 339
985000 336
990000 336
995000 339
1000000 338
1005000 337
1010000 338
1015000 337
1020000 338
1025000 336
1030000 336
1035000 344
1040000 343
1045000 341
1050000 340
1055000 339
1060000 338
1065000 345
1070000 344
1075000 345
1080000 341
1085000 340
1090000 341
1095000 341
1100000 342
1105000 340
1110000 337
1115000 338
1120000 341
1125000 340
1130000 339
1135000 335
1140000 342
1145000 338
1150000 333
1155000 335
1160000 338
1165000 335
1170000 336
1175000 335
1180000 339
1185000 336
1190000 337
1195000 342
1200000 342
1205000 340
1210000 340
1215000 342
1220000 340
1225000 341
1230000 341
1235000 341
1240000 340
1245000 341
1250000 342
1255000 341
1260000 337
1265000 344
1270000 345
1275000 339
1280000 341
1285000 341
1290000 342
1295000 338
1300000 344
1305000 341
1310000 339
1315000 340
1320000 344
1325000 342
1330000 340
1335000 343
1340000 341
1345000 340
1350000 334
1355000 336
1360000 337
1365000 338
1370000 344
1375000 337
1380000 338
1385000 338
1390000 341
1395000 348
1400000 350
1405000 344
1410000 340
1415000 341
1420000 340
1425000 345
1430000 339
1435000 341
1440000 337
1445000 335
1450000 337
1455000 340
1460000 340
1465000 341
1470000 342
1475000 344
1480000 344
1485000 342
1490000 341
1495000 343
1500000 345
1505000 344
1510000 345
1515000 345
1520000 345
1525000 344
1530000 345
1535000 345
1540000 344
1545000 345
1550000 344
1555000 343
1560000 341
1565000 340
1570000 340
1575000 339
1580000 339
1585000 335
1590000 333
1595000 338
1600000 341
1605000 339
1610000 339
1615000 340
1620000 337
1625000 335
1630000 336
1635000 335
1640000 336
1645000 336
1650000 338
1655000 337
1660000 331
1665000 337
1670000 337
1675000 339
1680000 339
1685000 339
1690000 340
1695000 341
1700000 343
1705000 341
1710000 336
1715000 338
1720000 339
1725000 336
1730000 336
1735000 339
1740000 343
1745000 343
1750000 345
1755000 343
1760000 335
1765000 335
1770000 334
1775000 339
1780000 338
1785000 343
1790000 341
1795000 340
1800000 340
1805000 339
1810000 337
1815000 342
1820000 341
1825000 339
1830000 343
1835000 343
1840000 343
1845000 345
1850000 343
1855000 345
1860000 343
1865000 345
1870000 342
1875000 340
1880000 340
1885000 339
1890000 338
1895000 337
1900000 339
1905000 341
1910000 343
1915000 345
1920000 342
1925000 343
1930000 342
1935000 339
1940000 338
1945000 337
1950000 338
1955000 338
1960000 335
1965000 334
1970000 337
1975000 335
1980000 332
1985000 338
1990000 339
1995000 332
2000000 335
2005000 336
2010000 343
2015000 342
2020000 340
2025000 340
2030000 338
2035000 340
2040000 341
2045000 338
2050000 338
2055000 342
2060000 341
2065000 341
2070000 340
2075000 338
2080000 340
2085000 335
2090000 335
2095000 336
2100000 340
2105000 340
2110000 340
2115000 338
2120000 336
2125000 336
2130000 337
2135000 339
2140000 342
2145000 339
2150000 342
2155000 343
2160000 338
2165000 337
2170000 338
2175000 337
2180000 337
2185000 340
2190000 342
2195000 338
2200000 340
2205000 342
2210000 340
2215000 340
2220000 343
2225000 338
2230000 338
2235000 337
2240000 340
2245000 337
2250000 336
2255000 338
2260000 339
2265000 338
2270000 339
2275000 339
2280000 340
2285000 341
2290000 340
2295000 346
2300000 344
2305000 347
2310000 346
2315000 348
2320000 349
2325000 343
2330000 340
2335000 344
2340000 343
2345000 341
2350000 341
2355000 343
2360000 342
2365000 344
2370000 343
2375000 342
2380000 343
2385000 343
2390000 341
2395000 340
2400000 339
2405000 341
2410000 338
2415000 341
2420000 342
2425000 341
2430000 343
2435000 338
2440000 339
2445000 340
2450000 338
2455000 341
2460000 344
2465000 346
2470000 342
2475000 342
2480000 340
2485000 338
2490000 340
2495000 338
2500000 340
2505000 343
2510000 343
2515000 341
2520000 341
2525000 344
2530000 341
2535000 336
2540000 338
2545000 340
2550000 343
2555000 339
2560000 338
2565000 338
2570000 338
2575000 342
2580000 345
2585000 347
2590000 347
2595000 344
2600000 344
2605000 345
2610000 343
2615000 345
2620000 341
2625000 342
2630000 342
2635000 340
2640000 342
2645000 342
2650000 338
2655000 336
2660000 333
2665000 334
2670000 337
2675000 340
2680000 340
2685000 340
2690000 339
2695000 340
2700000 342
2705000 339
2710000 338
2715000 339
2720000 336
2725000 336
2730000 336
2735000 333
2740000 335
2745000 336
2750000 338
2755000 339
2760000 336
2765000 334
2770000 337
2775000 338
2780000 337
2785000 336
2790000 337
2795000 337
2800000 339
2805000 338
2810000 337
2815000 339
2820000 339
2825000 337
2830000 337
2835000 337
2840000 337
2845000 334
2850000 335
2855000 338
2860000 336
2865000 333
2870000 336
2875000 336
2880000 338
2885000 336
2890000 333
2895000 331
2900000 331
2905000 337
2910000 336
2915000 336
2920000 337
2925000 335
2930000 335
2935000 337
2940000 338
2945000 341
2950000 344
2955000 344
2960000 337
2965000 338
2970000 337
2975000 336
2980000 336
2985000 333
2990000 335
2995000 337
3000000 339
3005000 341
3010000 341
3015000 338
3020000 339
3025000 337
3030000 334
3035000 335
3040000 338
3045000 339
3050000 340
3055000 337
3060000 339
3065000 339
3070000 337
3075000 342
3080000 340
3085000 338
3090000 343
3095000 341
3100000 339
3105000 336
3110000 334
3115000 337
3120000 337
3125000 337
3130000 336
3135000 335
3140000 339
3145000 338
3150000 341
3155000 341
3160000 345
3165000 345
3170000 346
3175000 346
3180000 341
3185000 339
3190000 337
3195000 335
3200000 341
3205000 340
3210000 341
3215000 340
3220000 340
3225000 340
3230000 334
3235000 335
3240000 342
3245000 339
3250000 337
3255000 338
3260000 340
3265000 341
3270000 344
3275000 343
3280000 341
3285000 340
3290000 336
3295000 337
3300000 337
3305000 336
3310000 340
3315000 346
3320000 345
3325000 344
3330000 343
3335000 339
3340000 339
3345000 340
3350000 338
3355000 341
3360000 341
3365000 347
3370000 345
3375000 339
3380000 339
3385000 338
3390000 337
3395000 339
3400000 339
3405000 339
3410000 341
3415000 342
3420000 340
3425000 340
3430000 345
3435000 343
3440000 338
3445000 336
3450000 337
3455000 338
3460000 338
3465000 334
3470000 337
3475000 338
3480000 339
3485000 339
3490000 332
3495000 334
3500000 336
3505000 336
3510000 337
3515000 341
3520000 342
3525000 342
3530000 341
3535000 342
3540000 341
3545000 342
3550000 342
3555000 343
3560000 346
3565000 345
3570000 344
3575000 346
3580000 346
3585000 346
3590000 340
3595000 340
3600000 338
3605000 335
3610000 336
3615000 334
3620000 336
3625000 341
3630000 339
3635000 337
3640000 334
3645000 334
3650000 336
3655000 334
3660000 335
3665000 336
3670000 332
3675000 330
3680000 332
3685000 330
3690000 331
3695000 332
3700000 335
3705000 337
3710000 333
3715000 335
3720000 337
3725000 335
3730000 337
3735000 337
3740000 338
3745000 333
3750000 335
3755000 335
3760000 336
3765000 334
3770000 329
3775000 332
3780000 333
3785000 335
3790000 337
3795000 339
3800000 340
3805000 339
3810000 336
3815000 340
3820000 340
3825000 340
3830000 337
3835000 337
3840000 339
3845000 340
3850000 339
3855000 338
3860000 339
3865000 340
3870000 341
3875000 339
3880000 339
3885000 337
3890000 341
3895000 340
3900000 343
3905000 343
3910000 345
3915000 343
3920000 344
3925000 348
3930000 348
3935000 343
3940000 343
3945000 342
3950000 342
3955000 341
3960000 339
3965000 336
3970000 338
3975000 339
3980000 341
3985000 342
3990000 338
3995000 339
4000000 339
4005000 338
4010000 335
4015000 337
4020000 339
4025000 339
4030000 341
4035000 337
4040000 339
4045000 340
4050000 336
4055000 340
4060000 343
4065000 344
4070000 343
4075000 343
4080000 340
4085000 339
4090000 339
4095000 338
4100000 337
4105000 340
4110000 339
4115000 336
4120000 336
4125000 340
4130000 340
4135000 341
4140000 339
4145000 341
4150000 337
4155000 339
4160000 341
4165000 341
4170000 344
4175000 335
4180000 334
4185000 337
4190000 335
4195000 336
4200000 336
4205000 333
4210000 334
4215000 337
4220000 335
4225000 336
4230000 339
4235000 338
4240000 338
4245000 337
4250000 341
4255000 341
4260000 341
4265000 337
4270000 343
4275000 339
4280000 340
4285000 336
4290000 337
4295000 333
4300000 335
4305000 337
4310000 338
4315000 337
4320000 339
4325000 338
4330000 338
4335000 340
4340000 337
4345000 338
4350000 339
4355000 340
4360000 348
4365000 348
4370000 342
4375000 341
4380000 341
4385000 340
4390000 342
4395000 342
4400000 342
4405000 342
4410000 343
4415000 342
4420000 341
4425000 344
4430000 340
4435000 341
4440000 342
4445000 342
4450000 348
4455000 344
4460000 341
4465000 342
4470000 343
4475000 343
4480000 337
4485000 339
4490000 340
4495000 340
4500000 345
4505000 342
4510000 340
4515000 342
4520000 341
4525000 341
4530000 341
4535000 342
4540000 341
4545000 341
4550000 342
4555000 340
4560000 340
4565000 339
4570000 341
4575000 341
4580000 339
4585000 337
4590000 337
4595000 338
4600000 334
4605000 333
4610000 335
4615000 334
4620000 336
4625000 335
4630000 335
4635000 336
4640000 340
4645000 338
4650000 337
4655000 338
4660000 341
4665000 342
4670000 341
4675000 338
4680000 337
4685000 336
4690000 336
4695000 338
4700000 336
4705000 335
4710000 335
4715000 337
4720000 337
4725000 338
4730000 340
4735000 338
4740000 338
4745000 338
4750000 335
4755000 335
4760000 335
4765000 334
4770000 336
4775000 339
4780000 338
4785000 335
4790000 338
4795000 342
4800000 341
4805000 343
4810000 340
4815000 341
4820000 343
4825000 347
4830000 349
4835000 347
4840000 349
4845000 345
4850000 345
4855000 345
4860000 351
4865000 348
4870000 347
4875000 341
4880000 346
4885000 345
4890000 344
4895000 341
4900000 340
4905000 339
4910000 344
4915000 347
4920000 345
4925000 342
4930000 342
4935000 342
4940000 342
4945000 347
4950000 345
4955000 344
4960000 348
4965000 346
4970000 344
4975000 344
4980000 345
4985000 345
4990000 344
4995000 344
5000000 341
5005000 343
5010000 342
