approx eq2 point is 3165000 which is at step 631
Average PE: -9756.202025675675
Average Coordination Number: 371.1621621621622

std=2.3560280009184624
distribution: [369 370 371 372 371 375 369 373 372 369 369 368 371 372 372 374 369 372
 370 368 370 370 376 373 370 373 368 371 369 370 371 371 369 371 375 368
 371 370 371 370 372 372 375 369 373 371 370 369 370 371 369 370 371 369
 367 371 370 368 371 370 368 370 366 367 373 370 368 366 372 373 374 370
 372 371 373 374 375 376 370 369 368 370 370 369 369 370 370 367 369 369
 372 369 368 370 369 373 369 371 368 372 373 374 372 373 375 371 371 371
 371 373 369 367 371 373 374 373 372 373 370 367 372 367 368 372 370 372
 370 372 373 371 369 368 371 374 370 372 373 371 370 368 372 371 373 372
 374 376 371 372 369 373 374 369 368 368 367 365 365 371 370 371 368 368
 368 367 367 370 370 368 366 369 371 367 371 374 371 376 377 371 372 373
 371 375 372 369 369 368 369 371 372 374 370 370 369 368 372 374 372 372
 369 366 375 373 373 370 369 374 375 376 375 374 371 370 373 370 372 371
 372 369 370 370 373 374 373 376 374 371 370 377 373 368 370 368 372 374
 376 371 372 373 367 374 377 373 372 369 367 374 374 375 371 371 369 368
 370 373 369 370 375 370 372 371 368 370 372 371 375 370 369 372 372 372
 373 372 371 370 371 370 369 371 371 368 372 373 373 371 375 374 373 371
 370 371 371 371 373 372 370 373 372 371 374 373 373 372 371 377 373 369
 373 369 369 370 373 370 373 372 372 372 375 372 377 372 371 370 374 370
 370 376 377 375 373 371 369 370 369 375 372 369 369 369 371 374 372 373
 374 370 370 372 370 369 373 372 372 367 370 370 374 372 369 370 369 376
 372 372 372 374 375 372 375 373 371 371][3165000 3170000 3175000 3180000 3185000 3190000 3195000 3200000 3205000
 3210000 3215000 3220000 3225000 3230000 3235000 3240000 3245000 3250000
 3255000 3260000 3265000 3270000 3275000 3280000 3285000 3290000 3295000
 3300000 3305000 3310000 3315000 3320000 3325000 3330000 3335000 3340000
 3345000 3350000 3355000 3360000 3365000 3370000 3375000 3380000 3385000
 3390000 3395000 3400000 3405000 3410000 3415000 3420000 3425000 3430000
 3435000 3440000 3445000 3450000 3455000 3460000 3465000 3470000 3475000
 3480000 3485000 3490000 3495000 3500000 3505000 3510000 3515000 3520000
 3525000 3530000 3535000 3540000 3545000 3550000 3555000 3560000 3565000
 3570000 3575000 3580000 3585000 3590000 3595000 3600000 3605000 3610000
 3615000 3620000 3625000 3630000 3635000 3640000 3645000 3650000 3655000
 3660000 3665000 3670000 3675000 3680000 3685000 3690000 3695000 3700000
 3705000 3710000 3715000 3720000 3725000 3730000 3735000 3740000 3745000
 3750000 3755000 3760000 3765000 3770000 3775000 3780000 3785000 3790000
 3795000 3800000 3805000 3810000 3815000 3820000 3825000 3830000 3835000
 3840000 3845000 3850000 3855000 3860000 3865000 3870000 3875000 3880000
 3885000 3890000 3895000 3900000 3905000 3910000 3915000 3920000 3925000
 3930000 3935000 3940000 3945000 3950000 3955000 3960000 3965000 3970000
 3975000 3980000 3985000 3990000 3995000 4000000 4005000 4010000 4015000
 4020000 4025000 4030000 4035000 4040000 4045000 4050000 4055000 4060000
 4065000 4070000 4075000 4080000 4085000 4090000 4095000 4100000 4105000
 4110000 4115000 4120000 4125000 4130000 4135000 4140000 4145000 4150000
 4155000 4160000 4165000 4170000 4175000 4180000 4185000 4190000 4195000
 4200000 4205000 4210000 4215000 4220000 4225000 4230000 4235000 4240000
 4245000 4250000 4255000 4260000 4265000 4270000 4275000 4280000 4285000
 4290000 4295000 4300000 4305000 4310000 4315000 4320000 4325000 4330000
 4335000 4340000 4345000 4350000 4355000 4360000 4365000 4370000 4375000
 4380000 4385000 4390000 4395000 4400000 4405000 4410000 4415000 4420000
 4425000 4430000 4435000 4440000 4445000 4450000 4455000 4460000 4465000
 4470000 4475000 4480000 4485000 4490000 4495000 4500000 4505000 4510000
 4515000 4520000 4525000 4530000 4535000 4540000 4545000 4550000 4555000
 4560000 4565000 4570000 4575000 4580000 4585000 4590000 4595000 4600000
 4605000 4610000 4615000 4620000 4625000 4630000 4635000 4640000 4645000
 4650000 4655000 4660000 4665000 4670000 4675000 4680000 4685000 4690000
 4695000 4700000 4705000 4710000 4715000 4720000 4725000 4730000 4735000
 4740000 4745000 4750000 4755000 4760000 4765000 4770000 4775000 4780000
 4785000 4790000 4795000 4800000 4805000 4810000 4815000 4820000 4825000
 4830000 4835000 4840000 4845000 4850000 4855000 4860000 4865000 4870000
 4875000 4880000 4885000 4890000 4895000 4900000 4905000 4910000 4915000
 4920000 4925000 4930000 4935000 4940000 4945000 4950000 4955000 4960000
 4965000 4970000 4975000 4980000 4985000 4990000 4995000 5000000 5005000
 5010000]