timestep c_coords2
10000 43
15000 61
20000 77
25000 90
30000 99
35000 112
40000 123
45000 145
50000 154
55000 161
60000 167
65000 179
70000 183
75000 196
80000 204
85000 211
90000 214
95000 221
100000 225
105000 231
110000 237
115000 241
120000 250
125000 259
130000 263
135000 267
140000 270
145000 276
150000 282
155000 286
160000 288
165000 292
170000 304
175000 305
180000 310
185000 317
190000 320
195000 324
200000 334
205000 339
210000 343
215000 347
220000 352
225000 359
230000 360
235000 360
240000 361
245000 361
250000 361
255000 361
260000 362
265000 362
270000 360
275000 361
280000 365
285000 366
290000 362
295000 365
300000 367
305000 365
310000 365
315000 366
320000 366
325000 367
330000 369
335000 367
340000 367
345000 370
350000 369
355000 371
360000 369
365000 371
370000 369
375000 369
380000 371
385000 374
390000 373
395000 373
400000 374
405000 373
410000 372
415000 374
420000 381
425000 381
430000 382
435000 379
440000 380
445000 381
450000 380
455000 383
460000 385
465000 385
470000 382
475000 383
480000 384
485000 379
490000 380
495000 382
500000 386
505000 382
510000 382
515000 388
520000 395
525000 390
530000 388
535000 395
540000 391
545000 398
550000 397
555000 399
560000 398
565000 397
570000 397
575000 398
580000 402
585000 400
590000 399
595000 400
600000 400
605000 402
610000 401
615000 401
620000 394
625000 397
630000 403
635000 396
640000 396
645000 402
650000 404
655000 404
660000 402
665000 398
670000 395
675000 399
680000 400
685000 398
690000 398
695000 395
700000 396
705000 399
710000 397
715000 398
720000 404
725000 403
730000 398
735000 398
740000 398
745000 398
750000 400
755000 396
760000 400
765000 405
770000 396
775000 409
780000 408
785000 406
790000 405
795000 409
800000 407
805000 405
810000 409
815000 406
820000 404
825000 411
830000 409
835000 410
840000 403
845000 401
850000 402
855000 399
860000 394
865000 400
870000 399
875000 394
880000 392
885000 396
890000 401
895000 398
900000 398
905000 399
910000 399
915000 404
920000 408
925000 398
930000 402
935000 400
940000 399
945000 402
950000 401
955000 399
960000 399
965000 391
970000 394
975000 397
980000 403
985000 394
990000 396
995000 402
1000000 400
1005000 401
1010000 403
1015000 403
1020000 401
1025000 395
1030000 396
1035000 398
1040000 402
1045000 401
1050000 399
1055000 397
1060000 395
1065000 404
1070000 403
1075000 403
1080000 407
1085000 407
1090000 401
1095000 404
1100000 402
1105000 400
1110000 401
1115000 404
1120000 402
1125000 399
1130000 404
1135000 405
1140000 398
1145000 401
1150000 401
1155000 401
1160000 400
1165000 400
1170000 403
1175000 402
1180000 401
1185000 405
1190000 402
1195000 402
1200000 399
1205000 396
1210000 401
1215000 401
1220000 397
1225000 400
1230000 402
1235000 401
1240000 397
1245000 402
1250000 398
1255000 398
1260000 398
1265000 400
1270000 399
1275000 394
1280000 397
1285000 395
1290000 398
1295000 396
1300000 394
1305000 391
1310000 393
1315000 392
1320000 394
1325000 392
1330000 394
1335000 394
1340000 396
1345000 402
1350000 404
1355000 406
1360000 405
1365000 404
1370000 404
1375000 408
1380000 404
1385000 405
1390000 401
1395000 404
1400000 407
1405000 408
1410000 405
1415000 406
1420000 404
1425000 405
1430000 402
1435000 408
1440000 396
1445000 398
1450000 405
1455000 405
1460000 403
1465000 406
1470000 407
1475000 407
1480000 412
1485000 408
1490000 408
1495000 407
1500000 406
1505000 406
1510000 406
1515000 403
1520000 402
1525000 398
1530000 403
1535000 400
1540000 397
1545000 396
1550000 395
1555000 397
1560000 395
1565000 393
1570000 391
1575000 397
1580000 398
1585000 401
1590000 397
1595000 399
1600000 395
1605000 402
1610000 405
1615000 404
1620000 404
1625000 410
1630000 408
1635000 405
1640000 406
1645000 407
1650000 408
1655000 413
1660000 413
1665000 407
1670000 402
1675000 400
1680000 404
1685000 401
1690000 401
1695000 397
1700000 403
1705000 406
1710000 402
1715000 398
1720000 395
1725000 399
1730000 404
1735000 398
1740000 402
1745000 407
1750000 407
1755000 409
1760000 406
1765000 405
1770000 405
1775000 404
1780000 402
1785000 398
1790000 400
1795000 402
1800000 404
1805000 397
1810000 400
1815000 405
1820000 406
1825000 405
1830000 403
1835000 408
1840000 403
1845000 401
1850000 401
1855000 396
1860000 397
1865000 402
1870000 403
1875000 396
1880000 395
1885000 400
1890000 399
1895000 400
1900000 402
1905000 401
1910000 397
1915000 397
1920000 399
1925000 398
1930000 403
1935000 402
1940000 399
1945000 403
1950000 402
1955000 402
1960000 404
1965000 404
1970000 406
1975000 396
1980000 403
1985000 402
1990000 398
1995000 399
2000000 397
2005000 402
2010000 402
2015000 407
2020000 402
2025000 400
2030000 398
2035000 399
2040000 398
2045000 392
2050000 392
2055000 391
2060000 391
2065000 389
2070000 396
2075000 398
2080000 402
2085000 399
2090000 399
2095000 397
2100000 401
2105000 399
2110000 397
2115000 399
2120000 399
2125000 401
2130000 400
2135000 396
2140000 403
2145000 402
2150000 398
2155000 398
2160000 403
2165000 402
2170000 398
2175000 397
2180000 399
2185000 396
2190000 399
2195000 402
2200000 398
2205000 404
2210000 397
2215000 400
2220000 398
2225000 402
2230000 401
2235000 399
2240000 401
2245000 397
2250000 398
2255000 401
2260000 402
2265000 400
2270000 397
2275000 395
2280000 391
2285000 394
2290000 393
2295000 395
2300000 403
2305000 403
2310000 397
2315000 397
2320000 396
2325000 401
2330000 400
2335000 397
2340000 402
2345000 398
2350000 395
2355000 396
2360000 399
2365000 396
2370000 402
2375000 399
2380000 405
2385000 404
2390000 398
2395000 405
2400000 403
2405000 409
2410000 404
2415000 404
2420000 403
2425000 402
2430000 405
2435000 402
2440000 407
2445000 406
2450000 403
2455000 403
2460000 403
2465000 410
2470000 407
2475000 401
2480000 403
2485000 405
2490000 405
2495000 406
2500000 407
2505000 408
2510000 406
2515000 402
2520000 401
2525000 393
2530000 398
2535000 400
2540000 393
2545000 396
2550000 398
2555000 402
2560000 401
2565000 402
2570000 400
2575000 403
2580000 405
2585000 409
2590000 408
2595000 411
2600000 404
2605000 403
2610000 401
2615000 398
2620000 401
2625000 398
2630000 401
2635000 397
2640000 393
2645000 397
2650000 404
2655000 400
2660000 402
2665000 399
2670000 402
2675000 403
2680000 404
2685000 402
2690000 404
2695000 402
2700000 402
2705000 405
2710000 401
2715000 399
2720000 401
2725000 395
2730000 404
2735000 402
2740000 403
2745000 405
2750000 403
2755000 398
2760000 398
2765000 400
2770000 397
2775000 399
2780000 394
2785000 398
2790000 395
2795000 403
2800000 401
2805000 403
2810000 402
2815000 410
2820000 406
2825000 407
2830000 409
2835000 406
2840000 404
2845000 403
2850000 409
2855000 401
2860000 404
2865000 408
2870000 402
2875000 405
2880000 406
2885000 405
2890000 402
2895000 399
2900000 406
2905000 405
2910000 408
2915000 403
2920000 401
2925000 408
2930000 408
2935000 403
2940000 404
2945000 401
2950000 403
2955000 403
2960000 405
2965000 397
2970000 398
2975000 403
2980000 406
2985000 398
2990000 402
2995000 408
3000000 406
3005000 403
3010000 403
3015000 407
3020000 405
3025000 402
3030000 407
3035000 401
3040000 404
3045000 404
3050000 403
3055000 402
3060000 406
3065000 406
3070000 403
3075000 405
3080000 398
3085000 401
3090000 400
3095000 403
3100000 402
3105000 400
3110000 402
3115000 401
3120000 397
3125000 400
3130000 405
3135000 402
3140000 396
3145000 400
3150000 400
3155000 400
3160000 405
3165000 403
3170000 405
3175000 403
3180000 399
3185000 404
3190000 399
3195000 400
3200000 404
3205000 404
3210000 403
3215000 403
3220000 403
3225000 407
3230000 401
3235000 406
3240000 402
3245000 399
3250000 398
3255000 398
3260000 396
3265000 399
3270000 399
3275000 403
3280000 406
3285000 405
3290000 405
3295000 405
3300000 407
3305000 404
3310000 409
3315000 407
3320000 406
3325000 407
3330000 407
3335000 409
3340000 402
3345000 405
3350000 405
3355000 401
3360000 402
3365000 404
3370000 403
3375000 394
3380000 404
3385000 401
3390000 394
3395000 397
3400000 398
3405000 400
3410000 403
3415000 400
3420000 402
3425000 398
3430000 404
3435000 404
3440000 401
3445000 402
3450000 400
3455000 402
3460000 405
3465000 405
3470000 405
3475000 404
3480000 403
3485000 404
3490000 402
3495000 396
3500000 397
3505000 393
3510000 395
3515000 396
3520000 401
3525000 398
3530000 398
3535000 400
3540000 398
3545000 399
3550000 401
3555000 402
3560000 397
3565000 400
3570000 401
3575000 398
3580000 400
3585000 397
3590000 399
3595000 397
3600000 400
3605000 400
3610000 400
3615000 401
3620000 403
3625000 408
3630000 408
3635000 403
3640000 397
3645000 401
3650000 401
3655000 408
3660000 398
3665000 398
3670000 403
3675000 399
3680000 400
3685000 397
3690000 402
3695000 401
3700000 398
3705000 401
3710000 396
3715000 398
3720000 401
3725000 403
3730000 402
3735000 410
3740000 404
3745000 404
3750000 403
3755000 405
3760000 403
3765000 405
3770000 406
3775000 407
3780000 403
3785000 398
3790000 397
3795000 398
3800000 400
3805000 404
3810000 401
3815000 398
3820000 401
3825000 401
3830000 400
3835000 400
3840000 403
3845000 403
3850000 401
3855000 404
3860000 405
3865000 407
3870000 405
3875000 402
3880000 402
3885000 406
3890000 409
3895000 407
3900000 409
3905000 408
3910000 406
3915000 404
3920000 410
3925000 408
3930000 409
3935000 401
3940000 404
3945000 411
3950000 411
3955000 411
3960000 406
3965000 404
3970000 403
3975000 406
3980000 402
3985000 397
3990000 398
3995000 398
4000000 400
4005000 403
4010000 405
4015000 405
4020000 409
4025000 410
4030000 409
4035000 404
4040000 406
4045000 401
4050000 403
4055000 402
4060000 407
4065000 402
4070000 406
4075000 399
4080000 395
4085000 396
4090000 396
4095000 397
4100000 400
4105000 393
4110000 397
4115000 400
4120000 401
4125000 394
4130000 394
4135000 393
4140000 391
4145000 397
4150000 398
4155000 397
4160000 398
4165000 404
4170000 401
4175000 402
4180000 407
4185000 408
4190000 406
4195000 404
4200000 403
4205000 408
4210000 409
4215000 407
4220000 406
4225000 405
4230000 404
4235000 402
4240000 402
4245000 407
4250000 405
4255000 401
4260000 405
4265000 402
4270000 409
4275000 407
4280000 402
4285000 404
4290000 407
4295000 403
4300000 399
4305000 401
4310000 399
4315000 403
4320000 401
4325000 403
4330000 401
4335000 399
4340000 400
4345000 398
4350000 409
4355000 399
4360000 404
4365000 403
4370000 406
4375000 406
4380000 401
4385000 410
4390000 409
4395000 400
4400000 399
4405000 399
4410000 401
4415000 401
4420000 400
4425000 405
4430000 406
4435000 408
4440000 407
4445000 403
4450000 400
4455000 401
4460000 400
4465000 400
4470000 401
4475000 400
4480000 395
4485000 395
4490000 398
4495000 393
4500000 400
4505000 396
4510000 401
4515000 406
4520000 405
4525000 404
4530000 407
4535000 401
4540000 404
4545000 399
4550000 404
4555000 403
4560000 399
4565000 402
4570000 404
4575000 408
4580000 406
4585000 406
4590000 405
4595000 399
4600000 405
4605000 400
4610000 402
4615000 406
4620000 405
4625000 406
4630000 404
4635000 397
4640000 394
4645000 399
4650000 402
4655000 400
4660000 402
4665000 399
4670000 403
4675000 407
4680000 407
4685000 404
4690000 405
4695000 407
4700000 398
4705000 398
4710000 398
4715000 403
4720000 407
4725000 400
4730000 405
4735000 405
4740000 402
4745000 402
4750000 395
4755000 396
4760000 398
4765000 402
4770000 397
4775000 394
4780000 397
4785000 399
4790000 397
4795000 398
4800000 396
4805000 396
4810000 398
4815000 401
4820000 402
4825000 401
4830000 403
4835000 408
4840000 408
4845000 399
4850000 402
4855000 401
4860000 403
4865000 403
4870000 409
4875000 404
4880000 402
4885000 409
4890000 409
4895000 405
4900000 402
4905000 403
4910000 401
4915000 403
4920000 396
4925000 399
4930000 400
4935000 400
4940000 400
4945000 407
4950000 415
4955000 409
4960000 409
4965000 406
4970000 406
4975000 405
4980000 407
4985000 405
4990000 409
4995000 405
5000000 406
5005000 406
5010000 403
