timestep Temp E_pair E_mol TotEng Press
10000 138.76889 -7382.1098 688.86525 -5452.3135 -6.9719272
15000 300.56507 -6305.1563 1304.7496 -2312.6244 6.575993
20000 304.20972 -6824.0802 1364.7709 -2738.9351 5.0441849
25000 296.8554 -7028.551 1315.59 -3058.3523 -14.014538
30000 295.21198 -7324.2496 1306.218 -3378.1191 5.9526527
35000 293.55511 -7420.8735 1290.1122 -3505.6652 -2.7754213
40000 304.30531 -7693.2528 1325.2913 -3646.7326 1.7502653
45000 310.14897 -8009.3713 1316.6181 -3919.2677 10.314596
50000 290.6066 -8211.4796 1293.1722 -4319.5782 -7.6908312
55000 298.53369 -8398.3253 1308.0512 -4420.6575 10.12883
60000 298.84496 -8532.5086 1268.6468 -4591.4616 -5.3630742
65000 296.76798 -8578.0865 1283.5801 -4640.6795 -11.315294
70000 297.65938 -8604.3414 1267.8846 -4674.6585 -2.6847184
75000 301.5326 -8662.8549 1285.3499 -4681.0708 -11.146224
80000 296.47778 -8903.7388 1282.5384 -4969.9685 5.8007295
85000 299.24175 -8899.7516 1257.1409 -4966.6622 -3.2611551
90000 297.90217 -9041.3135 1273.8759 -5103.4683 10.00563
95000 301.25289 -9002.0057 1236.6824 -5071.3904 -6.4058408
100000 310.24204 -9112.0637 1266.9652 -5070.7808 -11.362465
105000 308.67213 -9119.2842 1324.879 -5034.1262 -22.563623
110000 306.45276 -9203.7756 1257.7778 -5205.5654 -19.622685
115000 305.04753 -9360.9771 1292.6008 -5340.5102 -17.024232
120000 297.06929 -9251.0616 1222.927 -5371.6132 -1.7922475
125000 302.81626 -9398.2276 1252.0838 -5438.2305 -4.2184604
130000 297.50768 -9414.4373 1281.2403 -5472.7554 -13.362691
135000 302.11706 -9496.946 1258.3214 -5536.9639 8.0980749
140000 301.18397 -9456.5041 1283.4423 -5479.7451 1.149704
145000 300.16924 -9433.5293 1301.7575 -5447.5293 -18.000651
150000 306.48525 -9401.7929 1192.6251 -5468.4448 -5.345695
155000 302.31536 -9564.3408 1289.9556 -5570.9512 -4.9604123
160000 302.2727 -9569.7638 1269.0846 -5597.6267 -5.4884013
165000 292.23106 -9570.1754 1282.3535 -5674.566 -20.995148
170000 297.68313 -9707.7642 1320.6133 -5725.1403 1.2719335
175000 298.16283 -9717.0412 1309.0903 -5741.6505 -20.328755
180000 297.28795 -9686.6865 1318.7298 -5709.48 -11.520906
185000 295.73432 -9797.9506 1250.8743 -5902.4928 -10.130347
190000 301.7961 -9792.0975 1330.3989 -5762.9081 2.5227696
195000 296.02702 -9815.5242 1252.7449 -5915.5783 1.7083711
200000 307.68343 -9841.1561 1276.4708 -5813.2477 -13.972957
205000 295.26688 -9968.7399 1252.5109 -6075.8255 18.346683
210000 296.67471 -9917.6631 1251.3569 -6013.3134 2.6160308
215000 297.61839 -9999.2033 1282.994 -6054.7776 -15.266764
220000 299.7193 -10039.501 1303.8947 -6055.3873 -15.253748
225000 302.23069 -9926.3641 1277.2946 -5946.3927 -4.3214271
230000 293.04401 -10073.907 1288.2295 -6165.1522 -2.4250389
235000 297.2382 -10050.928 1244.0067 -6148.8891 19.293896
240000 290.152 -10140.756 1286.3298 -6259.7624 24.692004
245000 300.46995 -10178.516 1269.4581 -6222.1266 31.368624
250000 299.62046 -10103.588 1274.7408 -6149.512 -13.972383
255000 301.97867 -10069.762 1265.3154 -6104.0236 12.42366
260000 297.39919 -10116.274 1281.1419 -6175.6606 6.206788
265000 293.58247 -10120.588 1212.0498 -6283.1979 -0.94382559
270000 298.81788 -10137.75 1274.3369 -6191.2555 -19.19434
275000 307.21964 -10193.4 1302.8538 -6143.256 4.5788674
280000 294.46986 -10196.113 1247.1155 -6315.7208 17.487274
285000 299.4338 -10000.429 1234.4729 -6088.2903 -0.041768597
290000 303.14349 -10093.632 1251.2049 -6131.5877 -30.093883
295000 292.26885 -10170.032 1268.5786 -6287.8594 7.2922376
300000 298.61513 -10156.466 1324.915 -6161.2062 5.1938277
305000 305.57271 -10206.529 1279.7469 -6194.2198 24.385039
310000 298.81645 -10115.548 1258.4087 -6184.994 8.5987003
315000 304.06885 -10159.574 1267.8021 -6172.6572 16.974282
320000 306.03808 -10136.06 1250.1742 -6149.1618 11.968332
325000 303.95872 -10177.338 1265.8339 -6193.3749 28.27583
330000 302.04228 -10074.368 1224.0531 -6149.3232 -9.1743222
335000 296.78452 -10182.547 1297.5898 -6230.982 6.0139761
340000 301.20438 -10159.853 1271.6927 -6194.6609 17.507873
345000 302.7858 -10177.227 1267.695 -6201.8906 15.125012
350000 301.23302 -10068.717 1289.4296 -6085.5321 -15.422001
355000 294.9118 -10174.171 1247.6231 -6289.3192 -3.1076802
360000 302.21476 -10174.039 1275.003 -6196.5019 1.8545134
365000 302.71199 -10276.155 1236.7554 -6332.4189 -5.617496
370000 298.42127 -10294.311 1235.8354 -6389.864 16.891142
375000 298.30555 -10413.401 1220.1526 -6525.6716 -6.4551705
380000 302.67068 -10297.069 1202.3514 -6388.1059 -20.826842
385000 300.77786 -10320.724 1302.162 -6328.8773 -21.439173
390000 299.63218 -10491.285 1346.2762 -6465.5688 21.413606
395000 308.21068 -10445.444 1274.6639 -6414.6275 1.9324256
400000 294.6233 -10419.329 1214.6151 -6570.0653 -13.084444
405000 302.6643 -10471.371 1296.3709 -6468.4459 -12.284532
410000 302.62177 -10584.134 1244.9649 -6632.9953 -7.0765868
415000 301.9592 -10599.889 1285.8908 -6613.7489 -4.527383
420000 307.34465 -10696.116 1262.6392 -6685.0685 34.347849
425000 304.53925 -10674.477 1279.5632 -6671.5928 -13.743603
430000 302.90954 -10749.669 1241.6213 -6799.3007 -25.318232
435000 298.05255 -10667.818 1319.5756 -6682.9288 -2.8277986
440000 295.75593 -10667.73 1224.8456 -6798.1074 -10.453183
445000 294.73478 -10734.409 1231.155 -6867.6091 -13.915836
450000 295.1981 -10824.108 1265.3332 -6918.9862 9.9695936
455000 295.58793 -10862.903 1294.4871 -6925.1414 -6.9639753
460000 297.78953 -10742.449 1268.0324 -6811.4544 -8.5986715
465000 300.97905 -10687.708 1316.0206 -6680.2028 -0.63564916
470000 301.77123 -10787.827 1267.9974 -6821.2611 1.6126174
475000 296.20842 -10727.695 1242.9293 -6835.9428 3.7845102
480000 301.43698 -10769.08 1266.1622 -6807.3382 -2.6828906
485000 299.82255 -10794.838 1270.1967 -6843.4995 -19.225121
490000 306.45044 -10760.406 1248.1874 -6771.8066 -33.68749
495000 295.5689 -10791.187 1224.986 -6923.0963 -18.071089
500000 296.05502 -10834.921 1239.4911 -6947.979 -2.0001705
505000 303.17278 -10814.782 1292.3737 -6811.3065 30.705155
510000 288.34874 -10853.4 1225.0833 -7049.7787 15.92626
515000 295.37423 -10794.44 1233.8544 -6919.2223 -11.860723
520000 298.0417 -10812.333 1227.8276 -6919.2883 8.8464036
525000 300.74703 -10874.928 1270.8329 -6914.686 5.044605
530000 292.05363 -10885.691 1254.7348 -7019.2873 16.204936
535000 297.21393 -10868.414 1219.5137 -6991.0855 4.8639242
540000 299.64228 -10793.866 1227.8311 -6886.5048 -2.0901544
545000 303.39275 -10843.932 1238.1507 -6892.7126 -20.356829
550000 295.0717 -10943.102 1209.8389 -7094.6046 -11.052911
555000 295.6925 -10839.737 1208.588 -6986.9395 -22.369033
560000 296.58989 -10864.413 1228.0795 -6984.0991 20.007023
565000 300.52336 -10985.121 1249.4099 -7048.302 5.1018834
570000 299.40879 -10932.855 1246.9304 -7008.4825 -7.3813103
575000 287.96204 -10965.513 1264.6109 -7125.8217 15.391606
580000 298.63074 -10875.633 1229.7568 -6975.3916 14.169385
585000 294.70877 -10989.181 1247.8017 -7105.9664 -1.2327982
590000 303.92178 -10943.331 1204.1469 -7021.3845 2.0341311
595000 300.91724 -10866.084 1242.1444 -6933.0078 -4.8569343
600000 292.62891 -10930.959 1238.9621 -7075.1838 4.5589296
605000 302.31465 -10894.164 1240.0441 -6950.6924 8.4088885
610000 298.22085 -10992.363 1204.3008 -7121.2428 3.0316887
615000 308.32705 -10923.262 1249.5978 -6916.4707 -20.208448
620000 295.38385 -10952.147 1243.8472 -7066.8503 7.3052849
625000 293.95425 -10877.613 1248.2707 -7000.6774 7.4201876
630000 302.75085 -10849.131 1264.4179 -6877.3847 -9.1151655
635000 297.02094 -10899.698 1232.9805 -7010.6284 5.3899787
640000 305.27251 -10828.626 1244.5849 -6854.1628 -3.2501848
645000 297.37464 -10853.899 1216.4072 -6978.24 -4.7329673
650000 306.34221 -10814.714 1251.0805 -6824.1892 -10.372002
655000 300.68357 -10839.543 1259.3755 -6891.3257 -26.626294
660000 296.5066 -10963.516 1271.3554 -7040.6714 -1.7213977
665000 296.90963 -10859.888 1240.3602 -6964.4341 -7.7318698
670000 306.08766 -10958.621 1222.0524 -6999.4008 0.51284261
675000 302.93049 -10856.764 1216.5215 -6931.3072 -8.7283307
680000 302.56879 -10935.561 1238.6669 -6991.1934 9.7424322
685000 292.01373 -10854.431 1270.0888 -6973.0303 -18.639483
690000 301.82451 -10821.976 1269.7858 -6853.1455 -17.273855
695000 299.16035 -10885.572 1241.3077 -6969.0436 37.495291
700000 303.18128 -10877.316 1190.1313 -6976.0072 0.67257221
705000 291.28867 -10943.174 1271.1244 -7067.2211 -11.246011
710000 308.38846 -11015.498 1208.7228 -7049.0329 -4.7568072
715000 299.4109 -10960.408 1258.6305 -7024.3169 -3.699574
720000 298.65295 -10856.491 1197.5227 -6988.2854 10.799075
725000 295.22259 -10748.744 1229.2942 -6879.442 -22.293677
730000 306.28151 -10803.309 1264.049 -6800.3586 -3.5772563
735000 303.28609 -10839.509 1248.1617 -6879.2328 4.654985
740000 298.95256 -10793.812 1278.7058 -6841.7436 4.437752
745000 296.64899 -10987.721 1239.8589 -7095.0988 0.19774146
750000 301.83621 -10867.074 1244.0173 -6923.9078 4.7388287
755000 308.50702 -10884.544 1233.1473 -6892.5945 -4.489643
760000 300.78528 -11017.743 1231.5396 -7096.4525 5.2457913
765000 302.50226 -10902.588 1225.4318 -6972.0512 24.153513
770000 306.33843 -11078.083 1226.9295 -7111.7431 -2.9766482
775000 297.73576 -11128.74 1268.3487 -7197.9104 16.765749
780000 302.67342 -11022.001 1276.0613 -7039.3042 19.170451
785000 298.49779 -11072.51 1217.5251 -7185.6897 2.0319933
790000 295.70475 -11078.306 1232.471 -7201.5159 -15.255218
795000 303.7404 -11165.825 1245.6988 -7203.949 -6.7380848
800000 295.16031 -11112.937 1187.1321 -7286.3544 1.994051
805000 298.06354 -11158.143 1201.0704 -7291.6603 -2.3910247
810000 292.44809 -11088.798 1204.2601 -7269.3414 -3.7845778
815000 300.99466 -11129.37 1199.1496 -7238.5964 3.6252159
820000 281.85943 -11127.408 1244.0166 -7362.8835 4.2665813
825000 295.4767 -11122.61 1220.7149 -7259.615 2.0522793
830000 295.66246 -11055.708 1223.0762 -7188.6908 -17.023845
835000 302.88235 -11119.987 1272.2567 -7139.2263 2.1957058
840000 301.64267 -11172.16 1222.6024 -7252.1395 11.947591
845000 303.99088 -11084.412 1211.2846 -7154.7106 -4.5029527
850000 303.66937 -11129.213 1241.6412 -7172.03 7.0104646
855000 300.57642 -11032.434 1176.9961 -7167.5539 0.94910016
860000 302.15794 -11006.693 1203.0469 -7101.62 8.2810538
865000 304.22788 -11053.991 1220.8219 -7112.6325 -14.18874
870000 296.92421 -11092.228 1290.4575 -7146.5469 8.7444468
875000 298.88073 -11026.326 1267.2533 -7086.3528 -19.164993
880000 307.78111 -11107.169 1222.5344 -7132.3236 -0.7464577
885000 299.83987 -11080.907 1231.8937 -7167.7164 4.7499907
890000 301.29378 -11136.752 1265.2715 -7177.1822 23.854329
895000 307.76429 -10933.531 1192.6705 -6988.6999 -1.958273
900000 304.91904 -10998.482 1204.1212 -7067.6432 32.859561
905000 297.38183 -11096.128 1211.2832 -7225.5281 -19.883936
910000 303.16231 -10995.743 1187.5856 -7097.1496 10.882593
915000 302.33277 -11060.674 1228.2002 -7128.8844 -6.6951698
920000 298.46865 -11096.321 1207.8549 -7219.4313 -12.428928
925000 299.0792 -11058.967 1225.6907 -7158.7811 16.064567
930000 300.60205 -11010.948 1228.5263 -7094.3087 7.624685
935000 300.27388 -10996.086 1241.8211 -7069.0868 -22.743383
940000 295.7986 -11019.416 1208.7497 -7165.5079 7.6720067
945000 305.87169 -11075.888 1256.6593 -7083.9922 15.841682
950000 304.95842 -11059.169 1246.0654 -7086.0343 13.808532
955000 304.52019 -11074.641 1225.0814 -7126.4089 4.4505502
960000 301.07325 -11071.078 1279.6341 -7099.1171 -0.050799466
965000 299.89039 -11041.065 1247.1181 -7112.198 7.7635772
970000 292.43122 -11060.748 1217.2027 -7228.499 -10.441621
975000 300.42823 -11132.271 1178.627 -7267.0855 2.6557802
980000 296.68912 -11009.774 1194.2015 -7162.4512 0.81516
985000 296.57892 -11004.942 1181.725 -7171.0808 -31.160045
990000 300.50229 -11084.202 1209.4491 -7187.5325 -9.8517778
995000 297.13675 -11101.309 1214.8448 -7229.3399 -3.1476018
1000000 300.92681 -11145.43 1250.0388 -7204.3743 -7.7069128
1005000 299.88204 -11030.992 1203.9636 -7145.3538 1.9284752
1010000 296.86793 -10959.011 1221.9014 -7082.3889 -11.005519
1015000 292.18415 -10963.239 1212.257 -7138.1454 21.040754
1020000 297.76024 -11012.517 1170.0009 -7179.8161 -11.244549
1025000 306.1719 -10971.271 1270.8285 -6962.5212 5.7120615
1030000 302.41524 -11134.766 1237.2334 -7193.2059 8.5584627
1035000 297.01903 -11085.811 1217.7074 -7212.0315 14.427889
1040000 302.55691 -11041.504 1248.2158 -7087.6937 15.495763
1045000 302.39289 -11107.1 1207.2674 -7195.7056 -6.8379073
1050000 302.02458 -11074.801 1219.1755 -7154.7917 11.81261
1055000 307.75049 -11110.371 1222.7578 -7135.5754 -11.486493
1060000 297.92494 -11105.354 1221.8578 -7219.3231 -13.49928
1065000 298.30314 -11124.427 1192.2328 -7264.6397 -11.701109
1070000 298.59782 -11074.398 1219.5608 -7184.6467 -2.575385
1075000 304.2165 -11119.725 1187.8412 -7211.4485 11.63007
1080000 303.95042 -11090.198 1234.8712 -7137.2712 8.5039047
1085000 306.01536 -11170.599 1253.598 -7180.4798 -7.7364177
1090000 300.52766 -11148.566 1193.3351 -7267.7835 -0.27164651
1095000 298.25501 -11043.943 1186.7017 -7190.1171 -31.095475
1100000 299.07236 -11070.17 1194.2498 -7201.4863 -1.6973026
1105000 298.79289 -11183.428 1231.9921 -7279.5013 5.0737428
1110000 297.91713 -11123.74 1225.6288 -7234.0085 -4.2424556
1115000 298.0748 -11054.316 1193.3339 -7195.4687 2.9034963
1120000 300.20839 -11043.966 1250.534 -7108.8398 -2.6244177
1125000 305.67833 -11094.643 1232.6684 -7128.4679 -22.078367
1130000 300.2868 -11115.356 1219.8812 -7210.1808 -14.559645
1135000 308.25128 -11088.995 1231.8724 -7100.6072 6.7633313
1140000 304.7658 -11119.905 1268.394 -7126.1644 7.7506563
1145000 296.57552 -11033.045 1258.1692 -7122.7699 -2.6862056
1150000 305.3355 -11024.236 1252.5746 -7041.2203 -0.7683087
1155000 295.87159 -11107.431 1203.263 -7258.3574 -24.142023
1160000 298.46341 -11122.872 1181.1555 -7272.7282 -23.624745
1165000 305.93556 -11173.019 1193.0318 -7244.1795 22.073237
1170000 296.41222 -11147.672 1256.0559 -7240.971 14.206807
1175000 294.50836 -11145.698 1277.8078 -7234.2693 4.7947918
1180000 298.77682 -11131.81 1235.3355 -7224.684 -26.053812
1185000 297.61927 -11053.894 1208.4167 -7184.0381 -6.9092432
1190000 303.32066 -11190.938 1208.8978 -7269.6169 33.055453
1195000 305.70757 -11150.751 1210.0808 -7206.9021 8.4438088
1200000 307.36294 -11090.925 1207.0459 -7135.3078 -14.593003
1205000 299.26806 -11011.954 1251.3029 -7084.4675 10.275438
1210000 292.7429 -11109.763 1211.998 -7279.932 -22.256634
1215000 300.58266 -11063.857 1235.8526 -7140.065 -0.34492027
1220000 306.08288 -11109.27 1232.5637 -7139.5817 3.7723814
1225000 313.8097 -11057.285 1236.1406 -7014.9231 -8.5798806
1230000 297.90279 -11153.443 1199.954 -7289.5142 9.1331066
1235000 300.94562 -11224.627 1251.0196 -7282.4227 0.276725
1240000 312.74756 -11186.3 1223.9399 -7165.637 -2.0425136
1245000 292.55618 -11135.508 1197.092 -7322.2524 7.6335222
1250000 297.99239 -11102.658 1212.4549 -7225.4267 1.3081779
1255000 301.09696 -10960.478 1244.3531 -7023.5862 14.146971
1260000 294.71823 -10970.505 1193.3989 -7141.6089 1.1164912
1265000 291.52023 -11133.083 1248.7907 -7277.3928 7.3672516
1270000 299.77873 -10993.39 1224.8785 -7087.7615 -7.5587248
1275000 302.94881 -11015.546 1216.602 -7089.845 -37.34944
1280000 299.27664 -11002.46 1273.3627 -7052.837 -2.6714411
1285000 303.662 -11113.331 1182.5831 -7215.2716 9.9672059
1290000 308.7946 -11024.889 1239.3175 -7024.1975 -35.612331
1295000 303.16738 -11066.628 1216.0526 -7139.522 -5.7896427
1300000 306.47708 -10991.908 1156.928 -7094.3298 -16.265429
1305000 302.24687 -10988.628 1211.8385 -7073.9675 -31.330585
1310000 300.29545 -11047.425 1225.4487 -7136.605 20.948986
1315000 303.03423 -11084.051 1206.3655 -7167.8228 4.9796691
1320000 302.16905 -11087.753 1180.2405 -7205.387 -2.9917377
1325000 301.32003 -11070.766 1211.8505 -7164.3817 -5.4539524
1330000 296.36755 -11069.121 1236.9246 -7181.95 33.228845
1335000 303.88271 -11079.854 1218.4868 -7143.9175 5.4195715
1340000 300.74898 -11153.246 1251.5226 -7212.2966 -5.8597001
1345000 292.22609 -11127.035 1220.4276 -7293.3959 -11.310501
1350000 297.11339 -11125.826 1214.7147 -7254.196 6.1895656
1355000 301.96967 -11079.976 1278.4622 -7101.1713 9.665691
1360000 299.44441 -11055.361 1241.9666 -7135.6334 -2.2520449
1365000 306.78434 -11183.686 1263.9589 -7176.3291 -17.258081
1370000 296.50738 -11103.664 1210.9577 -7241.2095 -19.628905
1375000 306.53934 -11120.765 1211.8335 -7167.7244 -3.8573562
1380000 297.67221 -11019.289 1192.7548 -7164.6214 -1.3757177
1385000 295.86083 -11149.314 1191.6206 -7311.9791 10.940633
1390000 298.7162 -11121.708 1310.5407 -7139.9182 -3.3782939
1395000 299.98336 -11067.011 1255.9468 -7128.484 -0.4471182
1400000 298.00146 -11157.572 1228.1269 -7264.5879 -7.9587082
1405000 291.56686 -11073.784 1201.724 -7264.744 -3.4919588
1410000 299.70078 -11091.847 1213.9067 -7197.8872 -12.799643
1415000 301.45622 -11151.735 1197.8598 -7258.1241 11.94301
1420000 299.09161 -11133.953 1231.5021 -7227.8448 -16.824693
1425000 302.85715 -11034.663 1213.9348 -7112.4491 -18.628597
1430000 300.89432 -11061.413 1207.1834 -7163.5033 -18.207422
1435000 297.51832 -11155.97 1225.1292 -7270.3035 -11.175657
1440000 298.42257 -11107.3 1200.345 -7238.3315 -0.028201599
1445000 289.25625 -11095.444 1225.8355 -7282.9543 -6.0962743
1450000 300.91697 -11086.403 1223.0298 -7172.4446 6.7858147
1455000 299.52551 -11118.184 1247.7488 -7191.9491 -0.32193215
1460000 304.48755 -11039.445 1236.6389 -7079.9475 12.421311
1465000 299.75176 -11205.534 1209.628 -7315.3968 -15.494421
1470000 298.60438 -11106.73 1194.7218 -7241.7592 -7.7385805
1475000 299.60584 -11162.766 1185.7901 -7297.7714 15.177153
1480000 311.26548 -11097.173 1230.0557 -7083.648 3.2801862
1485000 299.40158 -11098.126 1278.9544 -7141.7935 11.153333
1490000 305.67152 -11199.762 1236.9592 -7229.3565 -27.390945
1495000 304.23679 -11108.721 1241.4609 -7146.6435 -0.84096073
1500000 307.66423 -11129.887 1197.4157 -7181.2052 -9.4829254
1505000 289.41108 -11130.794 1230.8644 -7311.8908 26.507868
1510000 297.32134 -11092.99 1203.7535 -7230.4615 7.6895497
1515000 302.52547 -11085.485 1271.7454 -7108.4265 -18.000883
1520000 298.91838 -11077.663 1220.0865 -7184.5198 -9.9153229
1525000 300.76954 -11039.947 1248.6308 -7101.7056 -4.5266675
1530000 300.39192 -11130.307 1217.9858 -7226.0875 -7.6893366
1535000 298.49184 -11192.944 1248.6833 -7275.0184 11.432485
1540000 299.40887 -11108.855 1216.9376 -7214.4747 17.601282
1545000 302.58302 -11045.155 1245.4952 -7093.8321 8.8298733
1550000 292.21383 -11072.321 1270.3719 -7188.8469 13.598153
1555000 301.86567 -11109.315 1192.5169 -7217.3852 -0.85820728
1560000 303.05079 -10967.064 1248.9022 -7008.151 -7.7153126
1565000 309.81718 -10928.063 1242.7184 -6914.826 -14.362871
1570000 297.16024 -11015.865 1250.6516 -7107.8789 -11.172974
1575000 298.70259 -11060.883 1240.2971 -7149.4585 -1.8460899
1580000 297.18234 -11047.943 1245.8211 -7144.5897 -10.294304
1585000 303.60595 -11103.825 1231.5884 -7157.2612 -7.2844538
1590000 308.4297 -11000.359 1246.4511 -6995.7963 -10.583994
1595000 301.7351 -11118.867 1230.2811 -7190.341 -11.722629
1600000 306.80565 -11057.889 1229.512 -7084.789 7.1800539
1605000 304.21451 -11107.167 1226.5552 -7160.1953 2.462413
1610000 295.44079 -11126.689 1183.0317 -7301.6987 5.0512703
1615000 291.18611 -11102.217 1195.8868 -7302.4189 5.9150344
1620000 295.86157 -11036.792 1214.8107 -7176.2595 1.0534593
1625000 294.72917 -11176.852 1248.5839 -7292.6732 -15.301744
1630000 291.99151 -11190.097 1217.779 -7361.2043 -0.92825891
1635000 296.49968 -11086.769 1235.4348 -7199.9069 -1.5035069
1640000 294.27853 -11056.187 1228.1698 -7196.4525 -7.8432338
1645000 301.35608 -11064.315 1155.128 -7214.3308 2.9592378
1650000 304.66995 -11044.01 1195.4407 -7124.0795 1.0721889
1655000 299.41426 -11063.003 1195.8637 -7189.648 -8.8371339
1660000 299.62753 -11073.331 1258.8314 -7135.1008 14.095292
1665000 310.48301 -11093.202 1231.2915 -7085.4378 -5.0986715
1670000 308.42036 -11066.808 1217.3186 -7091.4618 -27.789808
1675000 300.05244 -11109.35 1189.3071 -7236.8449 -5.9060702
1680000 303.5135 -11106.705 1268.1697 -7124.3871 -2.0675534
1685000 297.04969 -11146.001 1288.2273 -7201.4281 -2.6454737
1690000 305.22917 -11123.077 1269.7465 -7123.8404 -22.061438
1695000 299.50139 -11014.737 1225.1814 -7111.2852 -13.633983
1700000 293.64744 -11044.512 1233.377 -7185.2128 0.43758794
1705000 299.29037 -11134.397 1246.8014 -7211.2121 -14.751934
1710000 302.48814 -11025.548 1198.3249 -7122.2442 11.677235
1715000 297.58312 -11042.753 1226.737 -7154.8996 0.72368814
1720000 306.8532 -11110.164 1227.6622 -7138.4883 0.96240547
1725000 303.20005 -11057.301 1258.3635 -7087.5924 -11.743233
1730000 293.84151 -11010.159 1210.9735 -7171.528 -15.199065
1735000 304.07474 -11131.799 1203.8349 -7208.7972 -6.3894731
1740000 307.35541 -11154.662 1235.2381 -7170.9193 11.257437
1745000 294.61009 -11078.294 1253.7115 -7190.0521 -0.020946349
1750000 298.19344 -11202.109 1166.3172 -7369.2173 -8.8580486
1755000 300.45984 -11154.719 1220.6808 -7247.1969 -10.181087
1760000 308.83142 -11104.881 1234.5554 -7108.6223 -21.105981
1765000 296.78502 -11126.132 1180.7527 -7291.3997 1.1705883
1770000 300.85811 -11191.97 1236.6585 -7264.9084 8.3610718
1775000 293.58707 -11060.265 1231.9879 -7202.895 25.188824
1780000 304.89016 -11053.26 1242.1599 -7084.6409 26.937166
1785000 309.6808 -11108.37 1174.9237 -7164.1471 -12.446384
1790000 294.2924 -11069.524 1229.5742 -7208.2606 -21.22957
1795000 304.79459 -11116.002 1261.5913 -7128.8066 4.0569462
1800000 301.74729 -11065.433 1204.9625 -7162.1168 -37.799837
1805000 291.24696 -11184.97 1259.9407 -7320.5741 -20.782352
1810000 302.76266 -11096.372 1254.6448 -7134.2935 -14.304928
1815000 306.6185 -11026.698 1221.2759 -7063.5081 31.493884
1820000 303.59684 -11148.022 1226.4831 -7206.6449 -5.6223909
1825000 307.49701 -11064.012 1231.097 -7083.1445 14.364312
1830000 299.48842 -11158.875 1178.1664 -7302.5538 -17.147484
1835000 301.53024 -11131.337 1205.7346 -7229.189 -18.406276
1840000 295.78882 -11214.782 1223.2003 -7346.511 8.0682524
1845000 305.15641 -11052.817 1181.6091 -7142.3678 -12.04948
1850000 302.42661 -11122.094 1264.5123 -7153.1526 1.2503213
1855000 297.31845 -11013.597 1209.5674 -7145.2797 2.2131658
1860000 298.33058 -11027.685 1192.762 -7167.1222 -19.643536
1865000 303.2405 -11137.006 1291.3675 -7133.9317 3.6629977
1870000 299.48062 -11116.932 1239.2817 -7199.566 17.009401
1875000 297.60829 -11045.739 1216.9696 -7167.4282 -8.3818734
1880000 301.59466 -10986.516 1284.6046 -7004.922 -2.8175355
1885000 309.19576 -11042.999 1176.1877 -7101.8499 -36.205216
1890000 298.8089 -11024.494 1213.4117 -7139.0045 7.5578884
1895000 306.57295 -11145.342 1225.1162 -7178.7187 -8.3831435
1900000 304.58858 -11085.137 1206.741 -7154.6339 4.5153718
1905000 301.80301 -11135.126 1272.3002 -7163.9734 40.529923
1910000 299.93576 -11114.125 1204.6175 -7227.3525 13.803416
1915000 298.98838 -11180.927 1221.5448 -7285.6996 21.130899
1920000 296.97518 -11078.047 1244.7672 -7177.6004 -4.4662876
1925000 297.33828 -11101.89 1201.9055 -7241.0573 14.380997
1930000 304.008 -11128.569 1264.3335 -7145.6655 3.8693106
1935000 296.40823 -11114.165 1182.1125 -7281.4429 -2.8021554
1940000 293.48024 -11084.408 1208.7697 -7251.2118 12.321373
1945000 302.96897 -11054.839 1196.9014 -7148.6588 21.274224
1950000 300.11948 -11168.017 1261.7093 -7222.5102 -7.1517587
1955000 306.50566 -11095.088 1237.4497 -7116.7325 -2.3337387
1960000 307.12805 -11083.302 1225.8305 -7111.0008 -16.345223
1965000 300.94707 -11148.132 1200.6886 -7256.2447 8.2836129
1970000 298.60802 -11082.178 1204.8877 -7207.0092 -16.534446
1975000 305.54831 -10994.776 1221.6691 -7040.7624 -12.46761
1980000 296.30257 -11074.283 1221.321 -7203.297 8.9891087
1985000 307.62406 -11068.909 1221.9713 -7096.0308 -15.768734
1990000 308.10603 -11106.952 1231.9256 -7119.8098 -5.6822028
1995000 292.15492 -10999.539 1226.8076 -7160.156 6.4663521
2000000 301.67602 -11087.734 1244.8616 -7145.156 35.679596
2005000 297.13467 -11085.054 1308.0145 -7119.9336 14.674635
2010000 300.47665 -11074.654 1234.3395 -7153.3228 -26.036405
2015000 303.88959 -10961.708 1228.3461 -7015.8501 -21.855246
2020000 298.03023 -11043.9 1214.0439 -7164.7417 20.248322
2025000 305.79498 -11030.16 1178.0077 -7117.6025 -16.908624
2030000 309.61976 -11062.233 1222.108 -7071.3718 -17.663742
2035000 300.26676 -11101.132 1245.3138 -7170.7037 -5.1463823
2040000 292.0237 -11024.248 1226.5258 -7186.3211 -2.7512022
2045000 297.38484 -11050.218 1243.5599 -7147.3149 -21.497232
2050000 291.25845 -11126.141 1233.584 -7287.9991 -17.270561
2055000 305.51115 -11074.228 1319.2889 -7022.9269 -34.678807
2060000 304.45914 -10992.468 1225.6568 -7044.2063 -0.24419883
2065000 297.66762 -10944.83 1237.584 -7045.3741 0.046992527
2070000 308.54644 -10999.375 1217.5847 -7022.6349 10.73834
2075000 296.54384 -11081.819 1235.097 -7194.8995 -4.0299952
2080000 297.95351 -11071.917 1233.6965 -7173.7923 22.668123
2085000 294.90772 -11048.673 1226.5009 -7184.9799 2.2002478
2090000 306.03922 -11042.14 1237.4314 -7067.9743 5.2489509
2095000 305.62045 -11052.46 1191.2496 -7128.2209 10.763355
2100000 294.82502 -11079.057 1246.7797 -7195.8248 -23.943658
2105000 303.11555 -11110.699 1190.1816 -7209.9275 -3.9644907
2110000 306.46713 -11080.991 1223.1338 -7117.2962 -2.1229352
2115000 298.1496 -11032.959 1178.5457 -7188.2311 14.802312
2120000 295.35227 -11086.867 1230.7354 -7214.9645 13.295975
2125000 301.91781 -10971.909 1287.3136 -6984.7163 -1.2824566
2130000 286.6652 -11085.941 1234.7654 -7287.6917 6.1674925
2135000 297.75892 -11059.295 1213.7181 -7182.888 7.6238849
2140000 294.63147 -11014.315 1178.828 -7200.7658 4.6928133
2145000 296.68226 -11036.621 1221.1425 -7162.4177 -20.523163
2150000 296.71489 -11072.959 1268.0558 -7151.5508 41.89262
2155000 292.70553 -10976.846 1201.8306 -7157.5169 -43.060556
2160000 304.99389 -10987.105 1210.2342 -7049.4839 16.396197
2165000 299.57302 -11094.198 1244.5363 -7170.7505 -11.658389
2170000 297.04329 -11117.438 1227.2061 -7233.9428 -3.3251942
2175000 301.41948 -11068.21 1260.8068 -7111.9805 1.1998213
2180000 305.57389 -11059.754 1217.0481 -7110.133 0.41874745
2185000 299.28414 -11069.462 1216.0459 -7177.0882 -20.675998
2190000 301.5093 -11051.813 1214.8714 -7140.7155 -4.9452742
2195000 307.73316 -11065.412 1247.7616 -7065.7677 -14.380351
2200000 301.84794 -11048.427 1217.2673 -7131.9055 -6.8553903
2205000 295.15208 -11101.576 1188.2379 -7273.9612 22.192201
2210000 298.15932 -11165.084 1197.8525 -7300.9628 -0.8180659
2215000 303.99776 -11044.462 1225.9476 -7100.0352 9.8936444
2220000 300.46848 -11025.684 1223.1947 -7115.5714 0.31194332
2225000 308.11354 -11129.744 1243.4762 -7130.9845 23.218888
2230000 301.21362 -11146.049 1236.7928 -7215.6747 -8.6310796
2235000 300.56228 -11185.903 1263.3932 -7234.7531 -10.119845
2240000 299.66298 -11138.637 1188.8128 -7270.1086 33.901057
2245000 305.01128 -11107.152 1263.796 -7115.8135 -11.183755
2250000 305.85266 -11058.993 1176.7747 -7147.1517 -19.702416
2255000 305.81632 -11097.117 1205.1522 -7157.2235 -16.772912
2260000 297.29202 -11025.685 1255.8134 -7111.3588 7.8230754
2265000 299.98172 -10986.943 1227.303 -7077.0741 32.093564
2270000 299.75034 -11079.093 1239.9128 -7158.6834 -17.440751
2275000 299.91387 -11066.899 1225.0821 -7159.8578 10.876809
2280000 304.4476 -11069.922 1286.9792 -7060.4416 -8.5205861
2285000 297.56869 -11195.205 1212.8681 -7321.3499 -25.830195
2290000 296.15454 -11021.841 1277.278 -7096.2217 -26.406004
2295000 302.32798 -10991.089 1212.1045 -7075.4377 7.5024315
2300000 305.53507 -11001.98 1232.401 -7037.3535 15.156391
2305000 289.86738 -11148.774 1259.1959 -7297.4598 -8.8799727
2310000 301.60046 -11092.07 1272.6167 -7122.4118 8.3743362
2315000 301.65544 -11120.161 1246.5936 -7176.0347 -23.528691
2320000 301.99053 -11058.82 1294.2973 -7063.993 1.2365054
2325000 302.39282 -11102.33 1170.3316 -7227.8717 2.6743715
2330000 300.75612 -11086.992 1231.8775 -7165.6242 -3.4196911
2335000 301.29827 -11132.143 1256.5979 -7181.2068 14.958104
2340000 299.24969 -11136.158 1294.3019 -7165.8364 29.525696
2345000 298.61151 -11030.473 1224.4683 -7135.6925 23.768206
2350000 304.259 -11055.41 1233.7787 -7100.8168 -5.4136778
2355000 300.84804 -11079.19 1181.1194 -7207.7581 35.064575
2360000 303.65182 -10981.031 1204.4356 -7061.2102 -3.2982054
2365000 301.18996 -11086.075 1257.9331 -7134.7713 -7.2309004
2370000 307.63203 -11133.302 1218.1735 -7164.1503 -21.705954
2375000 299.18677 -11061.073 1212.0629 -7173.5533 16.539109
2380000 303.77396 -11151.28 1236.0404 -7198.7623 21.618853
2385000 300.81115 -11230.25 1271.7479 -7268.5193 25.664525
2390000 297.21403 -11043.118 1169.7256 -7215.5763 -16.812536
2395000 297.32528 -11012.794 1185.7932 -7168.1901 -2.7329272
2400000 298.89182 -11107.171 1247.1126 -7187.239 -12.818104
2405000 299.5658 -11139.198 1217.8435 -7242.5081 12.252417
2410000 305.13251 -11219.008 1249.2072 -7241.1745 -18.089553
2415000 304.40768 -11101.821 1205.2063 -7174.4699 4.6981862
2420000 304.87527 -11143.629 1227.0446 -7190.2584 15.130063
2425000 301.56533 -11099.707 1211.416 -7191.5639 7.1909997
2430000 304.83613 -11170.42 1248.5541 -7195.8902 6.6225201
2435000 297.40842 -11036.252 1224.1944 -7152.5031 12.062526
2440000 299.13652 -11128.553 1203.3128 -7250.2329 -4.0178821
2445000 298.35972 -11075.379 1212.4812 -7194.8369 -11.080684
2450000 303.18807 -11082.395 1248.7154 -7122.4416 -8.9451484
2455000 304.36664 -11060.879 1257.3634 -7081.7386 -0.67958861
2460000 301.54928 -11087.635 1239.7937 -7151.2579 -13.925889
2465000 302.32791 -11125.078 1206.613 -7214.9186 -16.597785
2470000 307.97584 -11012.876 1245.162 -7013.662 9.5693275
2475000 302.75197 -11125.738 1193.9658 -7224.4339 -37.4498
2480000 303.96765 -11099.703 1220.8381 -7160.6553 -10.835585
2485000 298.96585 -11085.17 1282.7663 -7128.9221 -3.0484269
2490000 297.15685 -11135.283 1211.31 -7266.6682 22.463719
2495000 301.23168 -11156.465 1231.3511 -7231.3709 -40.481027
2500000 306.92646 -11083.253 1217.9619 -7120.6224 -2.7662784
2505000 303.50323 -11045.474 1191.6754 -7139.7418 7.8091894
2510000 298.10342 -10949.284 1238.4474 -7045.0673 -16.364857
2515000 297.62871 -11143.348 1236.1853 -7245.6386 -2.6310936
2520000 297.0698 -11050.895 1236.5201 -7157.8489 -18.247016
2525000 295.5877 -11065.392 1267.0314 -7155.0886 25.141697
2530000 295.39999 -11219.322 1259.4625 -7318.2659 -8.649781
2535000 299.11565 -11131.207 1189.8994 -7266.4866 -16.362769
2540000 299.26705 -11132.394 1201.1539 -7255.0657 9.255535
2545000 299.14409 -11014.054 1234.1841 -7104.795 -10.267796
2550000 299.1783 -11105.29 1205.2857 -7224.6232 -18.893227
2555000 306.19407 -11039.804 1199.0544 -7102.6301 10.69945
2560000 288.65372 -11079.166 1246.0438 -7251.8568 11.901912
2565000 303.28614 -11195.139 1233.5692 -7249.4549 6.4458348
2570000 296.5922 -11041.161 1262.1882 -7126.7175 4.5076481
2575000 297.53301 -11107.312 1221.0342 -7225.6096 -7.1037469
2580000 294.87596 -11005.07 1280.6379 -7087.5249 18.987561
2585000 291.65554 -11076.645 1197.1269 -7271.4085 -13.830409
2590000 299.79327 -10999.225 1236.334 -7082.0103 -25.045855
2595000 300.89008 -11142.21 1210.8235 -7240.6983 12.37673
2600000 301.67788 -11033.191 1217.8861 -7117.5719 21.583133
2605000 303.28975 -11126.055 1259.8941 -7154.0134 9.6252309
2610000 297.27973 -11127.644 1261.2365 -7208.004 0.64774425
2615000 298.87284 -11000.056 1179.8304 -7147.5766 -29.503496
2620000 302.39533 -11068.965 1169.6018 -7195.2144 -0.83004231
2625000 299.2327 -11016.956 1228.7181 -7112.3701 -10.125727
2630000 295.63424 -11077.763 1243.5747 -7190.4997 -12.506562
2635000 295.64771 -11136.832 1265.3134 -7227.71 3.5203088
2640000 305.51993 -11099.576 1254.3417 -7113.1435 23.615152
2645000 302.78208 -10975.946 1253.5893 -7014.749 -1.0279754
2650000 301.69964 -11177.23 1192.5188 -7286.7832 -14.191514
2655000 299.29315 -11109.754 1197.5676 -7235.7782 -6.0052737
2660000 304.38094 -11136.888 1258.0781 -7156.9048 -0.96465716
2665000 302.75869 -11011.486 1214.1461 -7089.9417 17.52144
2670000 299.18835 -11062.818 1264.8716 -7122.4751 -40.905975
2675000 293.1291 -11138.415 1259.0289 -7258.0992 14.43353
2680000 304.57406 -11157.556 1206.1547 -7227.769 22.64789
2685000 306.5957 -11106.716 1177.9415 -7187.0635 12.484251
2690000 306.91978 -11123.637 1269.7459 -7109.2821 -8.6583556
2695000 306.27231 -11024.692 1221.1857 -7064.6881 -19.926568
2700000 299.7005 -11095.939 1279.0496 -7136.8382 20.805716
2705000 296.04862 -11115.666 1233.8205 -7234.4516 -11.516582
2710000 304.87808 -11052.227 1190.0612 -7135.8149 -20.461528
2715000 302.57897 -11104.401 1181.9729 -7216.6366 0.84718343
2720000 305.95247 -11101.882 1219.0084 -7146.9152 -17.85454
2725000 298.85896 -10981.895 1183.6274 -7125.7427 -14.787481
2730000 303.00835 -11076.046 1232.4221 -7133.9933 -8.8994645
2735000 310.20539 -11065.286 1237.8346 -7053.4613 18.375089
2740000 302.72229 -11140.396 1262.2106 -7171.1125 -10.247041
2745000 294.53344 -11119.414 1227.3288 -7258.2404 -0.23216568
2750000 302.67739 -11057.951 1233.1001 -7118.1792 -8.6222486
2755000 305.71913 -11091.16 1204.9557 -7152.3322 16.157602
2760000 296.4465 -11062.015 1198.3551 -7212.7076 3.7310197
2765000 304.24794 -11104.241 1266.1038 -7117.421 -21.134748
2770000 300.96723 -11012.767 1205.019 -7116.3698 11.470889
2775000 301.41494 -11091.132 1259.0148 -7136.7355 36.412553
2780000 293.95166 -11039.73 1260.7431 -7150.3443 -24.604641
2785000 297.8666 -10972.225 1201.8064 -7106.767 26.682105
2790000 308.74184 -11095.128 1248.7698 -7085.4561 18.011295
2795000 298.29554 -11111.603 1233.5088 -7210.6075 -17.297705
2800000 295.91017 -11017.44 1219.9364 -7151.3472 -7.9528828
2805000 287.6688 -11052.916 1252.8107 -7227.6471 -17.771784
2810000 302.20309 -11054.529 1233.5168 -7118.5819 -0.75627906
2815000 300.5213 -10986.785 1242.0768 -7057.3171 7.6069066
2820000 298.73676 -11217.351 1272.1459 -7273.7726 -10.546465
2825000 303.64638 -11039.773 1242.9029 -7081.5335 27.731973
2830000 301.12366 -11149.959 1200.8656 -7256.3159 -18.810471
2835000 304.53733 -11177.923 1209.4697 -7245.1493 6.6054724
2840000 295.15023 -11085.154 1221.8611 -7223.9328 1.2172153
2845000 295.64342 -11114.201 1214.6574 -7255.7731 -22.425859
2850000 298.50241 -11132.502 1213.7353 -7249.4293 49.945154
2855000 298.11246 -11115.987 1247.8941 -7202.2425 4.7876492
2860000 296.95439 -11088.19 1221.7011 -7210.9953 1.4515671
2865000 296.61465 -11063.436 1246.4486 -7164.5314 -3.4603178
2870000 297.59055 -11037.626 1221.9239 -7154.5197 -8.1082327
2875000 304.092 -10964.325 1199.5253 -7045.4783 1.8704765
2880000 297.84787 -11060.795 1198.6137 -7198.6977 -1.5854723
2885000 299.52939 -11078.971 1236.5653 -7163.8853 26.70829
2890000 302.48251 -11112.137 1225.3462 -7181.8621 -12.878758
2895000 301.67592 -11096.83 1195.0158 -7204.0981 -22.110718
2900000 314.78763 -11054.357 1259.2433 -6980.1469 -13.814996
2905000 299.3296 -11110.056 1232.2826 -7201.0396 2.2311402
2910000 303.54627 -11168.68 1171.2114 -7283.0277 17.795918
2915000 302.31245 -11092.181 1252.7621 -7136.0106 -17.946698
2920000 293.76215 -11058.911 1254.0081 -7177.9555 -2.7544869
2925000 304.34096 -11093.856 1201.8574 -7170.4511 -8.1471289
2930000 295.57208 -11079.068 1209.806 -7226.1293 12.537156
2935000 295.65389 -11079.002 1222.9151 -7212.2227 -6.5411719
2940000 295.42444 -11152.786 1203.2714 -7307.7023 -5.2036519
2945000 294.1547 -11099.82 1213.0726 -7256.2896 -4.4536275
2950000 290.02984 -11016.533 1246.2639 -7176.6978 -18.040479
2955000 297.77373 -11043.401 1199.0294 -7181.5503 -4.3503808
2960000 296.23733 -11048.002 1212.9297 -7185.9909 6.8543398
2965000 298.67429 -11167.196 1231.2217 -7265.1005 -5.0354543
2970000 303.38188 -11036.694 1226.218 -7097.5043 -32.996877
2975000 304.62584 -11145.366 1187.1063 -7234.1644 4.2471189
2980000 305.85375 -11137.331 1171.9209 -7230.3346 -2.0896376
2985000 298.63475 -11081.386 1254.8942 -7155.9715 14.482795
2990000 301.62696 -11088.771 1214.9824 -7176.5108 -36.410607
2995000 300.6085 -11080.181 1210.7668 -7181.2439 38.981506
3000000 307.28673 -11067.319 1243.8563 -7075.5724 -19.73622
3005000 295.6784 -11138.412 1249.4898 -7244.8383 -17.915148
3010000 297.02509 -11061.485 1202.0815 -7203.2772 11.878724
3015000 300.8535 -11072.479 1285.1938 -7096.9239 -3.1211854
3020000 295.28193 -11099.708 1264.4395 -7194.7309 15.277853
3025000 295.0998 -11107.362 1271.32 -7197.133 -4.9949323
3030000 294.855 -11073.113 1216.8585 -7219.534 -9.8048883
3035000 300.84125 -11081.163 1172.0182 -7218.8926 22.176593
3040000 299.25921 -11051.774 1187.2394 -7188.4299 -4.5063664
3045000 302.87645 -11070.188 1254.0715 -7107.665 -11.196233
3050000 300.44241 -11002.286 1211.0627 -7104.538 23.455662
3055000 303.42403 -11097.814 1207.5137 -7176.9519 -8.2854555
3060000 305.17643 -11090.351 1215.9659 -7145.3664 6.0657876
3065000 298.28663 -11159.459 1198.7617 -7293.2904 -12.068574
3070000 301.02875 -11119.857 1243.9402 -7183.9879 -8.9569984
3075000 302.75088 -11114.138 1249.3646 -7157.4444 -35.737706
3080000 297.55503 -11084.845 1213.2663 -7210.7136 -19.243332
3085000 295.4482 -11104.657 1239.05 -7223.5821 -12.126783
3090000 297.00759 -11014.237 1238.0697 -7120.198 9.7421215
3095000 297.05135 -11035.726 1225.0299 -7154.3348 -26.888793
3100000 300.61709 -11070.873 1153.8994 -7228.7262 -3.9545922
3105000 296.96038 -11066.994 1201.0963 -7210.3498 -19.391099
3110000 304.00774 -11076.234 1221.769 -7135.8974 0.28646763
3115000 296.41451 -11127.027 1183.4074 -7292.9531 12.273477
3120000 296.02043 -11109.114 1206.0395 -7255.9326 20.289988
3125000 304.16378 -11056.558 1237.6964 -7098.898 5.9383339
3130000 302.30724 -11086.597 1244.731 -7138.5049 5.1018071
3135000 298.8955 -11139.099 1260.048 -7206.199 -18.395502
3140000 307.26944 -11048.566 1221.1337 -7079.6963 9.886801
3145000 307.46611 -11115.817 1194.5112 -7171.8118 11.982012
3150000 308.58237 -11123.49 1226.7484 -7137.265 -13.404521
3155000 291.7484 -11096.919 1200.8172 -7287.1625 18.059571
3160000 310.83779 -11007.248 1179.2279 -7048.3752 1.4573446
3165000 305.9113 -11175.408 1238.4225 -7201.3954 7.8256867
3170000 302.5423 -11078.975 1265.3907 -7108.1208 4.8970024
3175000 297.79658 -11140.185 1212.2075 -7264.9524 3.4821079
3180000 300.17706 -11079.783 1224.2964 -7171.1746 5.0798648
3185000 301.41128 -11134.442 1254.3697 -7184.7226 -1.1701852
3190000 301.4858 -11127.835 1203.416 -7228.4028 2.3828429
3195000 290.25292 -11190.748 1223.7828 -7371.3991 -5.2148051
3200000 295.62913 -11190.636 1220.8767 -7326.1169 -2.9067457
3205000 307.51751 -11095.614 1217.0482 -7128.6118 21.789793
3210000 304.99739 -10939.735 1235.6722 -6976.6452 15.789086
3215000 301.51022 -11050.528 1201.1403 -7153.1531 -22.820312
3220000 301.40678 -11092.289 1244.6117 -7152.3684 1.9225073
3225000 296.80774 -11060.058 1228.7627 -7177.1128 17.136696
3230000 312.34051 -11133.518 1204.1888 -7136.2457 5.4022235
3235000 302.18608 -11069.687 1253.7667 -7113.6422 -17.456677
3240000 310.88784 -11097.669 1239.7758 -7077.7999 -45.430754
3245000 304.4673 -11042.937 1214.804 -7105.4555 -41.405365
3250000 298.84576 -11071.601 1274.2127 -7124.9804 -12.603122
3255000 303.9102 -11122.063 1220.5147 -7183.8522 -19.840459
3260000 297.17702 -11034.678 1226.0177 -7151.1757 3.5365197
3265000 308.44044 -11077.495 1249.0502 -7070.2381 -13.236994
3270000 300.72914 -11068.379 1261.3808 -7117.7487 13.021613
3275000 291.43686 -11096.548 1208.8873 -7281.5067 2.5700512
3280000 295.92692 -11070.413 1280.0975 -7144.0092 6.1597731
3285000 302.15935 -11035.087 1275.2286 -7057.8199 -9.1992321
3290000 292.07269 -11132.678 1217.9434 -7302.8952 -1.3542342
3295000 294.61948 -11117.897 1229.5618 -7253.721 -32.431297
3300000 310.90634 -11123.68 1211.9668 -7131.4552 -20.106662
3305000 302.14605 -11094.069 1226.8993 -7165.25 -19.146229
3310000 298.67834 -11067.634 1242.4156 -7154.3085 -3.6673473
3315000 297.24637 -11206.942 1231.5099 -7317.3272 -12.495881
3320000 302.54542 -11112.826 1211.8597 -7195.4746 5.5579614
3325000 296.43972 -11165.235 1178.9547 -7335.3889 10.032631
3330000 302.40016 -11117.742 1228.1153 -7185.4339 -19.833556
3335000 299.75302 -11083.033 1151.7349 -7250.7782 -12.489775
3340000 294.73462 -11071.807 1209.2106 -7226.9523 1.3204609
3345000 298.6701 -11076.745 1206.907 -7199.0015 12.61056
3350000 303.7658 -11171.739 1259.8683 -7195.4661 19.214808
3355000 296.54319 -11018.035 1200.2823 -7165.9354 19.610494
3360000 302.43934 -11176.586 1235.3636 -7236.6801 4.5507755
3365000 304.09146 -11072.734 1231.0297 -7122.3882 -20.611812
3370000 297.08886 -11106.762 1239.1155 -7210.9506 -25.310181
3375000 299.66483 -11038.874 1209.8807 -7149.2611 11.434604
3380000 298.21428 -11145.408 1190.8884 -7287.7595 -0.65589497
3385000 304.90127 -11106.992 1230.1892 -7150.2446 22.375495
3390000 297.28044 -11055.375 1172.26 -7224.7057 -3.762193
3395000 299.84062 -11016.277 1209.9464 -7125.0272 -11.493723
3400000 292.65978 -10991.511 1218.6086 -7155.8122 -19.93419
3405000 298.99606 -10959.396 1201.5994 -7084.0448 27.140796
3410000 297.16245 -11123.452 1255.9801 -7210.1177 -9.5448996
3415000 297.16544 -10986.918 1229.5504 -7099.9864 13.2737
3420000 304.78487 -11104.639 1243.2978 -7135.824 -3.0340614
3425000 293.7515 -11050.851 1212.616 -7211.3831 8.9994715
3430000 301.8573 -11055.858 1196.275 -7160.2452 -28.685525
3435000 299.37613 -11010.576 1283.694 -7049.7321 -2.3625196
3440000 300.38943 -11050.072 1196.3169 -7167.5438 -0.65208978
3445000 291.67837 -11057.626 1206.684 -7242.6288 -24.722826
3450000 295.46426 -11088.759 1209.137 -7237.4536 -22.382091
3455000 299.02423 -11069.751 1202.5663 -7193.1813 -3.6415154
3460000 308.71884 -10981.18 1224.6418 -6995.842 -18.479955
3465000 297.84806 -11043.199 1234.4623 -7145.2517 6.421335
3470000 308.51509 -11045.756 1240.4663 -7046.4154 -8.1775075
3475000 302.89068 -11053.298 1212.2739 -7132.4449 1.9944828
3480000 298.32214 -11076.556 1214.8088 -7194.0219 -10.16202
3485000 297.25112 -11066.644 1200.2837 -7208.2125 18.383029
3490000 294.15871 -11042.06 1242.9496 -7168.6163 -33.614519
3495000 299.49822 -11024.896 1235.1305 -7111.5239 -9.3035499
3500000 303.13319 -11063.378 1226.2116 -7126.4195 2.1551416
3505000 297.71669 -11077.312 1204.1105 -7210.8906 -5.6019128
3510000 300.13821 -11025.976 1198.4398 -7143.5712 28.638469
3515000 299.1962 -11031.122 1252.6725 -7102.9087 -9.747153
3520000 293.24765 -11099.418 1243.0192 -7234.052 7.8996795
3525000 298.97614 -11129.77 1198.4564 -7257.7405 -20.791954
3530000 299.99604 -11063.042 1204.2926 -7176.056 -30.003332
3535000 295.74378 -10986.887 1217.1399 -7125.0786 11.307885
3540000 298.1332 -11109.55 1203.192 -7240.3226 -2.8370325
3545000 296.55174 -11161.955 1188.2785 -7321.7835 -11.088293
3550000 302.62624 -11150.139 1232.1584 -7211.7664 -8.9135555
3555000 304.29092 -11032.26 1224.4297 -7086.7303 5.6158946
3560000 297.54545 -11048.802 1257.5252 -7130.4974 -5.880293
3565000 299.4672 -11050.464 1222.9843 -7149.5151 14.928525
3570000 301.47949 -11116.671 1226.0676 -7194.6439 42.006865
3575000 303.41025 -11138.929 1258.5357 -7167.1684 -4.0306634
3580000 292.86574 -11051.684 1250.0701 -7182.6821 17.812496
3585000 296.49892 -11081.455 1249.7176 -7180.3169 -7.5586494
3590000 300.75559 -11162.814 1253.3106 -7220.0173 17.460635
3595000 306.52744 -11029.474 1284.5419 -7003.8319 37.837286
3600000 302.33026 -11069.021 1183.6525 -7181.8013 -26.557612
3605000 306.29734 -11157.075 1234.7584 -7183.2741 21.487967
3610000 305.63115 -11142.819 1250.8458 -7158.8879 20.003995
3615000 294.33206 -11083.324 1267.4584 -7183.8213 -0.55627896
3620000 302.94667 -11121.096 1191.0995 -7220.9169 -6.3918775
3625000 301.38327 -11064.479 1210.4739 -7158.9065 0.24099449
3630000 300.98606 -11145.083 1207.4324 -7246.1033 -11.725516
3635000 305.85224 -11128.743 1249.0981 -7144.5831 0.51992483
3640000 301.49673 -11016.762 1237.7101 -7082.9384 -3.3637547
3645000 301.82106 -11133.972 1278.5645 -7156.3935 2.2597425
3650000 302.03212 -11111.152 1194.9205 -7215.3309 1.4246521
3655000 298.60759 -11113.981 1205.2069 -7238.4966 19.642324
3660000 303.76236 -11113.045 1240.681 -7155.9905 -7.369715
3665000 299.32711 -11059.524 1259.306 -7123.5064 7.7705764
3670000 301.59141 -11103.688 1241.4682 -7165.2601 -11.733904
3675000 299.04456 -11037.894 1268.6465 -7095.0626 22.597793
3680000 295.68479 -11106.135 1224.7199 -7237.2742 -14.472653
3685000 301.59835 -11066.364 1272.5979 -7096.7441 -3.0217353
3690000 302.60471 -11067.402 1207.4222 -7153.9588 -4.6588584
3695000 300.83963 -11072.081 1216.736 -7165.1075 -16.151763
3700000 298.2849 -11058.451 1268.9378 -7122.1215 -20.163691
3705000 306.32108 -11172.273 1235.9029 -7197.1151 5.9334878
3710000 300.76389 -11180.635 1207.7109 -7283.3639 -6.6984749
3715000 297.95592 -11028.756 1185.5381 -7178.7684 16.748692
3720000 297.55961 -11047.721 1213.5087 -7173.3066 -20.41502
3725000 294.8776 -11087.671 1175.7578 -7274.9907 28.46677
3730000 307.87821 -11094.817 1212.944 -7128.6933 9.3926424
3735000 296.88905 -11141.368 1221.3462 -7265.1122 15.765173
3740000 296.55113 -11134.226 1250.0387 -7232.2995 -16.590616
3745000 303.70894 -11096.452 1262.6138 -7117.942 -4.0530276
3750000 292.09995 -11090.78 1206.0201 -7272.6763 -5.1314216
3755000 308.45895 -11094.3 1209.9359 -7125.9915 -11.386981
3760000 297.41293 -11088.397 1218.4476 -7210.3552 -11.895941
3765000 308.5804 -11064.34 1226.6263 -7078.2549 18.417808
3770000 305.14298 -11070.251 1224.5598 -7116.9716 -11.946473
3775000 294.71825 -11039.933 1202.7025 -7201.733 -3.6582106
3780000 300.53379 -11077.065 1191.4005 -7198.1619 18.072597
3785000 300.40736 -11058.966 1222.361 -7150.2335 -4.4041893
3790000 292.57643 -11048.33 1215.7481 -7216.2375 0.92286325
3795000 297.2337 -11052.848 1212.6922 -7182.1639 14.989982
3800000 305.43488 -11063.476 1286.0318 -7046.1139 9.893348
3805000 304.65353 -11019.367 1224.9193 -7070.1046 -5.6351449
3810000 301.22232 -10998.743 1218.5499 -7086.5334 20.320038
3815000 292.82542 -10998.994 1171.8581 -7208.5646 11.924539
3820000 305.16646 -11119.824 1178.4693 -7212.4252 0.15687002
3825000 291.98289 -11038.424 1286.5845 -7140.8031 0.2022785
3830000 303.48259 -11086.541 1185.7027 -7186.9668 13.928316
3835000 298.26857 -11086.698 1230.7824 -7188.6698 -8.6882863
3840000 296.04287 -11020.943 1232.4193 -7141.1813 -1.2552939
3845000 302.7518 -11135.712 1204.5542 -7223.8214 22.60436
3850000 298.08042 -11063.972 1247.8267 -7150.5814 4.5604797
3855000 305.91296 -11125.528 1235.7792 -7154.1436 6.3173407
3860000 301.83898 -11106.762 1213.2151 -7194.373 -29.638278
3865000 297.46076 -11063.1 1233.2862 -7169.7918 4.564657
3870000 302.88424 -11000.282 1196.8112 -7094.9492 14.198635
3875000 298.67987 -11000.461 1241.7469 -7087.7902 10.412833
3880000 310.33792 -11098.445 1242.3379 -7080.9322 21.853343
3885000 295.04068 -11168.985 1237.5024 -7293.102 4.3382808
3890000 302.45356 -11047.124 1239.0801 -7103.3745 -22.545289
3895000 291.62538 -11109.337 1237.4726 -7264.0248 -24.674574
3900000 298.58531 -11126.827 1198.8789 -7257.8701 9.4116082
3905000 294.18751 -11096.093 1216.7205 -7248.6215 -19.257068
3910000 294.599 -11106.996 1264.3605 -7208.2043 22.094415
3915000 303.63092 -11001.153 1205.1785 -7080.7764 -5.3651691
3920000 303.43602 -11160.423 1241.6844 -7205.2834 -7.1651621
3925000 300.24979 -11133.633 1202.5243 -7246.1462 3.7826214
3930000 302.57505 -11124.145 1221.3836 -7197.0054 -36.757215
3935000 293.4873 -11164.034 1227.3282 -7312.216 0.41905161
3940000 300.03092 -11113.179 1179.9225 -7250.2505 -14.486054
3945000 309.6482 -11112.451 1235.3253 -7108.1187 -16.967007
3950000 303.07566 -11095.527 1215.5729 -7169.721 4.4679135
3955000 299.17783 -11209.64 1212.4923 -7321.7708 0.86214965
3960000 302.40346 -11062.626 1215.8484 -7142.5553 1.6265543
3965000 293.50563 -11061.651 1203.6708 -7233.3261 -20.598771
3970000 300.95641 -11112.143 1222.2684 -7198.5927 -17.420158
3975000 304.2552 -11164.099 1202.0568 -7241.2613 -1.5397139
3980000 303.70497 -11115.201 1232.11 -7167.2309 -4.5957707
3985000 299.53493 -11101.571 1204.3596 -7218.6412 -35.88502
3990000 297.74926 -11113.239 1238.4926 -7212.1449 4.4863601
3995000 308.52136 -11108.351 1247.5821 -7101.8387 -2.8581416
4000000 296.9134 -11165.03 1266.6042 -7243.2988 -3.2926244
4005000 304.12071 -11117.378 1226.7107 -7171.0894 0.50277046
4010000 305.43901 -11140.104 1207.6671 -7201.0696 -9.351623
4015000 308.09884 -11097.513 1218.2576 -7124.1034 -24.989438
4020000 302.04172 -11103.866 1195.3739 -7207.5054 -5.4835215
4025000 304.95899 -11179.705 1217.0899 -7235.5404 -7.0829186
4030000 300.49825 -11075.127 1274.1084 -7113.8343 -7.779859
4035000 303.68963 -11059.444 1188.511 -7155.2102 20.447785
4040000 295.02403 -11074.693 1234.3865 -7202.0751 -18.528074
4045000 303.52992 -11140.182 1228.9455 -7196.9415 -1.3149484
4050000 294.67948 -11128.064 1199.2495 -7293.6634 -3.1366973
4055000 295.25752 -11166.927 1202.4785 -7324.1292 -2.2173373
4060000 301.40971 -11144.232 1149.2716 -7299.6248 -10.255638
4065000 307.93639 -11155.197 1252.5708 -7148.9269 -8.8746788
4070000 296.26804 -11025.933 1196.7888 -7179.7881 5.4801228
4075000 302.96111 -11086.189 1216.8714 -7160.1093 2.6669479
4080000 293.60646 -11068.145 1242.7231 -7199.8663 -27.489177
4085000 297.77042 -11106.083 1256.3166 -7186.9757 4.6512187
4090000 300.5244 -11007.542 1165.8342 -7154.2892 -4.4135383
4095000 303.61207 -11045.344 1210.4034 -7119.911 -3.3031522
4100000 299.36479 -11127.822 1251.6118 -7199.1615 3.0695425
4105000 300.87807 -11088.471 1215.4644 -7182.4252 -38.256119
4110000 299.68871 -10961.27 1175.8682 -7105.4564 -37.857381
4115000 299.65429 -11097.314 1251.1175 -7166.5584 4.2829521
4120000 294.60336 -11077.753 1216.3928 -7226.8904 11.966039
4125000 303.8545 -11160.066 1232.6571 -7210.2117 -32.285954
4130000 301.05668 -11096.497 1257.1113 -7147.2068 -15.936645
4135000 298.6918 -11009.345 1247.1256 -7091.1889 23.499339
4140000 299.79783 -11026.4 1220.2986 -7125.1798 -36.081107
4145000 293.94869 -10996.542 1201.5362 -7166.3903 -1.1357285
4150000 299.31661 -11068.919 1219.7466 -7172.5544 -48.744166
4155000 300.98134 -11045.05 1227.8159 -7125.729 -0.46898173
4160000 303.66237 -11163.944 1248.0054 -7200.4589 15.949388
4165000 299.90645 -10992.083 1161.8399 -7148.3507 27.323196
4170000 293.44072 -11113.363 1264.3479 -7224.9419 -3.3350928
4175000 294.70927 -11162.868 1216.6316 -7310.8196 5.5792098
4180000 306.08369 -11116.682 1192.0195 -7187.5309 17.85534
4185000 304.32334 -11073.869 1209.0234 -7143.4556 9.2770929
4190000 307.39678 -11076.432 1244.8521 -7082.7059 -14.370176
4195000 301.06324 -11092.627 1177.0339 -7223.3558 -11.584755
4200000 296.43469 -11122.644 1217.8489 -7253.9486 -22.379239
4205000 297.16257 -11175.046 1245.5107 -7272.1799 -20.3639
4210000 298.82926 -11124.443 1228.2015 -7223.9822 -1.9775842
4215000 296.73934 -11076.853 1191.1135 -7232.1686 0.68645565
4220000 294.8013 -11117.93 1201.6031 -7280.0873 -4.232391
4225000 294.67113 -11099.74 1254.4805 -7210.1832 -5.886214
4230000 303.54653 -11126.767 1176.1523 -7236.1715 -18.430522
4235000 303.75732 -11038.87 1208.1856 -7114.356 -1.9774867
4240000 299.82244 -11044.151 1228.3039 -7134.7063 -10.002056
4245000 298.74165 -11053.92 1230.7895 -7151.6545 -18.600497
4250000 305.57174 -11129.823 1203.6167 -7193.6521 18.64373
4255000 305.03017 -11075.222 1191.8573 -7155.6537 7.2811273
4260000 295.75687 -11084.857 1228.6206 -7211.4509 -1.2028414
4265000 289.19262 -11094.858 1225.0552 -7283.7183 -0.74868785
4270000 292.12359 -11121.927 1254.7578 -7254.8744 34.503996
4275000 303.00631 -11112.087 1231.5389 -7170.9357 2.8193845
4280000 295.59674 -11148.73 1234.6423 -7270.735 -7.326566
4285000 299.82005 -11159.72 1233.1965 -7245.4034 2.3986688
4290000 298.83897 -11111.837 1263.4583 -7176.0324 6.7537042
4295000 305.62794 -11149.803 1221.3528 -7195.3932 6.5846276
4300000 306.46833 -11059.947 1218.8356 -7100.5393 -20.565659
4305000 296.22205 -10999.122 1224.1948 -7125.9819 4.4130861
4310000 292.36934 -11093.4 1191.4911 -7287.4164 -6.0174642
4315000 292.07134 -11090.426 1219.245 -7259.3539 9.2361846
4320000 303.78569 -11142.417 1180.575 -7245.2601 20.713992
4325000 295.50419 -11033.203 1256.2066 -7134.4709 -12.660717
4330000 298.48967 -11111.067 1220.2182 -7221.6259 6.952775
4335000 290.96922 -11119.693 1177.2797 -7340.441 11.547177
4340000 295.13537 -11075.153 1233.9557 -7201.9698 2.1269587
4345000 289.11411 -11136.57 1269.5556 -7281.6319 16.385869
4350000 300.00545 -11150.436 1221.9652 -7245.6928 -5.3328491
4355000 297.62079 -11064.893 1230.2209 -7173.2189 -8.5396967
4360000 298.28457 -11037.356 1174.574 -7195.3927 24.201424
4365000 295.64217 -11095.75 1255.6926 -7196.2984 17.19398
4370000 303.6985 -11099.149 1222.7363 -7160.6097 -10.793382
4375000 298.24265 -11105.661 1241.7941 -7196.8527 3.91228
4380000 297.22679 -11069.447 1263.3888 -7148.1286 10.167026
4385000 303.19828 -11030.298 1248.5006 -7070.4682 -5.9139552
4390000 294.38897 -11106.11 1223.7308 -7249.8262 14.689049
4395000 308.1188 -11154.864 1251.0106 -7148.5223 11.887379
4400000 297.81066 -11003.599 1263.9948 -7076.453 -2.8022404
4405000 302.52075 -11045.556 1203.1283 -7137.1566 12.86159
4410000 300.14347 -11068.631 1254.8857 -7129.733 -9.3996023
4415000 297.13165 -11129.045 1216.028 -7255.9384 -18.345876
4420000 296.25494 -11107.636 1209.0042 -7249.3929 2.7955579
4425000 297.53682 -11107.618 1241.5657 -7205.35 -7.4302169
4430000 299.9105 -11160.225 1193.4391 -7284.8572 -2.69459
4435000 300.86641 -11122.783 1191.8326 -7240.4737 -28.881329
4440000 299.13107 -11050.543 1263.6489 -7111.9357 27.248436
4445000 301.1513 -11151.113 1194.4198 -7263.6691 -5.5488666
4450000 295.83979 -11086.826 1226.2897 -7215.0101 -9.7568377
4455000 304.86844 -11096.938 1202.1845 -7168.4885 -0.79584141
4460000 305.37626 -11131.15 1212.1661 -7188.1779 20.356291
4465000 290.0102 -11192.298 1197.8205 -7401.0819 -6.8237663
4470000 296.87259 -11037.013 1237.638 -7144.6122 -17.033688
4475000 292.96815 -11061.393 1262.6141 -7178.9319 0.24063221
4480000 305.89741 -11109.391 1191.2781 -7182.6466 -17.429605
4485000 292.75032 -11051.756 1246.6023 -7187.2543 11.324066
4490000 303.11238 -11098.629 1224.5043 -7163.5638 -4.5196813
4495000 300.29096 -11085.804 1197.2666 -7203.2069 -25.622183
4500000 299.63082 -11070.055 1211.6825 -7178.9449 14.830881
4505000 299.75159 -11025.612 1260.3019 -7084.8026 -22.917386
4510000 305.43968 -11140.738 1211.2073 -7198.1581 -11.390772
4515000 301.5356 -11137.28 1244.5601 -7196.2584 7.8863757
4520000 297.09601 -11019.454 1187.6715 -7175.0219 -12.750734
4525000 303.97222 -11013.953 1258.7864 -7036.9167 -2.4121461
4530000 301.96487 -11068.133 1254.8077 -7113.0259 28.690083
4535000 307.87421 -11077.044 1209.2856 -7114.6145 -16.144729
4540000 309.59191 -11213.72 1267.4468 -7177.7694 0.43428147
4545000 298.00415 -11023.196 1257.7673 -7100.5473 14.046214
4550000 297.44361 -11144.606 1170.7451 -7313.992 -3.0207544
4555000 298.30647 -11069.314 1240.1476 -7161.5817 -38.208202
4560000 303.01232 -11169.118 1208.6428 -7250.8082 -13.355361
4565000 304.66618 -11051.12 1236.9769 -7089.6868 -4.6135027
4570000 292.37009 -11103.983 1218.9518 -7270.5322 2.2195025
4575000 299.63244 -10979.437 1249.2377 -7050.7571 7.2853163
4580000 295.46013 -11013.637 1221.2373 -7150.2677 -3.8519994
4585000 300.42154 -10985.406 1167.2542 -7131.653 -15.573479
4590000 299.4079 -11046.581 1227.9871 -7141.1597 -19.09087
4595000 305.49316 -11062.592 1221.3077 -7109.4332 -5.3132441
4600000 304.02894 -11115.825 1205.212 -7191.8552 -8.0589799
4605000 302.52838 -11147.938 1199.4748 -7243.124 -23.482506
4610000 295.42433 -11057.808 1252.7739 -7163.2225 3.5498387
4615000 298.16187 -11077.904 1259.4973 -7152.1151 -4.5661545
4620000 304.75197 -11203.49 1224.4898 -7253.7774 3.344961
4625000 297.94487 -11126.6 1255.9453 -7206.3035 3.2854425
4630000 297.60583 -11107.023 1261.1055 -7184.5978 3.3505034
4635000 297.85227 -11158.723 1252.0713 -7243.1289 -2.4028175
4640000 303.72891 -11047.848 1250.056 -7081.7175 -9.667126
4645000 296.52468 -11068.221 1221.9304 -7194.6397 -7.8367594
4650000 298.01145 -11196.038 1235.3995 -7295.6917 -30.575107
4655000 293.51741 -11182.198 1201.2302 -7356.2093 21.85858
4660000 302.88451 -11144.26 1205.7133 -7230.0227 45.465293
4665000 297.21168 -11183.588 1202.2754 -7323.5176 -11.517448
4670000 304.13672 -11079.485 1226.0082 -7133.7559 10.603764
4675000 295.7076 -11008.54 1233.7263 -7130.4687 12.935288
4680000 299.40876 -11031.145 1180.8274 -7172.8755 -0.24626773
4685000 301.74565 -11008.308 1169.8536 -7140.1151 -0.059360039
4690000 299.47152 -11054.617 1212.098 -7164.5161 6.4976367
4695000 299.82921 -11011.656 1226.6429 -7103.8113 12.799766
4700000 294.88725 -11078.388 1230.5368 -7210.8425 13.707784
4705000 288.35836 -11012.553 1190.9867 -7242.942 2.4417353
4710000 290.50768 -11036.15 1333.9076 -7104.3982 13.659624
4715000 301.80741 -11013.747 1257.3473 -7057.5076 18.512377
4720000 303.02935 -11140.884 1255.1594 -7175.906 0.34636974
4725000 284.65166 -11039.176 1189.4117 -7304.2865 1.2473525
4730000 299.26668 -11114.95 1240.5314 -7198.2473 -10.410204
4735000 303.46126 -11048.365 1177.5761 -7157.1082 -11.961049
4740000 300.34764 -11077.271 1223.6176 -7167.816 -1.4064986
4745000 294.61812 -11131.128 1243.1926 -7253.3335 -10.68225
4750000 305.99515 -11037.004 1225.0425 -7075.6216 1.0497253
4755000 292.5833 -11051.187 1215.1774 -7219.6042 19.865988
4760000 301.27533 -11085.919 1200.544 -7191.2412 -10.013909
4765000 303.56077 -11110.451 1280.8006 -7115.0794 -7.2840976
4770000 300.14301 -10935.728 1217.7766 -7033.9436 -12.704919
4775000 293.57278 -10947.677 1268.9121 -7053.5107 3.5830239
4780000 304.18368 -11138.31 1234.3392 -7183.8296 -5.2220039
4785000 299.8086 -10938.504 1253.0578 -7004.4292 12.678991
4790000 296.11013 -11021.529 1265.7973 -7107.7873 6.3396561
4795000 294.89658 -11039.844 1221.3109 -7181.4414 -18.234196
4800000 297.17292 -11072.636 1252.4452 -7162.743 7.78664
4805000 307.22953 -11166.713 1204.3123 -7215.022 45.548894
4810000 301.30287 -11113.544 1176.6689 -7242.4956 0.95231908
4815000 299.13765 -11166.407 1223.3786 -7268.011 8.4636465
4820000 306.46333 -11094.106 1235.1483 -7118.4305 -19.593544
4825000 302.99502 -11118.188 1232.7613 -7175.9153 -14.455482
4830000 301.19668 -11124.854 1258.5371 -7172.8865 0.53647489
4835000 298.87089 -11149.364 1230.5944 -7246.138 -17.718462
4840000 296.29901 -11163.49 1207.0168 -7306.8405 -4.0272789
4845000 300.87167 -11020.545 1187.9237 -7142.0978 -10.956625
4850000 306.26489 -11035.912 1217.1854 -7079.974 0.52393526
4855000 295.83873 -11075.898 1205.0204 -7225.3605 12.49338
4860000 305.83621 -11127.568 1218.1224 -7174.5262 -14.902638
4865000 299.47156 -11075.873 1221.2081 -7176.6616 -15.157087
4870000 301.82733 -11081.348 1204.1868 -7178.0917 5.9678031
4875000 296.52378 -11092.793 1198.1999 -7242.9504 11.248688
4880000 296.26379 -11111.113 1211.4796 -7250.3147 9.5927519
4885000 297.91546 -11047.856 1239.5153 -7144.2528 -18.898131
4890000 305.28971 -11076.758 1312.8765 -7033.8501 -3.0509305
4895000 298.44616 -11056.496 1199.5285 -7188.1331 8.5901165
4900000 299.47638 -11150.708 1216.8431 -7255.8181 7.1717627
4905000 299.47663 -11141.512 1249.2687 -7214.1943 -9.0323803
4910000 307.234 -11107.881 1189.489 -7170.973 -19.397276
4915000 301.44122 -11032.801 1230.2678 -7106.9165 9.7776295
4920000 299.82019 -10974.849 1224.0556 -7069.6721 23.159431
4925000 307.75783 -11099.716 1248.9715 -7098.6412 -0.31821317
4930000 298.92789 -11102.048 1237.2735 -7191.6323 3.2508659
4935000 304.22546 -11141.234 1204.5286 -7216.1909 8.0158002
4940000 297.17047 -11016.849 1181.8741 -7177.5485 -18.70229
4945000 310.0392 -11103.682 1191.7542 -7139.4242 -2.880567
4950000 302.23237 -11078.451 1236.7801 -7138.9794 10.180532
4955000 297.0847 -11070.922 1274.371 -7139.8921 19.796184
4960000 301.68439 -11125.994 1184.8769 -7243.3255 0.25659656
4965000 304.47079 -11056.316 1238.963 -7094.6444 -1.7746473
4970000 295.45114 -11031.889 1189.9471 -7199.8906 0.64142587
4975000 294.63533 -11109.615 1176.0269 -7298.8326 -4.8557237
4980000 299.10451 -11064.648 1235.6342 -7154.293 36.809624
4985000 299.10068 -11124.049 1202.0523 -7247.3098 4.6149499
4990000 290.80034 -11038.794 1260.7054 -7177.6263 -19.103063
4995000 297.41851 -11067.534 1241.892 -7165.9983 1.8983306
5000000 293.24353 -10985.631 1234.6183 -7128.7031 -6.9824206
5005000 301.61313 -11095.109 1279.5734 -7118.3813 -3.1229968
5010000 297.42498 -11109.967 1227.6389 -7222.626 6.0565122
