timestep Temp E_pair E_mol TotEng
10000 142.6487 -1017.2233 932.40025 1828.6161
15000 298.44745 -1114.6007 2006.6286 4895.2962
20000 307.31758 -1323.2422 1955.5268 4754.5337
25000 296.44977 -1445.9141 1927.386 4457.944
30000 300.51611 -1585.0331 1904.9363 4350.9198
35000 299.0037 -1730.9941 1948.5154 4228.2509
40000 295.98762 -1796.9875 1917.1121 4090.3975
45000 304.28343 -1882.8259 1895.5115 4094.2356
50000 297.36507 -1978.9678 1908.0896 3917.8714
55000 295.12692 -2005.1242 1878.1292 3831.7328
60000 297.45794 -2042.6973 1874.8873 3822.1853
65000 300.62346 -2098.8778 1887.15 3820.7286
70000 299.43668 -2100.4261 1891.7039 3807.8152
75000 304.29893 -2187.663 1907.4581 3801.553
80000 306.60594 -2251.6569 1893.1841 3754.2305
85000 300.83695 -2280.6361 1886.4041 3641.0881
90000 300.86784 -2298.0126 1918.8062 3656.5282
95000 304.27457 -2367.3179 1925.0864 3639.1996
100000 304.3772 -2359.2683 1859.7804 3583.3198
105000 300.11434 -2413.2004 1914.9355 3527.3623
110000 293.44781 -2423.5701 1875.8042 3388.4389
115000 300.81299 -2443.6732 1872.4146 3463.7401
120000 305.84324 -2480.1711 1874.4652 3496.7668
125000 302.1101 -2446.9868 1873.5615 3478.9724
130000 297.77971 -2515.3613 1906.4749 3385.4249
135000 300.97456 -2541.8962 1907.5162 3402.786
140000 300.24393 -2567.169 1951.888 3412.0845
145000 300.54744 -2584.7345 1900.3278 3347.03
150000 295.97795 -2582.4424 1901.792 3289.4928
155000 308.08281 -2652.1805 1965.3187 3445.6516
160000 305.54019 -2656.3859 1913.2618 3355.2836
165000 300.36222 -2659.5238 1874.108 3243.5364
170000 293.23386 -2635.8922 1863.8614 3161.3042
175000 296.90282 -2670.1567 1884.4847 3196.877
180000 307.28064 -2655.6398 1900.8987 3367.0124
185000 294.97087 -2679.9404 1872.3251 3149.0194
190000 296.92219 -2708.4554 1919.0208 3193.3743
195000 296.96935 -2723.4963 1920.4986 3180.4439
200000 296.38828 -2712.2581 1858.0247 3121.414
205000 300.45701 -2771.4944 1883.4751 3142.2044
210000 301.252 -2831.522 1887.9417 3097.3071
215000 299.21266 -2815.7794 1858.7222 3056.4753
220000 302.31132 -2798.8068 1942.393 3198.683
225000 299.11857 -2840.2665 1886.5021 3058.5061
230000 303.7828 -2812.5536 1882.1809 3144.462
235000 309.23461 -2838.4838 1948.6342 3258.1138
240000 302.20019 -2829.3597 1883.2479 3107.4944
245000 297.07995 -2842.0092 1886.8835 3029.7993
250000 302.91913 -2804.761 1860.8164 3119.3052
255000 297.6797 -2824.6296 1879.8382 3048.1785
260000 295.14767 -2808.8931 1925.1696 3075.2826
265000 297.78652 -2818.9373 1857.6487 3033.1142
270000 300.63959 -2825.4024 1918.8309 3126.1012
275000 289.68777 -2876.3827 1852.2673 2861.6536
280000 300.59185 -2829.294 1876.7508 3079.4893
285000 305.30729 -2813.7704 1940.3904 3221.9037
290000 290.71228 -2811.4592 1896.7463 2984.7985
295000 298.54445 -2831.5292 1957.9894 3131.0295
300000 304.35212 -2834.2653 1890.4853 3138.6913
305000 295.66261 -2838.4643 1848.2525 2975.7016
310000 300.67736 -2823.4322 1934.265 3144.0123
315000 302.57898 -2843.9765 1856.6708 3071.3815
320000 296.03781 -2826.855 1961.8391 3105.9303
325000 297.64323 -2865.4517 1887.6077 3014.6367
330000 303.42992 -2830.304 1917.8649 3157.6622
335000 297.49742 -2877.6493 1912.5753 3025.4509
340000 303.51972 -2907.3969 1824.3358 2988.2447
345000 303.98968 -2913.9689 1893.3898 3057.0307
350000 294.44575 -2899.159 1833.4838 2883.9157
355000 301.95279 -2869.0107 1949.7332 3131.0101
360000 301.45538 -2855.9984 1846.9652 3034.5823
365000 307.18132 -2894.3845 1861.9374 3087.9742
370000 299.48051 -2914.7044 1872.8959 2975.3168
375000 299.83354 -2904.2026 1865.9646 2983.6227
380000 301.16961 -2946.437 1862.9309 2956.2763
385000 299.35546 -2879.5372 1873.0858 3008.9966
390000 300.40434 -2924.3825 1911.7247 3016.8595
395000 300.00101 -2897.0426 1891.8525 3018.917
400000 304.89008 -2905.3553 1902.1053 3086.4373
405000 300.89313 -2889.2697 1942.3415 3089.1455
410000 296.0953 -2901.1521 1901.7845 2972.3497
415000 302.86012 -2858.5375 1892.1047 3096.0253
420000 299.27297 -2875.5652 1946.7388 3085.515
425000 295.64524 -2839.2689 1974.3192 3100.7306
430000 296.27337 -2852.8626 1928.0173 3049.2606
435000 305.03687 -2864.9491 1921.3199 3148.0272
440000 297.24988 -2854.234 1884.1285 3017.0989
445000 298.01444 -2867.1705 1916.4499 3046.7394
450000 301.7269 -2834.6716 1861.4413 3074.0273
455000 297.39441 -2827.6903 1907.928 3069.3807
460000 296.85944 -2858.8431 1896.7182 3019.8423
465000 293.37521 -2829.5075 1890.8782 2996.6017
470000 297.50524 -2813.242 1894.9203 3072.308
475000 297.89496 -2825.8302 1907.2974 3077.3245
480000 296.02926 -2857.1662 1900.5479 3014.2132
485000 305.0225 -2875.4052 1849.0078 3065.0662
490000 295.60343 -2872.341 1853.6996 2946.4782
495000 295.12991 -2856.6814 1912.9485 3015.035
500000 300.39705 -2839.081 1928.5416 3118.8801
505000 298.7865 -2859.313 1896.3684 3044.8716
510000 300.34828 -2858.3695 1851.8933 3022.2891
515000 297.56868 -2822.596 1851.31 3020.1947
520000 299.29047 -2841.2623 1889.5279 3062.8418
525000 302.10227 -2858.4729 1897.7829 3091.6027
530000 293.81227 -2847.8221 1895.3642 2988.6356
535000 297.30132 -2882.5443 1917.7302 3023.0804
540000 299.49075 -2920.3496 1932.1784 3029.0914
545000 293.15749 -2870.5947 1888.0631 2949.779
550000 299.88692 -2872.2005 1952.7704 3103.1467
555000 299.899 -2882.2857 1895.8482 3036.3013
560000 298.85736 -2827.9126 1844.1999 3025.054
565000 294.78787 -2833.2021 1930.74 3051.7178
570000 297.12946 -2817.2182 1881.5925 3049.9635
575000 308.09978 -2860.7428 1921.183 3193.1814
580000 298.34994 -2874.066 1952.5351 3080.4294
585000 305.79461 -2891.7351 1888.0597 3098.1449
590000 304.71456 -2857.132 1884.2162 3114.4172
595000 296.63744 -2859.5026 1870.7988 2990.2855
600000 301.32999 -2838.9118 1940.8317 3143.8534
605000 297.12121 -2823.999 1854.4192 3015.8988
610000 301.78173 -2820.6836 1866.8393 3094.1489
615000 301.11219 -2851.4361 1932.2778 3119.8538
620000 295.824 -2855.9597 1862.2695 2974.3879
625000 299.30099 -2824.6625 1902.6717 3092.7265
630000 300.31834 -2823.976 1960.9448 3165.3325
635000 309.57269 -2827.0307 1888.659 3214.1266
640000 298.49766 -2837.6298 1900.0139 3066.3258
645000 292.06766 -2838.0628 1908.0361 2987.6653
650000 293.99809 -2786.3132 1839.7104 2996.9832
655000 303.33681 -2824.7711 1890.1092 3134.1905
660000 305.09037 -2838.0146 1889.3272 3143.6866
665000 295.62987 -2829.6686 1903.0499 3038.8555
670000 300.04757 -2810.5183 1882.7163 3096.9297
675000 301.02721 -2836.765 1884.6925 3085.7998
680000 298.47727 -2858.1009 1888.5627 3034.1299
685000 299.67318 -2806.7362 1829.7132 3042.6868
690000 292.39982 -2846.9679 1900.8015 2975.9811
695000 302.38078 -2836.6072 1846.1507 3065.5719
700000 303.01946 -2847.4421 1872.5593 3089.7127
705000 303.21245 -2839.8944 1920.6339 3147.9238
710000 300.19287 -2841.2618 1848.9401 3034.359
715000 303.57336 -2837.0261 1870.4757 3105.475
720000 306.06754 -2830.0854 1852.037 3127.4329
725000 300.81685 -2856.1715 1857.9517 3036.8306
730000 302.30381 -2840.3522 1918.1698 3132.8136
735000 302.75752 -2834.7495 1912.1498 3138.4821
740000 301.48259 -2879.6447 1845.9262 3010.2619
745000 303.86904 -2817.3942 1922.3931 3180.9905
750000 297.03188 -2856.9129 1910.3173 3037.6847
755000 301.29052 -2852.7864 1917.3457 3105.9634
760000 303.69159 -2824.162 1843.5947 3093.044
765000 302.40019 -2843.9671 1827.4667 3039.7885
770000 297.22183 -2815.35 1915.522 3087.0003
775000 302.62107 -2840.7847 1915.7689 3134.236
780000 305.71184 -2833.5262 1928.7162 3195.9001
785000 300.254 -2841.6047 1899.1061 3085.0021
790000 295.96094 -2847.0519 1872.302 2995.1652
795000 302.19491 -2831.3494 1923.9474 3146.1333
800000 293.6944 -2808.3527 1808.7212 2939.881
805000 306.26666 -2794.3424 1903.9277 3217.7377
810000 298.00918 -2823.0782 1907.3119 3081.6231
815000 296.92773 -2825.9362 1916.4986 3073.4456
820000 305.28861 -2796.7845 1913.8368 3212.0853
825000 302.46251 -2856.354 1881.9101 3082.6809
830000 301.53344 -2836.6069 1888.7207 3096.7764
835000 298.18869 -2840.294 1868.3676 3027.8708
840000 301.23609 -2852.2747 1847.3736 3035.7729
845000 297.65455 -2876.1488 1925.5802 3042.0639
850000 303.42867 -2870.0222 1831.945 3032.0073
855000 301.29044 -2879.2174 1881.9943 3044.18
860000 297.96788 -2880.5174 1905.2622 3021.5803
865000 299.69798 -2847.811 1925.0657 3097.297
870000 301.51886 -2873.8096 1880.8795 3051.5368
875000 300.36034 -2872.499 1965.4972 3121.9254
880000 303.25392 -2889.8064 1912.9414 3090.8755
885000 296.80963 -2858.1024 1866.788 2989.9846
890000 303.55587 -2889.491 1812.9821 2995.2819
895000 297.65388 -2865.8397 1878.8311 3005.6149
900000 299.88751 -2870.392 1936.483 3088.6757
905000 293.58221 -2851.5124 1941.5895 3028.0848
910000 301.22714 -2843.6424 1938.4025 3135.314
915000 301.13465 -2851.3023 1928.9804 3116.9915
920000 297.60531 -2833.899 1983.1107 3141.1837
925000 297.81151 -2809.6708 1882.0281 3067.0952
930000 301.54676 -2789.0551 1902.1888 3157.9749
935000 303.36664 -2777.0459 1939.4478 3231.6543
940000 300.07188 -2784.6216 1902.5717 3143.008
945000 307.42672 -2790.3795 1930.9897 3264.3231
950000 297.2068 -2818.5915 1864.8979 3032.933
955000 295.70678 -2792.8289 1922.1429 3095.8198
960000 298.29678 -2834.8385 1950.5137 3116.9224
965000 300.25547 -2820.134 1855.7169 3063.1032
970000 306.12678 -2882.3147 1943.3908 3167.3521
975000 300.33848 -2862.3346 1928.941 3095.2402
980000 295.77918 -2872.5118 1870.5208 2965.486
985000 300.98256 -2862.3199 1887.1893 3062.1426
990000 298.75921 -2875.1223 1869.8772 3002.205
995000 302.29586 -2883.5551 1866.044 3037.3783
1000000 299.79751 -2832.8017 1856.9777 3045.5535
1005000 301.66388 -2874.7014 1845.2184 3016.9292
1010000 303.23279 -2871.0283 1899.2097 3095.6384
1015000 305.07136 -2887.1595 1843.9731 3048.9326
1020000 303.49968 -2887.6318 1820.6384 3004.0436
1025000 295.8758 -2878.9006 1881.8849 2971.7574
1030000 301.90872 -2903.7861 1832.401 2978.3114
1035000 299.95924 -2918.9503 1890.1636 2994.7602
1040000 294.70601 -2894.1122 1890.7089 2949.6785
1045000 292.92748 -2888.6633 1848.8682 2889.4303
1050000 303.71162 -2903.596 1889.2417 3059.5257
1055000 299.8778 -2916.7541 1868.4669 2974.1673
1060000 300.03931 -2889.6521 1863.7788 2998.7476
1065000 297.7517 -2907.2988 1879.3928 2966.0297
1070000 300.52639 -2904.9815 1876.1382 3002.3111
1075000 296.71694 -2856.2359 1870.4675 2994.2873
1080000 302.75275 -2883.7451 1838.5419 3015.8148
1085000 297.27194 -2886.3288 1892.8062 2993.9778
1090000 302.50149 -2878.4961 1932.1082 3111.2598
1095000 297.29802 -2864.1789 1912.8087 3036.48
1100000 294.28802 -2849.5833 1862.6083 2960.5001
1105000 299.67001 -2862.1851 1920.932 3078.4141
1110000 296.40252 -2890.3519 1859.4183 2944.9046
1115000 293.50249 -2907.3479 1897.6866 2927.2769
1120000 299.48395 -2890.2415 1845.513 2972.443
1125000 297.9226 -2887.7627 1869.1285 2977.594
1130000 303.31819 -2884.7109 1864.2494 3048.1411
1135000 303.56166 -2919.0338 1833.123 2985.9575
1140000 295.04536 -2891.945 1854.604 2920.2928
1145000 298.14349 -2888.0631 1845.2084 2956.3363
1150000 298.20699 -2892.7568 1907.0205 3014.3065
1155000 296.21956 -2853.0477 1920.3034 3040.6398
1160000 299.96838 -2831.3152 1922.3963 3114.7506
1165000 295.95283 -2842.6399 1883.6761 3010.8424
1170000 300.02124 -2838.8839 1943.8232 3129.3178
1175000 298.44316 -2825.0778 1821.0544 2999.1872
1180000 300.39938 -2858.2499 1889.9536 3061.1543
1185000 304.72313 -2881.825 1987.178 3192.8009
1190000 294.25901 -2863.7995 1941.3945 3024.6809
1195000 304.41532 -2872.932 1819.8735 3030.2605
1200000 307.01247 -2893.2195 1905.0511 3129.9879
1205000 294.64183 -2891.1275 1855.9421 2917.0356
1210000 296.78032 -2875.725 1915.4773 3020.6582
1215000 300.52007 -2869.0009 1948.7797 3110.8484
1220000 302.63506 -2858.1355 1945.591 3146.8949
1225000 303.22202 -2837.8128 1891.7642 3121.2641
1230000 302.13813 -2887.3333 1905.7886 3071.229
1235000 297.42473 -2862.7812 1874.6756 3001.4443
1240000 300.34901 -2825.7035 1876.3593 3079.4308
1245000 298.35495 -2840.0013 1926.1227 3088.1489
1250000 304.73574 -2857.5641 1888.8263 3118.8794
1255000 307.66407 -2848.664 1866.5916 3144.8243
1260000 300.91788 -2835.8685 1886.24 3086.7772
1265000 303.89885 -2846.3873 1901.4957 3131.4999
1270000 303.27645 -2855.1281 1910.4021 3123.3167
1275000 296.45384 -2848.1003 1888.6227 3017.0491
1280000 295.0023 -2891.0842 1918.7543 2984.7263
1285000 298.0174 -2833.9267 1952.3087 3115.8817
1290000 302.20313 -2890.7042 1901.1878 3064.1293
1295000 299.87391 -2876.8982 1855.4961 3001.0001
1300000 300.13908 -2893.9144 1880.6615 3012.7063
1305000 304.74618 -2883.3543 1916.3117 3120.7145
1310000 298.20765 -2830.2783 1900.8076 3070.5809
1315000 298.33354 -2856.4647 1866.7931 3012.0687
1320000 298.77746 -2829.3596 1929.6098 3107.9451
1325000 301.25566 -2868.4814 1848.7902 3021.2453
1330000 305.82974 -2835.8975 1891.4668 3157.8609
1335000 302.51186 -2816.2763 1865.0116 3106.522
1340000 303.72021 -2816.3547 1931.4279 3189.0684
1345000 296.56429 -2822.7802 1849.4383 3004.6663
1350000 302.04062 -2791.2502 1879.4197 3139.6352
1355000 297.79836 -2799.0691 1900.2035 3095.696
1360000 301.05976 -2813.49 1913.6343 3138.4532
1365000 299.68882 -2834.2871 1895.3413 3080.9737
1370000 304.81209 -2807.6476 1887.0987 3168.0924
1375000 295.66727 -2815.2062 1911.7367 3062.5064
1380000 298.72091 -2814.0297 1918.9164 3111.823
1385000 302.61901 -2789.6578 1876.5284 3146.0945
1390000 303.12423 -2786.6459 1886.3436 3165.6986
1395000 307.98501 -2787.5032 1822.2455 3165.9439
1400000 302.0059 -2839.7107 1950.3393 3161.6285
1405000 297.17583 -2843.0588 1886.8443 3029.9967
1410000 294.06444 -2835.3775 1849.2211 2958.3196
1415000 298.8771 -2805.482 1954.9564 3158.5057
1420000 299.40174 -2807.3605 1885.1798 3093.888
1425000 302.03245 -2818.0526 1866.7577 3100.0612
1430000 297.36159 -2811.1992 1804.3089 2981.8125
1435000 299.63167 -2831.6637 1928.27 3115.7592
1440000 302.51676 -2833.7775 1869.6411 3093.716
1445000 297.62929 -2831.0253 1798.4441 2959.7126
1450000 305.93427 -2826.6499 1883.6719 3160.7159
1455000 302.2637 -2837.542 1867.2176 3084.1335
1460000 295.92604 -2803.4162 1859.1214 3025.152
1465000 302.68634 -2793.8761 1919.1361 3185.3872
1470000 294.20805 -2794.4064 1805.2591 2957.2551
1475000 298.46302 -2845.1812 1858.2762 3016.572
1480000 299.38707 -2833.0595 1806.0707 2988.8831
1485000 297.14559 -2821.9703 1834.8809 2998.7161
1490000 301.86991 -2838.1443 1871.0009 3082.0324
1495000 304.34339 -2835.8335 1870.0533 3116.5741
1500000 305.03773 -2837.479 1884.5003 3138.6891
1505000 300.53484 -2861.5899 1901.0331 3070.7109
1510000 299.8404 -2851.5266 1834.4815 3004.9077
1515000 297.19237 -2866.6039 1909.5179 3029.347
1520000 300.78622 -2844.2433 1879.093 3069.4893
1525000 300.40428 -2828.8189 1962.0542 3162.7516
1530000 304.85804 -2814.1806 1884.4032 3159.4802
1535000 302.52279 -2779.4504 1938.017 3216.5
1540000 301.26227 -2843.8454 1874.2562 3071.4359
1545000 296.66848 -2845.5505 1867.1492 3001.0045
1550000 302.64802 -2841.2195 1967.939 3186.3327
1555000 302.84785 -2799.506 1869.9595 3132.7471
1560000 304.55102 -2806.224 1893.5278 3172.4431
1565000 298.962 -2834.9683 1873.9637 3049.1656
1570000 293.93016 -2863.7346 1890.0596 2968.9999
1575000 295.89471 -2867.4327 1843.9124 2945.5063
1580000 297.75106 -2852.8432 1918.3829 3059.4668
1585000 301.07291 -2877.9338 1886.7268 3047.2782
1590000 297.41424 -2886.0775 1841.9733 2945.3048
1595000 305.02331 -2931.9601 1873.2967 3032.8111
1600000 301.3891 -2911.6162 1893.7401 3024.8504
1605000 294.64547 -2915.0272 1814.2843 2851.5269
1610000 307.77157 -2909.9834 1918.757 3137.1122
1615000 305.60568 -2866.8636 1901.6644 3134.0869
1620000 297.74278 -2894.9568 1921.1947 3020.0539
1625000 303.07625 -2875.5929 1898.1848 3087.9491
1630000 301.93884 -2894.5383 1901.5569 3057.119
1635000 302.08064 -2886.2877 1896.1999 3061.9148
1640000 298.88143 -2867.7643 1858.9422 3000.2673
1645000 293.69628 -2880.6192 1874.3601 2933.2786
1650000 302.41209 -2842.6373 1884.228 3098.0392
1655000 301.58348 -2831.3262 1861.9214 3075.929
1660000 297.28069 -2828.4973 1827.9269 2987.0472
1665000 301.11711 -2802.2638 1901.6001 3138.4143
1670000 294.14979 -2773.0104 1913.4718 3086.0822
1675000 300.68557 -2817.0263 1876.7562 3093.0195
1680000 293.11525 -2805.4335 1865.8738 2992.1843
1685000 296.24777 -2801.1287 1971.5731 3144.2069
1690000 303.23769 -2849.0167 1889.1301 3107.6363
1695000 300.33036 -2797.1206 1868.924 3100.3283
1700000 297.08044 -2807.8078 1871.4357 3048.5595
1705000 298.49942 -2825.6327 1871.9888 3050.3214
1710000 296.58932 -2802.941 1844.0545 3019.4574
1715000 298.48036 -2806.753 1795.608 2992.5646
1720000 300.22447 -2817.4308 1783.0558 2992.7295
1725000 293.95259 -2809.7704 1947.2823 3080.4877
1730000 301.41376 -2827.9955 1960.5728 3175.6345
1735000 293.59656 -2842.7055 1863.9466 2959.4412
1740000 301.99772 -2875.0276 1847.1092 3022.9718
1745000 303.23873 -2858.5848 1956.1114 3165.0633
1750000 304.24425 -2866.7998 1841.9319 3056.1565
1755000 297.04117 -2836.9455 1825.8845 2973.3439
1760000 307.87331 -2873.2936 1887.5413 3143.9512
1765000 305.08326 -2881.8964 1911.1427 3121.5249
1770000 298.74014 -2879.3657 1935.3069 3063.1356
1775000 300.51095 -2895.2392 1897.5289 3033.237
1780000 299.8988 -2865.2104 1845.2977 3002.8234
1785000 302.88217 -2872.5971 1884.1727 3074.3295
1790000 299.28191 -2883.8758 1856.8422 2987.4276
1795000 302.29119 -2823.5339 1894.7694 3126.0622
1800000 302.44752 -2848.08 1913.8648 3122.7086
1805000 302.03379 -2885.8731 1939.2682 3104.7692
1810000 306.7382 -2898.4361 1884.363 3100.4042
1815000 296.19487 -2822.0895 1915.7575 3066.721
1820000 308.16038 -2871.5845 1853.3629 3115.3323
1825000 295.22682 -2848.9595 1885.5634 2996.6717
1830000 300.36172 -2862.4876 1923.4156 3089.8735
1835000 298.43849 -2844.2335 1883.4365 3042.351
1840000 304.03538 -2821.2741 1873.7268 3130.6754
1845000 303.44927 -2822.2763 1837.2012 3085.2858
1850000 298.02166 -2846.8517 1928.595 3079.3
1855000 303.1125 -2801.4812 1902.0123 3166.3746
1860000 306.04484 -2806.723 1876.0365 3174.4905
1865000 305.74885 -2833.6372 1890.3132 3157.8826
1870000 302.00127 -2850.7578 1925.4939 3125.674
1875000 295.4796 -2886.9891 1939.9026 3016.372
1880000 296.0392 -2861.4889 1866.8688 2976.3447
1885000 300.99186 -2858.6065 1873.5579 3052.3495
1890000 296.06032 -2850.3732 1955.0292 3075.9041
1895000 303.44715 -2860.9867 1804.4993 3013.8451
1900000 300.14625 -2800.7537 1922.1693 3147.471
1905000 300.95413 -2841.371 1920.7978 3116.3187
1910000 309.8437 -2830.6911 1923.1747 3248.6171
1915000 294.05211 -2804.1229 1863.8367 3004.0245
1920000 300.34685 -2793.9641 1838.6891 3073.4711
1925000 297.12386 -2840.9575 1912.7931 3057.3496
1930000 301.66652 -2830.4989 1919.8339 3135.7828
1935000 299.32543 -2834.5907 1875.9296 3056.384
1940000 303.0071 -2825.4076 1854.4772 3093.4993
1945000 295.18903 -2824.0075 1845.1211 2980.6745
1950000 303.81903 -2816.2624 1904.3174 3163.3757
1955000 304.99402 -2790.5351 1877.4151 3177.9615
1960000 304.12724 -2844.4732 1900.7657 3135.7474
1965000 296.92114 -2834.9167 1874.1226 3022.0007
1970000 308.94693 -2846.7705 1853.8745 3151.2086
1975000 297.34531 -2866.0645 1854.707 2977.127
1980000 302.29186 -2830.4696 1881.5686 3105.9347
1985000 306.22137 -2860.2096 1863.5686 3110.9038
1990000 301.44789 -2882.7167 1867.0228 3027.8211
1995000 296.7682 -2871.8607 1874.773 2983.6557
2000000 306.67739 -2873.5127 1808.3575 3048.5065
2005000 295.17718 -2904.1519 1829.0512 2884.3013
2010000 303.7563 -2862.6378 1866.5752 3078.4166
2015000 302.85521 -2881.7097 1925.3966 3106.0793
2020000 292.8598 -2883.787 1884.0823 2928.6127
2025000 297.77669 -2868.6954 1851.0293 2976.6048
2030000 301.61905 -2882.9537 1893.0746 3055.9318
2035000 299.14296 -2879.2193 1907.1744 3040.5526
2040000 291.21535 -2908.598 1930.4523 2928.1137
2045000 300.62013 -2893.651 1854.8717 2993.6325
2050000 302.53116 -2869.2841 1807.2231 2995.9847
2055000 293.33149 -2871.9043 1892.1146 2954.8548
2060000 303.53804 -2880.1022 1949.5844 3141.0337
2065000 302.04565 -2908.5592 1886.3955 3029.3695
2070000 298.60593 -2828.2152 1880.0306 3057.2094
2075000 302.67751 -2845.4812 1907.1808 3121.7084
2080000 292.96836 -2843.5678 1924.116 3010.3218
2085000 307.63371 -2883.2829 1858.025 3101.2315
2090000 302.75479 -2899.6823 1890.7211 3052.0841
2095000 299.64209 -2929.6477 1927.4942 3017.1392
2100000 293.98521 -2906.5581 1873.1148 2909.9701
2105000 305.42883 -2914.8064 1843.3896 3025.497
2110000 300.70052 -2895.9588 1878.164 3015.6953
2115000 301.75326 -2845.5755 1928.5621 3130.5978
2120000 296.57931 -2830.4442 1913.6887 3061.4541
2125000 300.356 -2834.7119 1878.4743 3072.6311
2130000 297.56209 -2806.1349 1932.0062 3117.2635
2135000 296.50352 -2830.8169 1937.9967 3084.3728
2140000 297.07639 -2825.0018 1897.8721 3057.7476
2145000 294.27309 -2852.6978 1967.3158 3061.8927
2150000 299.05406 -2846.2648 1917.094 3082.2343
2155000 289.42085 -2847.514 1850.86 2885.5345
2160000 302.54646 -2880.7038 1879.5641 3057.1111
2165000 298.15094 -2871.5602 1958.7263 3086.4569
2170000 297.81606 -2843.4202 1874.8554 3026.2342
2175000 301.22934 -2853.3108 1844.4351 3031.7078
2180000 291.73125 -2882.6633 1911.2441 2941.7603
2185000 293.1743 -2867.0038 1885.4286 2950.9609
2190000 300.885 -2825.2748 1872.1253 3082.8151
2195000 310.71198 -2867.884 1910.7677 3210.664
2200000 299.2982 -2864.6485 1933.5911 3083.6226
2205000 297.64511 -2798.4808 1922.8673 3116.8924
2210000 296.94941 -2813.0403 1937.1191 3107.2528
2215000 300.22711 -2848.2526 1864.3108 3043.1982
2220000 298.69033 -2843.6514 1870.0524 3032.9271
2225000 301.37839 -2818.9311 1835.1167 3058.7683
2230000 302.25838 -2837.5068 1902.0174 3118.8972
2235000 303.08349 -2833.848 1895.7223 3127.3287
2240000 299.51323 -2847.054 1927.0675 3097.5777
2245000 300.71246 -2843.5202 1873.5989 3063.7288
2250000 300.19912 -2867.6383 1850.3514 3009.4776
2255000 301.14669 -2826.3359 1869.479 3082.618
2260000 306.17865 -2831.26 1932.2705 3207.9823
2265000 302.74689 -2866.7315 1923.8072 3118.015
2270000 305.60045 -2806.2953 1852.9988 3145.9196
2275000 299.00858 -2805.8486 1831.3056 3036.252
2280000 300.32607 -2820.1247 1867.2396 3075.5822
2285000 302.31946 -2832.4577 1915.4214 3138.1696
2290000 296.89326 -2839.4125 1871.5167 3014.5251
2295000 300.73169 -2815.8237 1915.7009 3133.7853
2300000 308.33139 -2868.9981 1932.5427 3199.3924
2305000 301.06517 -2870.4707 1908.8302 3076.7408
2310000 302.11653 -2875.6002 1838.1644 3015.0481
2315000 304.28331 -2873.7394 1922.3045 3130.1134
2320000 304.05823 -2838.7672 1872.6519 3112.4139
2325000 297.95772 -2857.5711 1853.7764 2992.9046
2330000 297.28858 -2891.9739 1937.2611 3033.0108
2335000 295.00418 -2878.026 1852.2324 2931.2877
2340000 305.62124 -2900.2556 1904.697 3103.9363
2345000 304.12258 -2866.8057 1858.4566 3071.0433
2350000 299.93951 -2890.5241 1885.2786 3018.0367
2355000 300.23917 -2944.6714 1881.565 2964.1954
2360000 299.33412 -2917.7324 1892.9095 2990.3388
2365000 296.51412 -2892.7991 1891.4346 2975.9708
2370000 301.00874 -2901.5165 1874.5206 3010.6285
2375000 296.86887 -2903.3425 1971.5045 3050.2557
2380000 296.66573 -2900.2308 1865.4215 2944.5596
2385000 296.89782 -2884.4436 1895.9261 2993.9645
2390000 302.25036 -2865.0787 1927.5962 3116.7967
2395000 297.8673 -2849.6437 1863.77 3009.6125
2400000 298.29829 -2877.7485 1892.8297 3016.3486
2405000 302.9452 -2885.9043 1925.9031 3103.5983
2410000 297.2987 -2892.9384 1923.7508 3018.6717
2415000 302.0383 -2915.9429 1844.0648 2979.5566
2420000 303.26518 -2881.8453 1845.5616 3031.6079
2425000 296.99437 -2876.125 1930.5486 3038.2007
2430000 302.12392 -2852.3761 1861.0442 3061.2513
2435000 295.82397 -2851.9191 1929.9608 3046.1195
2440000 290.80736 -2888.599 1899.5725 2911.7602
2445000 301.99753 -2866.8265 1816.5487 3000.6099
2450000 304.54922 -2842.6326 1882.2359 3124.7184
2455000 295.98152 -2869.7192 1987.3274 3087.7993
2460000 298.15724 -2822.0059 1897.716 3075.0856
2465000 303.13185 -2854.6216 1910.0656 3121.5471
2470000 294.73458 -2807.2374 1862.0075 3008.2353
2475000 302.66755 -2807.682 1885.2692 3137.4623
2480000 301.48608 -2817.6569 1839.3464 3065.7168
2485000 299.49142 -2820.4656 1904.9855 3101.7915
2490000 301.86249 -2832.5731 1887.2627 3103.7659
2495000 298.68445 -2833.9826 1856.2281 3028.6926
2500000 303.83397 -2856.9255 1911.0548 3129.6505
2505000 295.77985 -2857.204 1898.1049 3008.3869
2510000 309.86655 -2866.3629 1910.027 3200.1042
2515000 301.15751 -2861.4995 1841.7713 3019.8918
2520000 306.64344 -2850.3502 1845.1715 3108.0275
2525000 299.46216 -2867.4342 1968.843 3118.2881
2530000 293.6979 -2848.8705 1914.6522 3005.3411
2535000 301.89705 -2815.7861 1903.2222 3136.976
2540000 306.12498 -2854.8622 1861.0324 3112.4221
2545000 297.82419 -2863.3387 1851.0547 2982.6241
2550000 296.96801 -2850.83 1860.303 2992.8966
2555000 297.69732 -2869.4105 1916.1472 3039.943
2560000 297.45909 -2838.8556 1891.7306 3042.8857
2565000 300.9891 -2857.9419 1816.902 2996.3211
2570000 299.1022 -2848.4105 1847.7806 3011.4209
2575000 298.88559 -2834.1634 1890.0382 3065.0201
2580000 304.28091 -2793.7038 1871.778 3159.5904
2585000 297.53511 -2827.6664 1941.5936 3104.9575
2590000 295.31444 -2807.8947 1904.4065 3057.7548
2595000 306.43255 -2825.0876 1905.3833 3190.6733
2600000 294.96974 -2791.4369 1914.9461 3080.1287
2605000 300.14484 -2814.1468 1880.0016 3091.8912
2610000 300.42766 -2811.16 1849.4611 3068.1312
2615000 305.20453 -2857.6159 1864.9622 3101.2516
2620000 298.72295 -2843.4918 1936.5183 3099.9902
2625000 297.68147 -2834.1054 1927.9927 3086.881
2630000 300.90688 -2851.0388 1867.0787 3052.298
2635000 299.5447 -2826.6317 1872.2253 3063.5799
2640000 307.79103 -2875.8047 1895.4 3148.195
2645000 304.02696 -2876.9721 1848.487 3049.6247
2650000 302.47411 -2873.801 1921.0141 3104.4936
2655000 294.25224 -2878.1017 1890.3849 2959.2785
2660000 297.65573 -2852.3234 1929.0526 3069.3775
2665000 298.44461 -2790.9478 1853.8902 3066.1725
2670000 299.70878 -2852.0743 1844.3331 3012.4461
2675000 295.21455 -2813.8408 1827.0026 2973.0651
2680000 300.097 -2805.6544 1888.2788 3108.0191
2685000 301.56606 -2822.9175 1865.1583 3087.341
2690000 295.14692 -2866.4678 1903.7766 2996.3049
2695000 304.02094 -2820.4959 1835.5886 3093.1218
2700000 297.16906 -2807.4972 1834.1424 3012.7655
2705000 300.61177 -2849.2286 1871.4468 3054.5179
2710000 297.89843 -2802.057 1899.9596 3093.8066
2715000 301.80628 -2785.9956 1918.6004 3180.9271
2720000 301.34394 -2756.7467 1870.8928 3156.2668
2725000 304.15836 -2785.349 1919.4585 3213.9819
2730000 303.54527 -2828.6788 1911.0605 3154.0303
2735000 294.13636 -2771.5971 1900.1775 3074.0213
2740000 297.65287 -2770.0041 1911.1099 3133.7158
2745000 295.53827 -2763.7855 1966.6841 3167.1441
2750000 297.94222 -2736.034 1876.6943 3137.1515
2755000 296.93295 -2770.2616 1915.1444 3127.8361
2760000 305.78511 -2796.2306 1869.5686 3175.031
2765000 300.39913 -2802.689 1850.9345 3077.6929
2770000 297.60377 -2751.8403 1848.1372 3088.2482
2775000 302.79058 -2741.7309 1832.7818 3152.5764
2780000 299.49884 -2740.8239 1914.8853 3191.4326
2785000 302.55067 -2739.9545 1914.2903 3232.6431
2790000 301.02859 -2749.8445 1884.4916 3172.5378
2795000 299.55021 -2767.0389 1834.6736 3085.695
2800000 297.65165 -2753.7325 1816.1395 3055.0006
2805000 301.94532 -2750.6165 1913.2516 3212.8224
2810000 299.89594 -2733.2596 1867.2146 3156.6527
2815000 303.2382 -2769.1745 1895.8403 3194.1955
2820000 300.10964 -2724.5348 1933.4926 3234.5221
2825000 308.51744 -2775.154 1956.3177 3319.5073
2830000 297.40012 -2754.9112 1853.4151 3087.7236
2835000 298.08279 -2753.6904 1887.2426 3131.9289
2840000 296.4968 -2745.252 1925.5973 3157.4482
2845000 304.08564 -2761.0998 1941.067 3258.8642
2850000 297.94237 -2729.9107 1884.4641 3151.0466
2855000 302.55415 -2750.9895 1928.7588 3236.1234
2860000 310.25834 -2713.1373 1869.942 3318.5
2865000 296.5173 -2702.3251 1912.689 3187.7418
2870000 294.78113 -2696.9992 1895.0069 3152.0971
2875000 306.13968 -2690.4447 1901.575 3317.5794
2880000 300.52842 -2702.0659 1935.5517 3264.6673
2885000 297.34895 -2714.7332 1910.1447 3183.9448
2890000 305.10776 -2662.1116 1910.5945 3341.0902
2895000 301.7829 -2688.0922 1909.76 3269.6765
2900000 301.36524 -2691.6246 1855.2452 3206.027
2905000 296.12803 -2682.3903 1872.8068 3162.5729
2910000 295.39942 -2692.9689 1865.1806 3134.5947
2915000 301.03254 -2731.0315 1932.624 3239.5362
2920000 297.98416 -2713.2861 1899.5722 3183.34
2925000 303.60954 -2736.1159 1891.0703 3227.465
2930000 302.72687 -2734.1174 1817.2869 3143.8404
2935000 296.75371 -2777.1299 1863.6019 3067.0209
2940000 298.47352 -2770.728 1886.9488 3119.8387
2945000 300.32593 -2765.1068 1872.2404 3135.599
2950000 305.77489 -2770.614 1871.358 3202.3
2955000 301.13886 -2769.1836 1920.6353 3190.8215
2960000 296.70214 -2801.6008 1890.8218 3069.0782
2965000 294.81287 -2803.127 1881.5574 3032.9456
2970000 300.17613 -2839.2543 1915.7851 3102.9869
2975000 301.82103 -2805.6507 1888.4973 3131.3668
2980000 301.17048 -2820.6404 1861.6142 3080.7678
2985000 302.08213 -2818.4582 1894.6019 3128.1663
2990000 291.92383 -2821.1589 1902.5832 2997.1869
2995000 299.18977 -2837.7355 1901.6626 3077.1525
3000000 299.45359 -2893.9141 1842.1474 2964.9975
3005000 303.93046 -2856.3664 1869.4686 3089.9175
3010000 308.17768 -2855.1989 1916.8043 3195.3915
3015000 298.23797 -2826.3472 1896.2508 3070.362
3020000 298.66972 -2839.0674 1864.4514 3031.6338
3025000 298.52577 -2851.1013 1873.7482 3026.9656
3030000 298.43148 -2872.3429 1851.4485 2982.1595
3035000 299.40114 -2865.6039 1860.637 3011.0938
3040000 302.87839 -2844.6908 1824.4097 3042.4222
3045000 295.35507 -2860.6789 1852.3076 2953.4169
3050000 297.1629 -2841.8026 1864.2 3008.4351
3055000 303.94567 -2814.0959 1884.3398 3147.2633
3060000 300.41054 -2847.0725 1889.8826 3072.4104
3065000 301.25559 -2851.0251 1883.1877 3073.0983
3070000 295.65117 -2854.4303 1909.688 3021.0176
3075000 300.32049 -2856.9607 1921.5025 3092.9343
3080000 296.36683 -2854.0895 1915.902 3037.172
3085000 296.57636 -2838.7879 1852.6867 2992.0689
3090000 301.28556 -2836.2141 1829.3964 3034.5198
3095000 302.53533 -2833.5562 1929.0616 3153.607
3100000 298.70249 -2806.4457 1915.9556 3116.1992
3105000 306.7839 -2792.674 1921.3254 3243.7419
3110000 298.52846 -2785.0505 1900.414 3119.7184
3115000 295.49219 -2772.3712 1876.1501 3067.4064
3120000 300.45061 -2763.6013 1888.8979 3155.4345
3125000 299.87124 -2789.7084 1879.1194 3111.7774
3130000 296.76707 -2821.8009 1869.9044 3028.8318
3135000 303.35783 -2818.1362 1909.5384 3160.5366
3140000 302.10514 -2844.3627 1853.9793 3061.9479
3145000 302.49742 -2793.0754 1864.534 3129.0517
3150000 295.94109 -2774.1064 1911.0789 3106.6212
3155000 301.00463 -2805.4878 1852.9618 3085.0433
3160000 297.0937 -2786.3444 1962.1092 3160.8743
3165000 299.30136 -2759.144 1923.698 3179.2763
3170000 299.0345 -2791.9616 1877.6844 3096.8655
3175000 303.27371 -2789.626 1861.4432 3139.8232
3180000 297.26544 -2846.4764 1891.0183 3031.955
3185000 303.50787 -2820.2199 1893.7135 3144.6405
3190000 303.63884 -2854.3324 1889.7305 3108.3018
3195000 302.3154 -2814.0079 1869.462 3110.6057
3200000 294.05117 -2840.863 1893.7766 2997.2116
3205000 307.55496 -2856.5272 1891.5745 3160.4804
3210000 302.96675 -2855.731 1900.9213 3109.0789
3215000 300.51847 -2812.9588 1862.1532 3080.2426
3220000 301.44587 -2791.5506 1900.548 3152.4854
3225000 295.3925 -2832.3278 1896.1142 3026.0766
3230000 302.08876 -2844.5593 1887.8454 3095.3975
3235000 299.74951 -2849.5459 1926.1481 3097.3358
3240000 293.90948 -2850.0601 1929.8275 3022.1649
3245000 301.44463 -2845.5786 1851.0058 3048.8985
3250000 298.18538 -2803.7279 1843.6472 3039.6722
3255000 299.16692 -2853.8066 1887.1404 3046.2527
3260000 302.13164 -2814.0366 1898.2355 3136.8855
3265000 298.98665 -2817.9798 1908.9556 3101.4766
3270000 293.58422 -2830.2968 1866.8925 2974.6302
3275000 301.76984 -2852.9832 1985.6823 3180.5327
3280000 296.39595 -2875.6788 1878.3365 2978.4078
3285000 302.1837 -2880.5101 1913.1888 3086.0637
3290000 296.18917 -2837.94 1913.0758 3048.1123
3295000 294.80246 -2867.0007 1883.8182 2971.1932
3300000 299.6069 -2857.3254 1878.9005 3040.3957
3305000 303.25797 -2903.0606 1885.1895 3049.9236
3310000 297.46806 -2851.9506 1933.7519 3071.9323
3315000 305.16485 -2888.0136 1914.1108 3119.4702
3320000 296.94045 -2874.5421 1883.3658 2991.8776
3325000 301.04268 -2907.9457 1915.5001 3045.634
3330000 297.24164 -2889.7192 1861.4071 2958.7818
3335000 299.97415 -2866.7233 1840.257 2997.2805
3340000 298.01837 -2847.3658 1931.0258 3081.1726
3345000 303.6514 -2872.324 1893.0823 3093.8305
3350000 299.34262 -2819.8462 1871.4393 3066.8688
3355000 297.56277 -2853.0879 1920.5659 3058.8794
3360000 303.92084 -2835.4169 1877.9127 3119.1822
3365000 297.80438 -2852.4751 1874.9206 3017.0878
3370000 297.22881 -2809.9452 1879.0837 3056.0603
3375000 296.73834 -2805.9867 1907.672 3082.0281
3380000 301.67668 -2829.8184 1927.9567 3144.7223
3385000 295.10324 -2848.8814 1902.4481 3011.9769
3390000 300.38836 -2869.6105 1822.5212 2982.2136
3395000 306.73988 -2867.0161 1890.0038 3137.4875
3400000 299.04477 -2840.1289 1870.6785 3041.83
3405000 297.939 -2879.102 1912.9948 3030.3408
3410000 294.79839 -2847.9131 1866.4638 2972.8717
3415000 303.3454 -2842.726 1865.9429 3092.1844
3420000 305.01497 -2859.3565 1855.5063 3087.5125
3425000 303.52082 -2825.1117 1851.0642 3097.2732
3430000 304.52006 -2838.0223 1880.0221 3126.724
3435000 297.01867 -2840.84 1827.8524 2971.1155
3440000 300.11505 -2843.0021 1855.7043 3038.339
3445000 297.44122 -2790.9397 1911.9611 3110.7924
3450000 301.15125 -2779.5498 1894.5393 3154.5256
3455000 298.56753 -2760.9862 1903.9953 3147.888
3460000 305.38062 -2779.0313 1878.4442 3195.6802
3465000 304.25747 -2790.2871 1869.9089 3160.8235
3470000 297.93116 -2763.9782 1896.5759 3128.9406
3475000 294.6749 -2813.2356 1838.3927 2977.8218
3480000 293.82793 -2789.253 1941.5768 3093.6275
3485000 301.13178 -2821.9421 1874.2021 3091.535
3490000 303.02862 -2811.6668 1942.6343 3195.6859
3495000 301.549 -2818.6272 1883.4102 3109.6543
3500000 296.323 -2836.5788 1902.6029 3040.7957
3505000 301.48238 -2819.0399 1900.804 3125.7417
3510000 294.90347 -2830.5244 1911.0378 3036.2439
3515000 305.92242 -2866.8364 1952.5604 3189.2589
3520000 300.38502 -2819.2314 1922.1163 3132.143
3525000 304.9914 -2802.0396 1873.4556 3162.4625
3530000 297.74644 -2793.7849 1911.968 3112.0482
3535000 304.60778 -2833.2538 1886.3917 3139.0386
3540000 303.36444 -2828.6073 1861.6298 3102.2456
3545000 301.11606 -2824.4382 1926.636 3141.2618
3550000 305.07727 -2751.3886 1925.7592 3266.5689
3555000 295.41159 -2764.7425 1845.3664 3043.1702
3560000 306.33838 -2826.9992 1940.9249 3223.04
3565000 301.13767 -2824.4517 1876.1709 3091.073
3570000 303.38836 -2798.4978 1848.7372 3119.7833
3575000 298.99952 -2841.6739 1865.1411 3034.1407
3580000 300.74676 -2818.7287 1872.2718 3087.6535
3585000 294.10092 -2803.3613 1902.9114 3044.5156
3590000 299.84384 -2823.9745 1916.609 3114.6335
3595000 299.63704 -2847.3495 1887.0066 3058.882
3600000 304.39385 -2847.0977 1830.7552 3066.6886
3605000 306.15147 -2806.5048 1968.7514 3268.8538
3610000 300.73549 -2811.2124 1871.3369 3094.0837
3615000 300.11873 -2814.2451 1894.3843 3105.8252
3620000 295.61285 -2833.1685 1905.7754 3037.8528
3625000 299.36132 -2836.0538 1887.3263 3066.7991
3630000 295.58508 -2832.6086 1921.6676 3053.9325
3635000 294.314 -2838.2664 1928.3814 3037.9385
3640000 296.00016 -2867.1376 1905.4659 3008.7695
3645000 301.3979 -2886.3662 1853.9734 3010.4517
3650000 297.44547 -2869.5973 1930.5101 3050.7408
3655000 298.50945 -2881.9009 1838.6854 2960.8843
3660000 301.12946 -2883.1432 1878.7621 3034.8627
3665000 300.44123 -2834.9589 1877.2287 3072.2818
3670000 292.57763 -2813.62 1918.2854 3029.1979
3675000 298.14594 -2818.0912 1893.6964 3074.8291
3680000 301.59579 -2801.0179 1902.4089 3146.8899
3685000 299.9012 -2814.1388 1843.9537 3052.5832
3690000 294.32796 -2870.1197 1918.894 2996.7852
3695000 297.66963 -2894.552 1890.096 2988.3788
3700000 297.00892 -2919.0518 1874.5757 2939.4962
3705000 296.27433 -2910.4879 1922.26 2985.8908
3710000 304.32426 -2905.5616 1896.2049 3072.741
3715000 301.67416 -2912.6515 1868.9486 3002.8472
3720000 299.04703 -2858.2273 1904.8848 3057.9683
3725000 297.44723 -2891.4632 1945.165 3043.5535
3730000 301.7045 -2890.8731 1934.6632 3090.7473
3735000 298.95523 -2871.182 1854.2212 2993.1186
3740000 300.82524 -2863.4512 1870.7548 3042.4666
3745000 296.49195 -2899.3439 1854.1884 2931.8824
3750000 296.99477 -2857.9968 1912.1015 3037.887
3755000 293.99327 -2840.9619 1930.927 3033.4865
3760000 301.45771 -2859.6012 1902.6095 3086.6551
3765000 301.91417 -2864.2319 1886.9518 3072.4894
3770000 301.28314 -2872.4284 1919.0505 3087.9273
3775000 297.23344 -2879.5936 1881.6258 2989.0161
3780000 296.78842 -2884.7485 1872.6271 2968.8932
3785000 296.95961 -2878.6022 1855.3803 2960.0889
3790000 294.6678 -2872.8427 1934.1822 3013.9088
3795000 305.27005 -2890.6061 1879.1044 3083.2824
3800000 300.77364 -2878.3624 1868.4466 3024.5551
3805000 306.76707 -2851.757 1903.326 3166.4337
3810000 296.48541 -2836.7266 1922.4801 3062.7036
3815000 296.95885 -2858.9436 1915.1657 3039.5228
3820000 294.83268 -2907.9394 1877.0608 2923.9025
3825000 303.21455 -2867.0256 1918.8812 3119.068
3830000 305.61383 -2843.618 1862.3877 3118.1653
3835000 294.91267 -2874.1373 1889.241 2970.9577
3840000 300.24753 -2856.3024 1868.8438 3039.9552
3845000 304.32733 -2848.7474 1855.2868 3088.6783
3850000 303.68002 -2881.8406 1967.4529 3159.0684
3855000 298.69588 -2851.5133 1930.1175 3085.2048
3860000 299.35374 -2883.1101 1948.5776 3080.8924
3865000 307.99124 -2876.1367 1915.9248 3171.0734
3870000 297.25674 -2857.1913 1860.6787 2990.7839
3875000 299.44931 -2870.4882 1883.6664 3029.885
3880000 297.58223 -2849.603 1886.6438 3028.7033
3885000 296.25262 -2888.5149 1859.9636 2945.2764
3890000 298.74216 -2878.7669 1861.0122 2989.4667
3895000 300.78851 -2845.9461 1933.3169 3122.0411
3900000 301.84789 -2884.8227 1867.5598 3031.6177
3905000 304.79857 -2875.6538 1883.1635 3095.9695
3910000 299.41667 -2856.988 1933.6284 3092.9094
3915000 301.22039 -2881.9879 1879.5528 3038.0283
3920000 296.55755 -2890.7633 1883.1041 2970.2586
3925000 295.01665 -2876.7588 1832.2147 2912.7046
3930000 299.37185 -2861.9447 1842.2393 2995.9624
3935000 297.60168 -2857.8576 1900.3238 3034.3895
3940000 309.60408 -2888.6486 1850.4866 3114.7573
3945000 298.79515 -2851.4812 1858.2636 3014.7145
3950000 307.34121 -2852.7289 1922.2791 3192.1161
3955000 303.58141 -2868.6618 1877.7147 3081.1861
3960000 297.96689 -2845.4136 1815.0918 2966.5003
3965000 303.92568 -2877.909 1887.4249 3086.2671
3970000 305.62387 -2847.9535 1864.2746 3115.8512
3975000 303.34351 -2817.8362 1835.9463 3087.0522
3980000 299.55336 -2851.1854 1864.6606 3031.5777
3985000 308.81764 -2812.9379 1905.1051 3234.5374
3990000 297.62343 -2868.9185 1856.8066 2980.1033
3995000 302.99609 -2859.817 1849.1224 3053.5875
4000000 302.08269 -2872.3586 1874.3789 3054.0504
4005000 304.92646 -2856.3077 1847.468 3081.3357
4010000 297.66071 -2873.6774 1888.0968 3007.1344
4015000 305.65987 -2828.9143 1928.1581 3199.2568
4020000 302.92545 -2876.3651 1839.3535 3026.3229
4025000 297.80758 -2901.7825 1851.4555 2944.3583
4030000 307.28951 -2908.4047 1897.2099 3110.6776
4035000 291.82 -2925.9594 1917.8405 2906.2511
4040000 298.6691 -2893.2001 1878.1626 2991.2038
4045000 303.65202 -2859.406 1907.6597 3121.3342
4050000 299.30164 -2881.9679 1914.5563 3047.3143
4055000 304.17071 -2858.1645 1895.1286 3117.0021
4060000 299.15297 -2886.3175 1953.0329 3079.4472
4065000 303.78134 -2881.7802 1842.6031 3035.638
4070000 301.97543 -2854.6144 1853.7168 3049.6938
4075000 301.66863 -2860.3049 1873.202 3059.373
4080000 298.27734 -2857.1831 1961.027 3104.8303
4085000 294.92981 -2857.668 1863.266 2961.6819
4090000 304.21811 -2808.7995 1801.6122 3073.4865
4095000 299.1664 -2816.4051 1877.4532 3073.9601
4100000 301.59077 -2783.9791 1856.094 3117.5465
4105000 301.42178 -2787.1142 1887.0903 3143.1409
4110000 299.07937 -2812.3689 1872.0447 3071.4204
4115000 302.38273 -2801.9441 1854.1121 3108.2228
4120000 296.50798 -2757.9932 1855.0236 3074.2832
4125000 304.81966 -2808.2626 1917.1733 3197.6535
4130000 300.88953 -2836.399 1866.9727 3066.599
4135000 308.76674 -2770.8653 1921.534 3292.3561
4140000 299.75492 -2784.9963 1894.3887 3130.1986
4145000 299.36219 -2766.3965 1899.764 3148.9058
4150000 296.14012 -2790.9072 1916.6707 3098.0821
4155000 307.80866 -2775.0395 1952.0243 3305.8209
4160000 308.08198 -2811.4329 1884.2521 3205.3217
4165000 299.72601 -2797.1632 1911.5177 3134.7728
4170000 300.49461 -2814.8515 1876.5185 3092.395
4175000 309.84573 -2828.3275 1930.4056 3258.2389
4180000 299.41917 -2870.2816 1886.5123 3032.5332
4185000 301.36179 -2853.4978 1897.8198 3086.6822
4190000 300.74311 -2834.2091 1842.3605 3042.2128
4195000 297.48705 -2841.9136 1907.8272 3056.2994
4200000 296.3084 -2837.2894 1842.8656 2980.152
4205000 301.05322 -2827.5669 1863.0874 3073.7416
4210000 297.72093 -2843.9514 1859.8624 3009.4339
4215000 299.35863 -2894.4154 1914.7688 3035.8439
4220000 303.12638 -2868.0929 1878.7441 3076.6809
4225000 306.76486 -2853.7497 1953.7357 3214.821
4230000 298.4194 -2881.1961 1931.7926 3053.4884
4235000 301.92345 -2848.7492 1922.8721 3124.017
4240000 298.5533 -2853.929 1875.48 3026.239
4245000 300.84687 -2834.8151 1907.1831 3107.8212
4250000 297.26858 -2813.6073 1944.7181 3118.566
4255000 297.53503 -2839.2375 1854.5771 3006.369
4260000 302.02935 -2847.896 1830.4341 3033.8526
4265000 293.85991 -2882.5567 1845.9684 2905.1443
4270000 303.35065 -2875.1637 1881.5568 3075.4311
4275000 299.81605 -2884.6022 1913.1937 3050.2176
4280000 299.55248 -2870.9759 1881.4537 3028.5685
4285000 298.20103 -2896.1002 1907.5241 3011.3867
4290000 304.02352 -2831.9917 1898.4345 3144.5065
4295000 307.76078 -2859.5934 1891.9111 3160.5117
4300000 296.42033 -2882.0416 1917.9223 3011.9579
4305000 302.29627 -2902.5515 1894.8483 3047.1918
4310000 295.44915 -2902.6504 1848.8961 2909.2958
4315000 299.78352 -2861.5863 1851.2651 3010.8685
4320000 297.71883 -2896.1915 1859.5183 2956.8215
4325000 303.06706 -2888.6973 1842.3473 3018.8841
4330000 289.53594 -2882.5021 1864.5409 2865.7712
4335000 300.27029 -2896.9292 1928.0609 3058.8509
4340000 300.64577 -2936.2328 1896.1251 2992.6481
4345000 298.09243 -2934.8948 1875.1862 2938.7974
4350000 302.16989 -2971.9821 1844.7656 2925.9832
4355000 301.26185 -2921.8887 1903.3597 3022.4906
4360000 302.01658 -2918.2542 1871.2589 3004.148
4365000 297.53529 -2913.1346 1868.2338 2946.1321
4370000 292.86188 -2938.4322 1880.3559 2870.2691
4375000 301.70996 -2946.0793 1888.0927 2989.0438
4380000 299.59882 -2971.5095 1884.6264 2931.8293
4385000 299.40259 -2934.6244 1885.8077 2967.2634
4390000 301.82969 -2958.4052 1896.8016 2987.0327
4395000 298.24852 -2990.5654 1881.7605 2891.7949
4400000 303.94698 -2938.5268 1838.0649 2976.575
4405000 299.68139 -2972.3057 1915.2751 2962.7893
4410000 303.18461 -2995.6945 1882.0355 2953.1518
4415000 297.46943 -2970.0636 1884.6847 2904.7705
4420000 297.45076 -2919.4646 1894.3288 2964.7631
4425000 298.56076 -2916.5694 1874.585 2962.8037
4430000 299.85663 -2921.9873 1923.0662 3023.2493
4435000 297.01632 -2881.2446 1880.3215 2983.1484
4440000 305.53266 -2902.9277 1869.0321 3064.4111
4445000 298.22401 -2849.1331 1872.2146 3023.3526
4450000 307.68703 -2898.271 1846.1766 3075.1103
4455000 293.97375 -2869.6883 1895.3289 2968.9001
4460000 301.9752 -2879.1132 1898.727 3070.2021
4465000 299.66898 -2834.17 1903.3406 3088.8241
4470000 297.94174 -2863.8894 1856.2732 2988.8687
4475000 305.07626 -2854.343 1861.7726 3099.6143
4480000 299.46933 -2845.5735 1890.5595 3061.9614
4485000 305.68348 -2846.6821 1925.8846 3179.5323
4490000 300.877 -2792.9267 1875.2448 3118.1753
4495000 297.1701 -2810.572 1855.6325 3031.1948
4500000 302.48436 -2812.9016 1838.492 3083.0082
4505000 296.89125 -2811.7203 1869.0761 3039.7497
4510000 308.89057 -2800.3654 1866.3283 3209.3114
4515000 297.11946 -2766.2826 1857.0585 3076.2308
4520000 300.2888 -2805.5871 1870.4929 3092.8732
4525000 304.1567 -2803.6405 1889.9643 3166.1739
4530000 296.53821 -2822.031 1883.7626 3039.3899
4535000 296.96384 -2825.5795 1854.6922 3012.4803
4540000 309.11354 -2838.8066 1888.9413 3196.4741
4545000 298.15619 -2823.5845 1917.8556 3093.6324
4550000 297.63035 -2857.5242 1874.8668 3009.6504
4555000 300.32823 -2830.0597 1862.3573 3060.794
4560000 305.01344 -2862.5075 1912.8474 3141.6819
4565000 296.18411 -2804.1888 1881.8985 3050.6183
4570000 299.63586 -2853.7341 1893.1575 3058.6326
4575000 302.4405 -2822.758 1890.0313 3124.1027
4580000 305.05035 -2831.2297 1840.6515 3101.2591
4585000 299.47083 -2809.8684 1877.2461 3084.3732
4590000 299.59575 -2814.1713 1952.6324 3157.1322
4595000 298.76314 -2816.2495 1888.6069 3079.8601
4600000 299.3889 -2764.4997 1883.3643 3134.7612
4605000 297.6119 -2822.2149 1886.5981 3056.4437
4610000 301.04646 -2808.5764 1901.8927 3131.4467
4615000 305.93311 -2820.6159 1846.3497 3129.412
4620000 299.92941 -2835.3924 1897.6481 3085.4024
4625000 296.90779 -2830.0557 1905.0805 3057.6405
4630000 296.0476 -2850.471 1870.6076 2991.2141
4635000 302.51772 -2812.3018 1915.0323 3160.5958
4640000 297.68966 -2833.772 1942.2275 3101.559
4645000 295.32484 -2813.6477 1876.1873 3023.9222
4650000 295.27079 -2788.913 1864.6591 3036.4038
4655000 299.30189 -2776.5254 1917.6691 3155.8732
4660000 296.03841 -2788.6074 1943.2363 3125.5831
4665000 302.39715 -2870.5357 1894.2307 3079.9432
4670000 299.29178 -2862.8951 1947.1478 3098.8464
4675000 302.19426 -2877.3399 1865.302 3041.4886
4680000 298.85667 -2822.6928 1832.9089 3018.9735
4685000 300.90754 -2880.3082 1851.4959 3007.4547
4690000 303.64822 -2843.1945 1848.2722 3078.1072
4695000 303.45263 -2819.5485 1901.8034 3152.6609
4700000 303.85506 -2828.2139 1891.4742 3139.0643
4705000 302.70132 -2834.6547 1868.0168 3093.6902
4710000 296.51605 -2824.0672 1937.5408 3090.8347
4715000 307.00173 -2838.0868 1855.3478 3135.2733
4720000 306.64639 -2816.3459 1871.2329 3168.1328
4725000 300.64799 -2833.313 1897.9999 3097.4724
4730000 304.09541 -2817.6724 1845.6764 3107.032
4735000 305.34219 -2803.7429 1962.7053 3254.7142
4740000 300.64227 -2805.7658 1900.1783 3127.1213
4745000 301.5847 -2777.3922 1868.6897 3136.6476
4750000 302.28131 -2806.7371 1936.6172 3184.5743
4755000 300.79012 -2819.5382 1933.8763 3149.03
4760000 299.40429 -2817.9356 1845.4859 3043.6532
4765000 294.85467 -2853.2188 1881.3411 2983.1982
4770000 303.49658 -2844.059 1864.8851 3091.8216
4775000 301.38578 -2843.3089 1894.2624 3093.6355
4780000 305.42157 -2847.9613 1939.6338 3188.4891
4785000 300.00368 -2865.7443 1919.39 3077.7887
4790000 305.14017 -2888.2678 1835.3392 3040.1135
4795000 296.28383 -2865.6312 1851.2128 2959.8278
4800000 301.37301 -2897.8802 1931.665 3076.2954
4805000 303.37269 -2870.1078 1899.4418 3098.6676
4810000 298.34749 -2874.2877 1883.9819 3011.6215
4815000 301.46157 -2877.1167 1940.9319 3107.5138
4820000 301.06122 -2880.1427 1908.9105 3067.0963
4825000 307.27535 -2915.7704 1823.5004 3029.4124
4830000 298.45737 -2918.3998 1878.5044 2963.5059
4835000 299.21958 -2904.9249 1869.305 2978.0054
4840000 300.61505 -2909.8199 1873.4088 2995.9325
4845000 297.64494 -2894.4267 1912.6238 3010.7007
4850000 307.15003 -2860.8672 1877.536 3136.6703
4855000 299.24968 -2884.9214 1864.631 2993.7385
4860000 296.00435 -2885.2811 1844.0029 2929.2192
4865000 298.80491 -2883.3069 1888.3844 3013.1405
4870000 302.53836 -2864.6636 1896.7718 3090.2503
4875000 299.99404 -2909.563 1900.7761 3015.2268
4880000 300.99178 -2835.5807 1854.4142 3056.2304
4885000 300.52009 -2882.146 1906.891 3055.8148
4890000 302.23811 -2855.9185 1885.9944 3084.1907
4895000 301.2445 -2829.6214 1909.7351 3120.9005
4900000 302.8315 -2884.8458 1872.656 3049.8845
4905000 301.22666 -2844.5498 1912.3749 3108.3725
4910000 292.90157 -2854.8842 1941.9057 3015.8992
4915000 305.70978 -2881.9975 1824.2733 3042.9584
4920000 305.60252 -2855.2618 1904.6238 3148.6057
4925000 302.98747 -2847.9279 1903.1278 3119.3664
4930000 302.10185 -2832.5331 1875.0755 3094.8295
4935000 302.84333 -2846.9754 1866.1309 3081.3885
4940000 297.78151 -2818.7828 1947.1933 3122.7461
4945000 297.15963 -2857.7332 1875.7676 3004.0282
4950000 295.54107 -2788.25 1863.9193 3039.9524
4955000 298.57841 -2826.8192 1863.8535 3042.0591
4960000 297.58768 -2815.5772 1911.9626 3088.121
4965000 303.77604 -2762.2471 1908.0894 3220.5864
4970000 295.94346 -2796.176 1869.4271 3042.9317
4975000 296.50097 -2792.8849 1909.3084 3093.5823
4980000 302.29923 -2781.1065 1843.3884 3117.2164
4985000 302.30131 -2796.2515 1872.2149 3130.9259
4990000 300.86863 -2827.9804 1840.0717 3047.8362
4995000 294.45654 -2796.3978 1861.5427 3014.8805
5000000 297.45812 -2852.0372 1850.1373 2988.0979
5005000 301.00074 -2863.1111 1910.4912 3084.8972
5010000 304.78446 -2868.2122 1923.3965 3143.4549
