timestep c_coords2
10000 41
15000 66
20000 96
25000 117
30000 130
35000 149
40000 170
45000 185
50000 197
55000 210
60000 223
65000 236
70000 250
75000 260
80000 267
85000 276
90000 286
95000 293
100000 302
105000 307
110000 311
115000 314
120000 319
125000 321
130000 321
135000 324
140000 327
145000 328
150000 332
155000 335
160000 340
165000 342
170000 342
175000 346
180000 348
185000 345
190000 350
195000 350
200000 357
205000 356
210000 358
215000 366
220000 356
225000 352
230000 354
235000 351
240000 353
245000 358
250000 357
255000 357
260000 354
265000 353
270000 356
275000 364
280000 360
285000 359
290000 360
295000 362
300000 357
305000 365
310000 364
315000 362
320000 365
325000 362
330000 360
335000 357
340000 358
345000 358
350000 358
355000 352
360000 354
365000 358
370000 356
375000 359
380000 363
385000 363
390000 365
395000 360
400000 364
405000 364
410000 359
415000 361
420000 359
425000 358
430000 363
435000 366
440000 365
445000 359
450000 364
455000 368
460000 365
465000 361
470000 361
475000 366
480000 366
485000 353
490000 363
495000 371
500000 363
505000 359
510000 365
515000 358
520000 367
525000 366
530000 360
535000 361
540000 358
545000 360
550000 363
555000 366
560000 362
565000 364
570000 361
575000 364
580000 368
585000 364
590000 362
595000 364
600000 361
605000 360
610000 361
615000 363
620000 367
625000 366
630000 364
635000 365
640000 363
645000 364
650000 367
655000 368
660000 371
665000 370
670000 367
675000 367
680000 371
685000 364
690000 363
695000 368
700000 364
705000 370
710000 364
715000 366
720000 367
725000 364
730000 359
735000 361
740000 364
745000 363
750000 361
755000 364
760000 362
765000 359
770000 360
775000 360
780000 365
785000 362
790000 358
795000 358
800000 362
805000 360
810000 362
815000 364
820000 368
825000 368
830000 367
835000 367
840000 362
845000 358
850000 357
855000 357
860000 353
865000 359
870000 362
875000 362
880000 366
885000 369
890000 366
895000 367
900000 366
905000 359
910000 366
915000 364
920000 363
925000 368
930000 363
935000 364
940000 367
945000 362
950000 368
955000 364
960000 363
965000 363
970000 367
975000 365
980000 366
985000 359
990000 362
995000 366
1000000 366
1005000 369
1010000 361
1015000 361
1020000 365
1025000 359
1030000 361
1035000 361
1040000 367
1045000 367
1050000 364
1055000 365
1060000 367
1065000 370
1070000 361
1075000 369
1080000 365
1085000 365
1090000 367
1095000 367
1100000 365
1105000 365
1110000 363
1115000 361
1120000 362
1125000 361
1130000 366
1135000 363
1140000 360
1145000 359
1150000 358
1155000 361
1160000 363
1165000 364
1170000 364
1175000 361
1180000 366
1185000 362
1190000 363
1195000 368
1200000 369
1205000 369
1210000 363
1215000 367
1220000 366
1225000 371
1230000 371
1235000 369
1240000 367
1245000 367
1250000 366
1255000 363
1260000 360
1265000 362
1270000 357
1275000 358
1280000 356
1285000 358
1290000 362
1295000 367
1300000 368
1305000 362
1310000 370
1315000 371
1320000 363
1325000 361
1330000 363
1335000 360
1340000 361
1345000 358
1350000 362
1355000 360
1360000 366
1365000 366
1370000 366
1375000 367
1380000 361
1385000 359
1390000 363
1395000 366
1400000 365
1405000 359
1410000 363
1415000 360
1420000 366
1425000 366
1430000 361
1435000 358
1440000 358
1445000 358
1450000 360
1455000 365
1460000 361
1465000 365
1470000 364
1475000 363
1480000 363
1485000 365
1490000 362
1495000 357
1500000 364
1505000 364
1510000 371
1515000 363
1520000 363
1525000 361
1530000 360
1535000 359
1540000 353
1545000 355
1550000 356
1555000 358
1560000 365
1565000 364
1570000 363
1575000 363
1580000 365
1585000 359
1590000 358
1595000 364
1600000 365
1605000 367
1610000 371
1615000 366
1620000 363
1625000 366
1630000 365
1635000 365
1640000 368
1645000 366
1650000 362
1655000 358
1660000 358
1665000 358
1670000 356
1675000 356
1680000 364
1685000 364
1690000 364
1695000 365
1700000 364
1705000 363
1710000 355
1715000 358
1720000 357
1725000 360
1730000 358
1735000 358
1740000 362
1745000 366
1750000 366
1755000 366
1760000 370
1765000 368
1770000 364
1775000 361
1780000 362
1785000 360
1790000 360
1795000 361
1800000 367
1805000 366
1810000 369
1815000 363
1820000 367
1825000 367
1830000 364
1835000 359
1840000 368
1845000 366
1850000 359
1855000 361
1860000 366
1865000 368
1870000 366
1875000 367
1880000 365
1885000 366
1890000 366
1895000 364
1900000 365
1905000 359
1910000 363
1915000 358
1920000 367
1925000 364
1930000 364
1935000 367
1940000 371
1945000 369
1950000 369
1955000 367
1960000 366
1965000 372
1970000 369
1975000 365
1980000 369
1985000 364
1990000 369
1995000 360
2000000 362
2005000 366
2010000 365
2015000 362
2020000 367
2025000 363
2030000 360
2035000 364
2040000 366
2045000 363
2050000 364
2055000 371
2060000 358
2065000 361
2070000 359
2075000 362
2080000 361
2085000 361
2090000 359
2095000 365
2100000 363
2105000 360
2110000 360
2115000 366
2120000 371
2125000 367
2130000 363
2135000 367
2140000 376
2145000 364
2150000 365
2155000 363
2160000 368
2165000 362
2170000 366
2175000 365
2180000 362
2185000 365
2190000 364
2195000 366
2200000 367
2205000 368
2210000 365
2215000 369
2220000 370
2225000 366
2230000 361
2235000 371
2240000 366
2245000 364
2250000 370
2255000 370
2260000 369
2265000 368
2270000 371
2275000 366
2280000 357
2285000 361
2290000 359
2295000 358
2300000 359
2305000 360
2310000 363
2315000 359
2320000 359
2325000 364
2330000 367
2335000 364
2340000 364
2345000 367
2350000 366
2355000 363
2360000 369
2365000 365
2370000 361
2375000 370
2380000 367
2385000 365
2390000 363
2395000 361
2400000 369
2405000 363
2410000 360
2415000 354
2420000 363
2425000 362
2430000 362
2435000 365
2440000 365
2445000 361
2450000 363
2455000 361
2460000 362
2465000 368
2470000 361
2475000 365
2480000 362
2485000 359
2490000 365
2495000 363
2500000 358
2505000 363
2510000 367
2515000 367
2520000 364
2525000 356
2530000 362
2535000 366
2540000 363
2545000 361
2550000 362
2555000 357
2560000 363
2565000 363
2570000 365
2575000 362
2580000 367
2585000 366
2590000 364
2595000 363
2600000 360
2605000 361
2610000 365
2615000 361
2620000 361
2625000 362
2630000 364
2635000 364
2640000 356
2645000 362
2650000 368
2655000 362
2660000 363
2665000 359
2670000 358
2675000 358
2680000 363
2685000 364
2690000 357
2695000 365
2700000 362
2705000 364
2710000 367
2715000 364
2720000 366
2725000 363
2730000 365
2735000 364
2740000 365
2745000 359
2750000 365
2755000 368
2760000 362
2765000 356
2770000 362
2775000 358
2780000 358
2785000 358
2790000 356
2795000 358
2800000 362
2805000 359
2810000 363
2815000 365
2820000 365
2825000 358
2830000 361
2835000 364
2840000 366
2845000 365
2850000 366
2855000 361
2860000 364
2865000 360
2870000 364
2875000 365
2880000 363
2885000 360
2890000 362
2895000 361
2900000 363
2905000 365
2910000 361
2915000 362
2920000 364
2925000 366
2930000 361
2935000 361
2940000 367
2945000 368
2950000 362
2955000 360
2960000 365
2965000 369
2970000 364
2975000 360
2980000 361
2985000 366
2990000 363
2995000 367
3000000 367
3005000 367
3010000 368
3015000 366
3020000 364
3025000 368
3030000 363
3035000 362
3040000 366
3045000 364
3050000 365
3055000 359
3060000 366
3065000 367
3070000 371
3075000 361
3080000 370
3085000 368
3090000 369
3095000 366
3100000 364
3105000 358
3110000 365
3115000 368
3120000 368
3125000 365
3130000 360
3135000 360
3140000 360
3145000 357
3150000 354
3155000 359
3160000 365
3165000 370
3170000 365
3175000 361
3180000 364
3185000 362
3190000 364
3195000 367
3200000 367
3205000 365
3210000 362
3215000 359
3220000 360
3225000 359
3230000 355
3235000 360
3240000 363
3245000 366
3250000 366
3255000 364
3260000 368
3265000 368
3270000 365
3275000 368
3280000 362
3285000 362
3290000 365
3295000 364
3300000 366
3305000 361
3310000 361
3315000 364
3320000 362
3325000 356
3330000 357
3335000 363
3340000 365
3345000 365
3350000 368
3355000 366
3360000 360
3365000 365
3370000 362
3375000 365
3380000 365
3385000 361
3390000 368
3395000 365
3400000 366
3405000 366
3410000 368
3415000 366
3420000 365
3425000 363
3430000 367
3435000 362
3440000 365
3445000 363
3450000 363
3455000 363
3460000 364
3465000 364
3470000 365
3475000 364
3480000 360
3485000 360
3490000 359
3495000 363
3500000 364
3505000 363
3510000 359
3515000 359
3520000 361
3525000 369
3530000 367
3535000 368
3540000 367
3545000 367
3550000 362
3555000 357
3560000 361
3565000 364
3570000 363
3575000 368
3580000 366
3585000 368
3590000 366
3595000 372
3600000 368
3605000 369
3610000 366
3615000 361
3620000 363
3625000 364
3630000 364
3635000 360
3640000 361
3645000 366
3650000 367
3655000 364
3660000 361
3665000 366
3670000 372
3675000 365
3680000 366
3685000 365
3690000 365
3695000 366
3700000 366
3705000 366
3710000 368
3715000 365
3720000 364
3725000 362
3730000 366
3735000 370
3740000 366
3745000 363
3750000 359
3755000 365
3760000 366
3765000 365
3770000 371
3775000 361
3780000 359
3785000 363
3790000 362
3795000 363
3800000 363
3805000 369
3810000 360
3815000 363
3820000 361
3825000 357
3830000 362
3835000 363
3840000 368
3845000 368
3850000 366
3855000 365
3860000 363
3865000 358
3870000 359
3875000 359
3880000 362
3885000 365
3890000 361
3895000 361
3900000 364
3905000 370
3910000 363
3915000 362
3920000 362
3925000 369
3930000 365
3935000 362
3940000 361
3945000 369
3950000 367
3955000 361
3960000 361
3965000 360
3970000 358
3975000 360
3980000 364
3985000 367
3990000 365
3995000 372
4000000 366
4005000 362
4010000 365
4015000 365
4020000 362
4025000 358
4030000 361
4035000 363
4040000 360
4045000 361
4050000 367
4055000 366
4060000 359
4065000 364
4070000 367
4075000 373
4080000 367
4085000 365
4090000 362
4095000 360
4100000 362
4105000 368
4110000 368
4115000 365
4120000 360
4125000 359
4130000 366
4135000 368
4140000 361
4145000 365
4150000 367
4155000 371
4160000 366
4165000 368
4170000 360
4175000 365
4180000 361
4185000 364
4190000 374
4195000 368
4200000 370
4205000 362
4210000 367
4215000 359
4220000 361
4225000 357
4230000 355
4235000 356
4240000 359
4245000 358
4250000 363
4255000 368
4260000 366
4265000 369
4270000 366
4275000 360
4280000 361
4285000 365
4290000 362
4295000 361
4300000 362
4305000 359
4310000 365
4315000 367
4320000 368
4325000 368
4330000 359
4335000 367
4340000 366
4345000 365
4350000 365
4355000 362
4360000 363
4365000 367
4370000 371
4375000 371
4380000 365
4385000 359
4390000 365
4395000 366
4400000 365
4405000 367
4410000 366
4415000 364
4420000 363
4425000 358
4430000 362
4435000 361
4440000 366
4445000 367
4450000 363
4455000 365
4460000 369
4465000 368
4470000 366
4475000 369
4480000 365
4485000 362
4490000 364
4495000 365
4500000 365
4505000 363
4510000 364
4515000 360
4520000 366
4525000 364
4530000 365
4535000 366
4540000 366
4545000 368
4550000 370
4555000 369
4560000 371
4565000 366
4570000 367
4575000 372
4580000 361
4585000 358
4590000 366
4595000 371
4600000 372
4605000 365
4610000 362
4615000 358
4620000 358
4625000 359
4630000 362
4635000 360
4640000 360
4645000 360
4650000 362
4655000 366
4660000 363
4665000 359
4670000 355
4675000 357
4680000 361
4685000 369
4690000 367
4695000 362
4700000 362
4705000 363
4710000 364
4715000 368
4720000 364
4725000 366
4730000 364
4735000 368
4740000 369
4745000 365
4750000 362
4755000 365
4760000 367
4765000 363
4770000 368
4775000 366
4780000 370
4785000 365
4790000 363
4795000 360
4800000 363
4805000 364
4810000 365
4815000 366
4820000 370
4825000 361
4830000 358
4835000 360
4840000 362
4845000 359
4850000 360
4855000 356
4860000 359
4865000 362
4870000 363
4875000 370
4880000 360
4885000 364
4890000 361
4895000 357
4900000 365
4905000 372
4910000 360
4915000 360
4920000 358
4925000 357
4930000 355
4935000 367
4940000 367
4945000 366
4950000 367
4955000 363
4960000 359
4965000 363
4970000 365
4975000 365
4980000 361
4985000 358
4990000 360
4995000 363
5000000 367
5005000 366
5010000 369
