approx eq2 point is 760000 which is at step 150
Average PE: -5593.979282843713
Average Coordination Number: 8.898942420681552

std=2.7523912701030615
distribution: [10  7  8 12 11 10  6  9 14 11  9 12 13 14 11 11  9  7  7  9  9 11  9  6
  7 12 11 11 15  9 10 10 10 13  6  6 10 13 14 10  5  9 10  9 11  5 10 11
 10 17  9  9 11  7  6  9 13 14 10  7  7 13  1  9 10  7  8  7 12 12 10 12
 10  8 11 11  7  4  5  8  5  7 10  7 14  4  7 12 13 11  7 12  7  7  9 13
 14 10 10  9 11  7  6  4  5  8 11 15 12  5 10 13 10  9 11  8  8  5  9  6
 14  8  9 10  7  7 12  9 11  9 10  9 13 12 10  4  6  5  8 13  9 10  9  4
  9 14  3  3  7  7 11  9  8  8  6  9  7 11  7 11  8 12  7  8  8  5  4 10
  6 10 11 11  8 11  8 11  8  8  7  6  8  9  9  6 10 11 13  9  5  6  9 10
  6  9  6  4  7  9  7  5  6  9 10 11  8  5  9 10 15 10 13  6  7 13  8  6
 14 12  8  7  9 12  8 11 10  7  8 11 11  7  8  5 12  7  8  8 12 11  9  9
  7 12 11 11 14 11 13  8 11 12  9 11 14  9  5 12 10 13  9 15  5  8  6 10
 11 12  7  5  8  9  5  7 10  8  6 10 20 11  6  7 12  7 13 11  8 13  7  4
 10 12  7  8 13 10  6 10 12 11 12 13  7 11 15 11  4 10  7  7  8  6 10  5
  6  7  8  5  9 10 10  7 13  6  7 14  9  9  9  8  9  9 10  6 11  8 11 14
  8  9  8  8  4  9  6  9  9  7 12  8  6  8 14 10  9  5  9 11  9  9 11  7
 10  6  9  8 14 12  6  9 11  7 11  8  7 11  7 12  5  8 15  7  8  6  6  6
  8 10  7  9  7 13 13  8  8  8  9 11 13  9 11 14  5  6  8  8 11  9  9  9
 12  9 10  8 10  6  6  7 11  6  8  3 10  7  9 14  8  7  7  5  9 11  9  8
  6 10  5  3  7 11  9  8  7 10 10  7  8  8  8 13  9  8 11  9  8 12  5  5
 10 10 10  6 10  8 12  4 10  7  5 10  7  5 11 12 14  8  4  8  7  5  7  9
  9 11 10  8 10  8 10 11  8  7  9  9 10  9  4 10  9 14  9  7 12  8  7 12
  5  6 10 11 10  6  4 12  8  4  6 12 11  7 12  9  4  9  8  6  7  5 10  7
  9  6 12  7  8  4 10  6  7 10 10  6 10  7  8 10  6  4  5  6  8 11  7  6
  5 10 13  8 10 11  8  6  4  8  9 14 11 11 10  7 10 15 12  9 11  7  8  6
  5 10 11 10  8 10 11 12  9  4  8  8  8  8 12  9  4  9 11 14 10  7  4 15
  8  9 16  5  7 10  9 12 13 16 10 12 13  6  7  8  7 10 11 10  7  3  8  5
 11 15  8  6  8 10  4  8  9 15 12  6 10 10  9 10  9 13  7  7 12 12  6 11
  7  7  7  9  7  7 11 10  5 10 15 11  6 11 10 15  9 11  8  7 11 14 10 11
  9  6 10 11  9  8 10 10  5 12  5 11  8 13 18 12 17  6 11  7 12 10  6  6
  8  7  9 14  6 11  6  7 11 12 10  7  8  7 10  8 11  9  4 11 10 10 10  4
  6  7 10 11  9  1  6 10  8 12  9 10  8  5 10  9 10 10  6  9 11  9  7 10
 10  5  7 11  8  7  8  3 13  9  9  9 12 11 13 10  8  7 12 15  9  5 15 16
 12  8  9  5  5 10 10  6  5  6  8 11  9  9  2  7  7 13  8  9  9  8 12  7
  7  8  4 14 11 10  5  6  9  7  9  7 11 11 12  5  2  4  3  7 10  7  7  9
  6  4 10  7  6  9  5 15  7  9  8  4  6 18  7  8  6  7  5 14 10  6  9  8
  7  9 10  9  7  8 10  9 11 11 13][ 760000  765000  770000  775000  780000  785000  790000  795000  800000
  805000  810000  815000  820000  825000  830000  835000  840000  845000
  850000  855000  860000  865000  870000  875000  880000  885000  890000
  895000  900000  905000  910000  915000  920000  925000  930000  935000
  940000  945000  950000  955000  960000  965000  970000  975000  980000
  985000  990000  995000 1000000 1005000 1010000 1015000 1020000 1025000
 1030000 1035000 1040000 1045000 1050000 1055000 1060000 1065000 1070000
 1075000 1080000 1085000 1090000 1095000 1100000 1105000 1110000 1115000
 1120000 1125000 1130000 1135000 1140000 1145000 1150000 1155000 1160000
 1165000 1170000 1175000 1180000 1185000 1190000 1195000 1200000 1205000
 1210000 1215000 1220000 1225000 1230000 1235000 1240000 1245000 1250000
 1255000 1260000 1265000 1270000 1275000 1280000 1285000 1290000 1295000
 1300000 1305000 1310000 1315000 1320000 1325000 1330000 1335000 1340000
 1345000 1350000 1355000 1360000 1365000 1370000 1375000 1380000 1385000
 1390000 1395000 1400000 1405000 1410000 1415000 1420000 1425000 1430000
 1435000 1440000 1445000 1450000 1455000 1460000 1465000 1470000 1475000
 1480000 1485000 1490000 1495000 1500000 1505000 1510000 1515000 1520000
 1525000 1530000 1535000 1540000 1545000 1550000 1555000 1560000 1565000
 1570000 1575000 1580000 1585000 1590000 1595000 1600000 1605000 1610000
 1615000 1620000 1625000 1630000 1635000 1640000 1645000 1650000 1655000
 1660000 1665000 1670000 1675000 1680000 1685000 1690000 1695000 1700000
 1705000 1710000 1715000 1720000 1725000 1730000 1735000 1740000 1745000
 1750000 1755000 1760000 1765000 1770000 1775000 1780000 1785000 1790000
 1795000 1800000 1805000 1810000 1815000 1820000 1825000 1830000 1835000
 1840000 1845000 1850000 1855000 1860000 1865000 1870000 1875000 1880000
 1885000 1890000 1895000 1900000 1905000 1910000 1915000 1920000 1925000
 1930000 1935000 1940000 1945000 1950000 1955000 1960000 1965000 1970000
 1975000 1980000 1985000 1990000 1995000 2000000 2005000 2010000 2015000
 2020000 2025000 2030000 2035000 2040000 2045000 2050000 2055000 2060000
 2065000 2070000 2075000 2080000 2085000 2090000 2095000 2100000 2105000
 2110000 2115000 2120000 2125000 2130000 2135000 2140000 2145000 2150000
 2155000 2160000 2165000 2170000 2175000 2180000 2185000 2190000 2195000
 2200000 2205000 2210000 2215000 2220000 2225000 2230000 2235000 2240000
 2245000 2250000 2255000 2260000 2265000 2270000 2275000 2280000 2285000
 2290000 2295000 2300000 2305000 2310000 2315000 2320000 2325000 2330000
 2335000 2340000 2345000 2350000 2355000 2360000 2365000 2370000 2375000
 2380000 2385000 2390000 2395000 2400000 2405000 2410000 2415000 2420000
 2425000 2430000 2435000 2440000 2445000 2450000 2455000 2460000 2465000
 2470000 2475000 2480000 2485000 2490000 2495000 2500000 2505000 2510000
 2515000 2520000 2525000 2530000 2535000 2540000 2545000 2550000 2555000
 2560000 2565000 2570000 2575000 2580000 2585000 2590000 2595000 2600000
 2605000 2610000 2615000 2620000 2625000 2630000 2635000 2640000 2645000
 2650000 2655000 2660000 2665000 2670000 2675000 2680000 2685000 2690000
 2695000 2700000 2705000 2710000 2715000 2720000 2725000 2730000 2735000
 2740000 2745000 2750000 2755000 2760000 2765000 2770000 2775000 2780000
 2785000 2790000 2795000 2800000 2805000 2810000 2815000 2820000 2825000
 2830000 2835000 2840000 2845000 2850000 2855000 2860000 2865000 2870000
 2875000 2880000 2885000 2890000 2895000 2900000 2905000 2910000 2915000
 2920000 2925000 2930000 2935000 2940000 2945000 2950000 2955000 2960000
 2965000 2970000 2975000 2980000 2985000 2990000 2995000 3000000 3005000
 3010000 3015000 3020000 3025000 3030000 3035000 3040000 3045000 3050000
 3055000 3060000 3065000 3070000 3075000 3080000 3085000 3090000 3095000
 3100000 3105000 3110000 3115000 3120000 3125000 3130000 3135000 3140000
 3145000 3150000 3155000 3160000 3165000 3170000 3175000 3180000 3185000
 3190000 3195000 3200000 3205000 3210000 3215000 3220000 3225000 3230000
 3235000 3240000 3245000 3250000 3255000 3260000 3265000 3270000 3275000
 3280000 3285000 3290000 3295000 3300000 3305000 3310000 3315000 3320000
 3325000 3330000 3335000 3340000 3345000 3350000 3355000 3360000 3365000
 3370000 3375000 3380000 3385000 3390000 3395000 3400000 3405000 3410000
 3415000 3420000 3425000 3430000 3435000 3440000 3445000 3450000 3455000
 3460000 3465000 3470000 3475000 3480000 3485000 3490000 3495000 3500000
 3505000 3510000 3515000 3520000 3525000 3530000 3535000 3540000 3545000
 3550000 3555000 3560000 3565000 3570000 3575000 3580000 3585000 3590000
 3595000 3600000 3605000 3610000 3615000 3620000 3625000 3630000 3635000
 3640000 3645000 3650000 3655000 3660000 3665000 3670000 3675000 3680000
 3685000 3690000 3695000 3700000 3705000 3710000 3715000 3720000 3725000
 3730000 3735000 3740000 3745000 3750000 3755000 3760000 3765000 3770000
 3775000 3780000 3785000 3790000 3795000 3800000 3805000 3810000 3815000
 3820000 3825000 3830000 3835000 3840000 3845000 3850000 3855000 3860000
 3865000 3870000 3875000 3880000 3885000 3890000 3895000 3900000 3905000
 3910000 3915000 3920000 3925000 3930000 3935000 3940000 3945000 3950000
 3955000 3960000 3965000 3970000 3975000 3980000 3985000 3990000 3995000
 4000000 4005000 4010000 4015000 4020000 4025000 4030000 4035000 4040000
 4045000 4050000 4055000 4060000 4065000 4070000 4075000 4080000 4085000
 4090000 4095000 4100000 4105000 4110000 4115000 4120000 4125000 4130000
 4135000 4140000 4145000 4150000 4155000 4160000 4165000 4170000 4175000
 4180000 4185000 4190000 4195000 4200000 4205000 4210000 4215000 4220000
 4225000 4230000 4235000 4240000 4245000 4250000 4255000 4260000 4265000
 4270000 4275000 4280000 4285000 4290000 4295000 4300000 4305000 4310000
 4315000 4320000 4325000 4330000 4335000 4340000 4345000 4350000 4355000
 4360000 4365000 4370000 4375000 4380000 4385000 4390000 4395000 4400000
 4405000 4410000 4415000 4420000 4425000 4430000 4435000 4440000 4445000
 4450000 4455000 4460000 4465000 4470000 4475000 4480000 4485000 4490000
 4495000 4500000 4505000 4510000 4515000 4520000 4525000 4530000 4535000
 4540000 4545000 4550000 4555000 4560000 4565000 4570000 4575000 4580000
 4585000 4590000 4595000 4600000 4605000 4610000 4615000 4620000 4625000
 4630000 4635000 4640000 4645000 4650000 4655000 4660000 4665000 4670000
 4675000 4680000 4685000 4690000 4695000 4700000 4705000 4710000 4715000
 4720000 4725000 4730000 4735000 4740000 4745000 4750000 4755000 4760000
 4765000 4770000 4775000 4780000 4785000 4790000 4795000 4800000 4805000
 4810000 4815000 4820000 4825000 4830000 4835000 4840000 4845000 4850000
 4855000 4860000 4865000 4870000 4875000 4880000 4885000 4890000 4895000
 4900000 4905000 4910000 4915000 4920000 4925000 4930000 4935000 4940000
 4945000 4950000 4955000 4960000 4965000 4970000 4975000 4980000 4985000
 4990000 4995000 5000000 5005000 5010000]