timestep c_coords
10000 44
15000 64
20000 79
25000 92
30000 106
35000 120
40000 135
45000 143
50000 151
55000 161
60000 168
65000 174
70000 179
75000 180
80000 182
85000 181
90000 183
95000 182
100000 183
105000 186
110000 186
115000 192
120000 198
125000 203
130000 206
135000 208
140000 208
145000 208
150000 209
155000 208
160000 207
165000 202
170000 209
175000 204
180000 209
185000 209
190000 208
195000 208
200000 207
205000 209
210000 208
215000 206
220000 205
225000 207
230000 205
235000 205
240000 209
245000 214
250000 211
255000 210
260000 212
265000 209
270000 206
275000 205
280000 203
285000 209
290000 212
295000 210
300000 210
305000 204
310000 203
315000 202
320000 203
325000 202
330000 202
335000 204
340000 206
345000 208
350000 206
355000 201
360000 196
365000 201
370000 202
375000 205
380000 206
385000 206
390000 206
395000 203
400000 209
405000 210
410000 206
415000 205
420000 196
425000 199
430000 197
435000 198
440000 195
445000 200
450000 198
455000 197
460000 201
465000 204
470000 204
475000 209
480000 213
485000 217
490000 212
495000 214
500000 210
505000 211
510000 214
515000 217
520000 212
525000 212
530000 207
535000 201
540000 201
545000 200
550000 202
555000 205
560000 203
565000 206
570000 206
575000 205
580000 207
585000 209
590000 201
595000 200
600000 194
605000 201
610000 201
615000 201
620000 193
625000 195
630000 199
635000 196
640000 201
645000 200
650000 197
655000 200
660000 200
665000 208
670000 207
675000 204
680000 209
685000 207
690000 209
695000 213
700000 213
705000 213
710000 210
715000 211
720000 210
725000 217
730000 215
735000 211
740000 211
745000 211
750000 211
755000 209
760000 212
765000 211
770000 212
775000 211
780000 213
785000 214
790000 211
795000 207
800000 205
805000 203
810000 204
815000 205
820000 209
825000 212
830000 208
835000 205
840000 202
845000 207
850000 209
855000 213
860000 213
865000 215
870000 211
875000 215
880000 213
885000 210
890000 210
895000 209
900000 212
905000 210
910000 210
915000 212
920000 210
925000 208
930000 211
935000 213
940000 211
945000 211
950000 216
955000 214
960000 216
965000 213
970000 216
975000 215
980000 212
985000 212
990000 213
995000 214
1000000 208
1005000 211
1010000 210
1015000 206
1020000 205
1025000 205
1030000 201
1035000 200
1040000 204
1045000 199
1050000 195
1055000 195
1060000 191
1065000 192
1070000 195
1075000 196
1080000 200
1085000 204
1090000 202
1095000 202
1100000 201
1105000 205
1110000 209
1115000 208
1120000 213
1125000 212
1130000 207
1135000 212
1140000 215
1145000 212
1150000 210
1155000 213
1160000 213
1165000 211
1170000 208
1175000 212
1180000 210
1185000 211
1190000 209
1195000 211
1200000 210
1205000 212
1210000 212
1215000 217
1220000 212
1225000 206
1230000 208
1235000 204
1240000 205
1245000 205
1250000 204
1255000 202
1260000 202
1265000 202
1270000 204
1275000 202
1280000 203
1285000 206
1290000 206
1295000 201
1300000 202
1305000 204
1310000 200
1315000 207
1320000 204
1325000 202
1330000 206
1335000 210
1340000 201
1345000 200
1350000 195
1355000 199
1360000 204
1365000 203
1370000 205
1375000 204
1380000 200
1385000 203
1390000 202
1395000 202
1400000 198
1405000 203
1410000 202
1415000 200
1420000 202
1425000 199
1430000 195
1435000 197
1440000 194
1445000 194
1450000 195
1455000 195
1460000 196
1465000 201
1470000 203
1475000 208
1480000 213
1485000 209
1490000 208
1495000 212
1500000 205
1505000 201
1510000 204
1515000 202
1520000 200
1525000 198
1530000 201
1535000 197
1540000 199
1545000 198
1550000 196
1555000 197
1560000 203
1565000 206
1570000 198
1575000 195
1580000 205
1585000 205
1590000 206
1595000 212
1600000 213
1605000 212
1610000 211
1615000 213
1620000 207
1625000 208
1630000 206
1635000 208
1640000 208
1645000 206
1650000 204
1655000 197
1660000 197
1665000 202
1670000 205
1675000 206
1680000 204
1685000 208
1690000 203
1695000 200
1700000 203
1705000 204
1710000 207
1715000 203
1720000 200
1725000 203
1730000 206
1735000 210
1740000 208
1745000 215
1750000 210
1755000 206
1760000 213
1765000 212
1770000 204
1775000 203
1780000 205
1785000 209
1790000 206
1795000 206
1800000 208
1805000 207
1810000 202
1815000 205
1820000 203
1825000 207
1830000 206
1835000 206
1840000 210
1845000 211
1850000 210
1855000 207
1860000 206
1865000 202
1870000 205
1875000 206
1880000 204
1885000 204
1890000 205
1895000 210
1900000 207
1905000 211
1910000 209
1915000 212
1920000 208
1925000 208
1930000 209
1935000 203
1940000 201
1945000 198
1950000 200
1955000 202
1960000 198
1965000 197
1970000 199
1975000 201
1980000 201
1985000 203
1990000 201
1995000 201
2000000 208
2005000 203
2010000 205
2015000 204
2020000 205
2025000 203
2030000 211
2035000 211
2040000 214
2045000 213
2050000 210
2055000 211
2060000 203
2065000 202
2070000 207
2075000 208
2080000 203
2085000 205
2090000 202
2095000 201
2100000 200
2105000 201
2110000 198
2115000 202
2120000 197
2125000 198
2130000 205
2135000 204
2140000 203
2145000 204
2150000 203
2155000 204
2160000 206
2165000 204
2170000 201
2175000 201
2180000 204
2185000 203
2190000 202
2195000 202
2200000 200
2205000 199
2210000 196
2215000 200
2220000 204
2225000 206
2230000 202
2235000 204
2240000 205
2245000 206
2250000 205
2255000 198
2260000 195
2265000 197
2270000 196
2275000 192
2280000 188
2285000 191
2290000 199
2295000 198
2300000 205
2305000 204
2310000 207
2315000 202
2320000 206
2325000 205
2330000 204
2335000 203
2340000 209
2345000 209
2350000 208
2355000 209
2360000 208
2365000 208
2370000 205
2375000 210
2380000 213
2385000 215
2390000 214
2395000 213
2400000 216
2405000 216
2410000 215
2415000 211
2420000 205
2425000 207
2430000 205
2435000 207
2440000 207
2445000 209
2450000 204
2455000 208
2460000 206
2465000 202
2470000 198
2475000 201
2480000 201
2485000 202
2490000 202
2495000 201
2500000 200
2505000 205
2510000 205
2515000 201
2520000 197
2525000 198
2530000 195
2535000 197
2540000 195
2545000 191
2550000 197
2555000 198
2560000 203
2565000 194
2570000 199
2575000 206
2580000 208
2585000 213
2590000 211
2595000 211
2600000 211
2605000 211
2610000 205
2615000 205
2620000 200
2625000 198
2630000 201
2635000 198
2640000 198
2645000 197
2650000 193
2655000 191
2660000 195
2665000 198
2670000 192
2675000 197
2680000 192
2685000 192
2690000 190
2695000 193
2700000 198
2705000 197
2710000 204
2715000 206
2720000 211
2725000 206
2730000 205
2735000 205
2740000 207
2745000 207
2750000 209
2755000 207
2760000 206
2765000 204
2770000 206
2775000 204
2780000 202
2785000 205
2790000 205
2795000 207
2800000 207
2805000 206
2810000 209
2815000 212
2820000 205
2825000 205
2830000 212
2835000 210
2840000 211
2845000 207
2850000 210
2855000 210
2860000 213
2865000 219
2870000 214
2875000 211
2880000 209
2885000 209
2890000 210
2895000 210
2900000 215
2905000 208
2910000 210
2915000 208
2920000 205
2925000 208
2930000 206
2935000 202
2940000 200
2945000 198
2950000 200
2955000 199
2960000 201
2965000 203
2970000 203
2975000 206
2980000 205
2985000 206
2990000 206
2995000 203
3000000 202
3005000 206
3010000 201
3015000 200
3020000 203
3025000 195
3030000 202
3035000 203
3040000 200
3045000 195
3050000 202
3055000 203
3060000 207
3065000 211
3070000 209
3075000 211
3080000 205
3085000 209
3090000 208
3095000 207
3100000 203
3105000 200
3110000 208
3115000 209
3120000 212
3125000 215
3130000 214
3135000 217
3140000 216
3145000 216
3150000 213
3155000 210
3160000 212
3165000 213
3170000 219
3175000 217
3180000 210
3185000 212
3190000 212
3195000 209
3200000 208
3205000 211
3210000 212
3215000 214
3220000 213
3225000 211
3230000 205
3235000 202
3240000 200
3245000 201
3250000 196
3255000 197
3260000 201
3265000 202
3270000 199
3275000 205
3280000 207
3285000 206
3290000 204
3295000 202
3300000 204
3305000 205
3310000 207
3315000 204
3320000 205
3325000 204
3330000 202
3335000 203
3340000 204
3345000 205
3350000 200
3355000 201
3360000 204
3365000 203
3370000 201
3375000 204
3380000 201
3385000 201
3390000 199
3395000 202
3400000 196
3405000 194
3410000 199
3415000 196
3420000 199
3425000 201
3430000 201
3435000 199
3440000 199
3445000 205
3450000 206
3455000 199
3460000 199
3465000 199
3470000 204
3475000 207
3480000 202
3485000 202
3490000 201
3495000 200
3500000 198
3505000 201
3510000 199
3515000 201
3520000 196
3525000 197
3530000 199
3535000 199
3540000 205
3545000 204
3550000 204
3555000 205
3560000 202
3565000 203
3570000 200
3575000 200
3580000 207
3585000 207
3590000 209
3595000 211
3600000 210
3605000 207
3610000 204
3615000 207
3620000 212
3625000 208
3630000 207
3635000 205
3640000 204
3645000 203
3650000 204
3655000 198
3660000 204
3665000 200
3670000 202
3675000 204
3680000 207
3685000 210
3690000 213
3695000 209
3700000 212
3705000 206
3710000 207
3715000 204
3720000 206
3725000 205
3730000 199
3735000 201
3740000 203
3745000 211
3750000 212
3755000 207
3760000 205
3765000 206
3770000 205
3775000 206
3780000 206
3785000 203
3790000 204
3795000 202
3800000 207
3805000 205
3810000 204
3815000 206
3820000 205
3825000 206
3830000 203
3835000 202
3840000 202
3845000 204
3850000 203
3855000 201
3860000 204
3865000 206
3870000 202
3875000 206
3880000 204
3885000 202
3890000 201
3895000 195
3900000 193
3905000 193
3910000 196
3915000 200
3920000 196
3925000 200
3930000 201
3935000 202
3940000 206
3945000 207
3950000 211
3955000 207
3960000 210
3965000 208
3970000 207
3975000 210
3980000 205
3985000 204
3990000 207
3995000 207
4000000 203
4005000 204
4010000 201
4015000 203
4020000 204
4025000 200
4030000 199
4035000 203
4040000 207
4045000 212
4050000 211
4055000 214
4060000 212
4065000 208
4070000 212
4075000 211
4080000 215
4085000 213
4090000 211
4095000 218
4100000 215
4105000 214
4110000 217
4115000 212
4120000 215
4125000 211
4130000 209
4135000 211
4140000 206
4145000 206
4150000 209
4155000 215
4160000 211
4165000 208
4170000 206
4175000 202
4180000 202
4185000 201
4190000 204
4195000 207
4200000 205
4205000 201
4210000 204
4215000 200
4220000 198
4225000 198
4230000 204
4235000 210
4240000 207
4245000 206
4250000 202
4255000 203
4260000 205
4265000 206
4270000 201
4275000 204
4280000 207
4285000 205
4290000 202
4295000 203
4300000 204
4305000 203
4310000 204
4315000 204
4320000 203
4325000 207
4330000 204
4335000 201
4340000 200
4345000 200
4350000 200
4355000 203
4360000 202
4365000 205
4370000 201
4375000 201
4380000 204
4385000 201
4390000 197
4395000 201
4400000 202
4405000 202
4410000 196
4415000 199
4420000 195
4425000 198
4430000 202
4435000 206
4440000 202
4445000 202
4450000 204
4455000 201
4460000 208
4465000 206
4470000 201
4475000 204
4480000 202
4485000 206
4490000 209
4495000 207
4500000 204
4505000 202
4510000 208
4515000 202
4520000 209
4525000 207
4530000 209
4535000 208
4540000 205
4545000 204
4550000 203
4555000 199
4560000 195
4565000 196
4570000 196
4575000 199
4580000 206
4585000 205
4590000 204
4595000 198
4600000 202
4605000 199
4610000 202
4615000 201
4620000 200
4625000 201
4630000 207
4635000 203
4640000 205
4645000 204
4650000 201
4655000 201
4660000 203
4665000 204
4670000 204
4675000 202
4680000 208
4685000 204
4690000 205
4695000 206
4700000 209
4705000 206
4710000 209
4715000 210
4720000 208
4725000 205
4730000 211
4735000 208
4740000 208
4745000 209
4750000 208
4755000 209
4760000 206
4765000 202
4770000 200
4775000 206
4780000 202
4785000 197
4790000 200
4795000 197
4800000 201
4805000 200
4810000 205
4815000 207
4820000 210
4825000 206
4830000 207
4835000 208
4840000 208
4845000 208
4850000 204
4855000 204
4860000 205
4865000 209
4870000 212
4875000 210
4880000 204
4885000 205
4890000 206
4895000 203
4900000 202
4905000 202
4910000 205
4915000 206
4920000 204
4925000 204
4930000 204
4935000 205
4940000 202
4945000 207
4950000 202
4955000 206
4960000 204
4965000 200
4970000 198
4975000 199
4980000 199
4985000 196
4990000 199
4995000 202
5000000 197
5005000 198
5010000 199
5015000 205
5020000 206
5025000 204
5030000 201
5035000 201
5040000 201
5045000 204
5050000 206
5055000 208
5060000 208
5065000 206
5070000 212
5075000 211
5080000 207
5085000 215
5090000 215
5095000 211
5100000 206
5105000 208
5110000 212
5115000 212
5120000 212
5125000 213
5130000 209
5135000 209
5140000 210
5145000 211
5150000 209
5155000 207
5160000 206
5165000 207
5170000 207
5175000 208
5180000 206
5185000 206
5190000 202
5195000 207
5200000 208
5205000 209
5210000 208
5215000 208
5220000 205
5225000 207
5230000 206
5235000 205
5240000 206
5245000 211
5250000 207
5255000 207
5260000 204
5265000 206
5270000 206
5275000 197
5280000 193
5285000 202
5290000 205
5295000 202
5300000 200
5305000 198
5310000 202
5315000 201
5320000 200
5325000 200
5330000 203
5335000 203
5340000 206
5345000 204
5350000 199
5355000 201
5360000 210
5365000 210
5370000 208
5375000 207
5380000 210
5385000 209
5390000 210
5395000 211
5400000 208
5405000 212
5410000 211
5415000 210
5420000 210
5425000 208
5430000 208
5435000 207
5440000 206
5445000 209
5450000 208
5455000 209
5460000 202
5465000 205
5470000 197
5475000 194
5480000 197
5485000 197
5490000 193
5495000 194
5500000 195
5505000 196
5510000 194
5515000 200
5520000 205
5525000 205
5530000 200
5535000 204
5540000 203
5545000 202
5550000 203
5555000 200
5560000 204
5565000 205
5570000 203
5575000 203
5580000 205
5585000 202
5590000 208
5595000 204
5600000 202
5605000 200
5610000 204
5615000 201
5620000 201
5625000 202
5630000 199
5635000 199
5640000 199
5645000 200
5650000 202
5655000 205
5660000 199
5665000 200
5670000 200
5675000 192
5680000 193
5685000 198
5690000 202
5695000 204
5700000 206
5705000 206
5710000 211
5715000 210
5720000 210
5725000 208
5730000 211
5735000 211
5740000 212
5745000 219
5750000 212
5755000 211
5760000 208
5765000 213
5770000 211
5775000 210
5780000 211
5785000 211
5790000 207
5795000 208
5800000 209
5805000 209
5810000 203
5815000 204
5820000 206
5825000 201
5830000 205
5835000 204
5840000 205
5845000 201
5850000 206
5855000 204
5860000 209
5865000 211
5870000 208
5875000 208
5880000 213
5885000 215
5890000 209
5895000 210
5900000 204
5905000 208
5910000 209
5915000 210
5920000 207
5925000 206
5930000 207
5935000 205
5940000 209
5945000 212
5950000 215
5955000 213
5960000 213
5965000 213
5970000 208
5975000 210
5980000 211
5985000 214
5990000 208
5995000 211
6000000 215
6005000 211
6010000 210
6015000 212
6020000 215
6025000 211
6030000 211
6035000 211
6040000 211
6045000 214
6050000 210
6055000 212
6060000 214
6065000 215
6070000 213
6075000 211
6080000 209
6085000 207
6090000 203
6095000 202
6100000 202
6105000 208
6110000 208
6115000 210
6120000 211
6125000 211
6130000 206
6135000 201
6140000 202
6145000 200
6150000 197
6155000 203
6160000 204
6165000 204
6170000 200
6175000 200
6180000 205
6185000 200
6190000 203
6195000 206
6200000 206
6205000 208
6210000 212
6215000 205
6220000 206
6225000 206
6230000 196
6235000 202
6240000 201
6245000 202
6250000 202
6255000 200
6260000 203
6265000 202
6270000 201
6275000 201
6280000 200
6285000 202
6290000 200
6295000 196
6300000 200
6305000 197
6310000 196
6315000 201
6320000 201
6325000 196
6330000 200
6335000 201
6340000 195
6345000 197
6350000 190
6355000 191
6360000 192
6365000 194
6370000 199
6375000 195
6380000 198
6385000 201
6390000 195
6395000 200
6400000 198
6405000 199
6410000 204
6415000 201
6420000 197
6425000 199
6430000 200
6435000 197
6440000 199
6445000 199
6450000 196
6455000 200
6460000 201
6465000 200
6470000 198
6475000 200
6480000 199
6485000 203
6490000 200
6495000 199
6500000 197
6505000 192
6510000 201
6515000 199
6520000 199
6525000 201
6530000 201
6535000 201
6540000 201
6545000 200
6550000 205
6555000 207
6560000 206
6565000 207
6570000 209
6575000 209
6580000 207
6585000 210
6590000 207
6595000 205
6600000 204
6605000 206
6610000 201
6615000 206
6620000 208
6625000 205
6630000 199
6635000 195
6640000 194
6645000 200
6650000 204
6655000 198
6660000 199
6665000 198
6670000 201
6675000 201
6680000 204
6685000 204
6690000 200
6695000 204
6700000 204
6705000 207
6710000 210
6715000 204
6720000 207
6725000 205
6730000 201
6735000 203
6740000 202
6745000 196
6750000 200
6755000 201
6760000 200
6765000 196
6770000 198
6775000 199
6780000 197
6785000 195
6790000 195
6795000 196
6800000 193
6805000 195
6810000 198
6815000 199
6820000 198
6825000 199
6830000 201
6835000 201
6840000 209
6845000 204
6850000 206
6855000 204
6860000 206
6865000 204
6870000 206
6875000 206
6880000 207
6885000 208
6890000 208
6895000 208
6900000 206
6905000 203
6910000 203
6915000 207
6920000 202
6925000 208
6930000 209
6935000 205
6940000 204
6945000 205
6950000 210
6955000 211
6960000 212
6965000 210
6970000 209
6975000 206
6980000 203
6985000 205
6990000 205
6995000 200
7000000 202
7005000 200
7010000 204
7015000 207
7020000 210
7025000 210
7030000 205
7035000 201
7040000 205
7045000 206
7050000 209
7055000 209
7060000 205
7065000 206
7070000 205
7075000 207
7080000 205
7085000 210
7090000 206
7095000 207
7100000 204
7105000 208
7110000 206
7115000 201
7120000 208
7125000 205
7130000 205
7135000 205
7140000 202
7145000 203
7150000 202
7155000 201
7160000 203
7165000 204
7170000 205
7175000 203
7180000 204
7185000 204
7190000 204
7195000 204
7200000 202
7205000 206
7210000 201
7215000 195
7220000 198
7225000 203
7230000 205
7235000 210
7240000 208
7245000 212
7250000 213
7255000 214
7260000 212
7265000 207
7270000 213
7275000 215
7280000 216
7285000 212
7290000 214
7295000 214
7300000 208
7305000 208
7310000 211
7315000 213
7320000 214
7325000 209
7330000 209
7335000 208
7340000 212
7345000 210
7350000 209
7355000 212
7360000 209
7365000 202
7370000 203
7375000 202
7380000 200
7385000 201
7390000 202
7395000 203
7400000 205
7405000 205
7410000 204
7415000 203
7420000 203
7425000 200
7430000 201
7435000 195
7440000 199
7445000 192
7450000 195
7455000 195
7460000 196
7465000 191
7470000 195
7475000 197
7480000 195
7485000 193
7490000 194
7495000 197
7500000 197
7505000 196
7510000 204
7515000 207
7520000 206
7525000 210
7530000 208
7535000 206
7540000 209
7545000 209
7550000 208
7555000 211
7560000 207
7565000 209
7570000 208
7575000 203
7580000 206
7585000 207
7590000 210
7595000 208
7600000 206
7605000 202
7610000 195
7615000 197
7620000 191
7625000 199
7630000 199
7635000 203
7640000 200
7645000 199
7650000 201
7655000 201
7660000 206
7665000 203
7670000 203
7675000 202
7680000 198
7685000 199
7690000 198
7695000 201
7700000 193
7705000 198
7710000 200
7715000 200
7720000 204
7725000 205
7730000 203
7735000 202
7740000 202
7745000 203
7750000 202
7755000 204
7760000 204
7765000 200
7770000 198
7775000 195
7780000 194
7785000 198
7790000 201
7795000 202
7800000 200
7805000 201
7810000 201
7815000 201
7820000 199
7825000 200
7830000 199
7835000 200
7840000 199
7845000 201
7850000 196
7855000 197
7860000 198
7865000 200
7870000 205
7875000 197
7880000 197
7885000 191
7890000 196
7895000 202
7900000 200
7905000 200
7910000 200
7915000 209
7920000 209
7925000 206
7930000 202
7935000 203
7940000 204
7945000 204
7950000 203
7955000 202
7960000 202
7965000 205
7970000 205
7975000 207
7980000 204
7985000 204
7990000 205
7995000 202
8000000 199
8005000 198
8010000 202
8015000 194
8020000 192
8025000 192
8030000 192
8035000 190
8040000 190
8045000 195
8050000 197
8055000 200
8060000 203
8065000 208
8070000 204
8075000 209
8080000 207
8085000 203
8090000 203
8095000 204
8100000 209
8105000 213
8110000 212
8115000 208
8120000 208
8125000 209
8130000 210
8135000 208
8140000 212
8145000 208
8150000 215
8155000 209
8160000 215
8165000 216
8170000 216
8175000 216
8180000 216
8185000 217
8190000 221
8195000 223
8200000 223
8205000 218
8210000 218
8215000 215
8220000 213
8225000 208
8230000 209
8235000 210
8240000 207
8245000 212
8250000 211
8255000 210
8260000 210
8265000 204
8270000 206
8275000 212
8280000 213
8285000 210
8290000 211
8295000 211
8300000 206
8305000 214
8310000 209
8315000 209
8320000 212
8325000 207
8330000 215
8335000 213
8340000 208
8345000 215
8350000 212
8355000 214
8360000 218
8365000 219
8370000 216
8375000 216
8380000 210
8385000 212
8390000 207
8395000 211
8400000 208
8405000 210
8410000 211
8415000 204
8420000 208
8425000 208
8430000 208
8435000 205
8440000 203
8445000 203
8450000 194
8455000 196
8460000 196
8465000 195
8470000 193
8475000 193
8480000 197
8485000 200
8490000 201
8495000 204
8500000 205
8505000 205
8510000 210
8515000 209
8520000 205
8525000 206
8530000 203
8535000 203
8540000 203
8545000 202
8550000 202
8555000 202
8560000 203
8565000 200
8570000 197
8575000 198
8580000 195
8585000 199
8590000 198
8595000 193
8600000 195
8605000 200
8610000 200
8615000 205
8620000 207
8625000 204
8630000 203
8635000 200
8640000 197
8645000 200
8650000 200
8655000 202
8660000 199
8665000 199
8670000 197
8675000 200
8680000 203
8685000 207
8690000 206
8695000 207
8700000 207
8705000 206
8710000 210
8715000 205
8720000 209
8725000 213
8730000 214
8735000 210
8740000 210
8745000 210
8750000 209
8755000 209
8760000 204
8765000 208
8770000 212
8775000 211
8780000 205
8785000 211
8790000 216
8795000 214
8800000 212
8805000 210
8810000 205
8815000 208
8820000 210
8825000 208
8830000 203
8835000 197
8840000 200
8845000 204
8850000 202
8855000 200
8860000 200
8865000 205
8870000 202
8875000 199
8880000 201
8885000 204
8890000 203
8895000 201
8900000 199
8905000 199
8910000 201
8915000 205
8920000 206
8925000 208
8930000 205
8935000 209
8940000 210
8945000 207
8950000 205
8955000 207
8960000 204
8965000 206
8970000 208
8975000 210
8980000 214
8985000 213
8990000 216
8995000 206
9000000 209
9005000 208
9010000 208
9015000 211
9020000 215
9025000 214
9030000 209
9035000 216
9040000 214
9045000 210
9050000 209
9055000 208
9060000 209
9065000 214
9070000 216
9075000 214
9080000 215
9085000 215
9090000 213
9095000 209
9100000 205
9105000 208
9110000 207
9115000 207
9120000 211
9125000 216
9130000 218
9135000 219
9140000 214
9145000 211
9150000 209
9155000 203
9160000 196
9165000 202
9170000 203
9175000 201
9180000 200
9185000 202
9190000 200
9195000 201
9200000 203
9205000 200
9210000 200
9215000 201
9220000 202
9225000 197
9230000 204
9235000 204
9240000 198
9245000 193
9250000 191
9255000 200
9260000 195
9265000 192
9270000 195
9275000 196
9280000 196
9285000 203
9290000 206
9295000 199
9300000 199
9305000 196
9310000 196
9315000 191
9320000 194
9325000 197
9330000 199
9335000 205
9340000 204
9345000 208
9350000 214
9355000 213
9360000 213
9365000 212
9370000 211
9375000 210
9380000 213
9385000 217
9390000 218
9395000 223
9400000 221
9405000 215
9410000 219
9415000 214
9420000 211
9425000 218
9430000 213
9435000 211
9440000 210
9445000 210
9450000 212
9455000 217
9460000 222
9465000 221
9470000 219
9475000 222
9480000 216
9485000 211
9490000 217
9495000 214
9500000 214
9505000 211
9510000 210
9515000 211
9520000 205
9525000 207
9530000 207
9535000 213
9540000 209
9545000 209
9550000 213
9555000 211
9560000 212
9565000 206
9570000 204
9575000 204
9580000 201
9585000 204
9590000 208
9595000 203
9600000 206
9605000 203
9610000 202
9615000 200
9620000 202
9625000 204
9630000 202
9635000 202
9640000 206
9645000 205
9650000 206
9655000 206
9660000 201
9665000 198
9670000 200
9675000 201
9680000 198
9685000 200
9690000 200
9695000 205
9700000 206
9705000 208
9710000 202
9715000 206
9720000 205
9725000 206
9730000 208
9735000 209
9740000 205
9745000 203
9750000 202
9755000 206
9760000 204
9765000 201
9770000 203
9775000 208
9780000 211
9785000 214
9790000 209
9795000 211
9800000 211
9805000 206
9810000 209
9815000 209
9820000 209
9825000 205
9830000 208
9835000 203
9840000 201
9845000 197
9850000 202
9855000 202
9860000 201
9865000 198
9870000 198
9875000 201
9880000 199
9885000 200
9890000 195
9895000 192
9900000 193
9905000 197
9910000 200
9915000 197
9920000 200
9925000 205
9930000 204
9935000 202
9940000 201
9945000 198
9950000 197
9955000 199
9960000 200
9965000 198
9970000 203
9975000 208
9980000 212
9985000 217
9990000 214
9995000 202
10000000 214
10005000 209
10010000 208
10015000 207
10020000 209
10025000 208
10030000 202
10035000 202
10040000 201
10045000 200
10050000 199
10055000 196
10060000 198
10065000 200
10070000 198
10075000 202
10080000 200
10085000 199
10090000 196
10095000 194
10100000 197
10105000 192
10110000 194
10115000 194
10120000 197
10125000 197
10130000 200
10135000 201
10140000 196
10145000 197
10150000 196
10155000 196
10160000 194
10165000 199
10170000 202
10175000 203
10180000 200
10185000 204
10190000 206
10195000 208
10200000 202
10205000 204
10210000 199
10215000 201
10220000 202
10225000 195
10230000 194
10235000 196
10240000 197
10245000 202
10250000 204
10255000 203
10260000 207
10265000 209
10270000 206
10275000 198
10280000 201
10285000 197
10290000 196
10295000 198
10300000 202
10305000 201
10310000 198
10315000 200
10320000 202
10325000 201
10330000 199
10335000 200
10340000 202
10345000 201
10350000 200
10355000 200
10360000 197
10365000 194
10370000 202
10375000 204
10380000 203
10385000 206
10390000 202
10395000 203
10400000 205
10405000 206
10410000 205
10415000 206
10420000 211
10425000 210
10430000 206
10435000 202
10440000 204
10445000 199
10450000 203
10455000 199
10460000 201
10465000 202
10470000 204
10475000 205
10480000 202
10485000 203
10490000 199
10495000 206
10500000 205
10505000 203
10510000 203
10515000 206
10520000 206
10525000 203
10530000 206
10535000 209
10540000 202
10545000 200
10550000 202
10555000 200
10560000 200
10565000 198
10570000 199
10575000 204
10580000 200
10585000 197
10590000 198
10595000 194
10600000 195
10605000 198
10610000 197
10615000 198
10620000 200
10625000 195
10630000 201
10635000 203
10640000 207
10645000 208
10650000 210
10655000 212
10660000 212
10665000 214
10670000 212
10675000 209
10680000 210
10685000 205
10690000 206
10695000 204
10700000 206
10705000 206
10710000 207
10715000 210
10720000 212
10725000 206
10730000 205
10735000 207
10740000 207
10745000 204
10750000 197
10755000 199
10760000 198
10765000 198
10770000 201
10775000 201
10780000 197
10785000 197
10790000 196
10795000 193
10800000 194
10805000 197
10810000 200
10815000 204
10820000 202
10825000 203
10830000 206
10835000 205
10840000 201
10845000 205
10850000 202
10855000 204
10860000 204
10865000 206
10870000 203
10875000 213
10880000 218
10885000 216
10890000 216
10895000 214
10900000 209
10905000 215
10910000 212
10915000 214
10920000 209
10925000 205
10930000 205
10935000 205
10940000 205
10945000 202
10950000 206
10955000 207
10960000 208
10965000 208
10970000 203
10975000 203
10980000 205
10985000 209
10990000 208
10995000 208
11000000 209
11005000 212
11010000 206
11015000 206
11020000 208
11025000 204
11030000 209
11035000 210
11040000 214
11045000 210
11050000 209
11055000 205
11060000 207
11065000 208
11070000 209
11075000 206
11080000 201
11085000 203
11090000 207
11095000 204
11100000 205
11105000 207
11110000 203
11115000 202
11120000 204
11125000 205
11130000 199
11135000 201
11140000 201
11145000 199
11150000 202
11155000 200
11160000 199
11165000 203
11170000 207
11175000 203
11180000 209
11185000 205
11190000 209
11195000 199
11200000 197
11205000 199
11210000 200
11215000 202
11220000 203
11225000 202
11230000 209
11235000 210
11240000 209
11245000 205
11250000 206
11255000 211
11260000 213
11265000 210
11270000 206
11275000 204
11280000 207
11285000 208
11290000 208
11295000 206
11300000 203
11305000 207
11310000 213
11315000 213
11320000 211
11325000 208
11330000 210
11335000 208
11340000 207
11345000 211
11350000 209
11355000 206
11360000 208
11365000 204
11370000 206
11375000 207
11380000 206
11385000 205
11390000 205
11395000 209
11400000 207
11405000 206
11410000 208
11415000 207
11420000 208
11425000 207
11430000 204
11435000 203
11440000 207
11445000 206
11450000 202
11455000 202
11460000 200
11465000 205
11470000 206
11475000 209
11480000 208
11485000 207
11490000 209
11495000 207
11500000 209
11505000 209
11510000 214
11515000 214
11520000 213
11525000 212
11530000 212
11535000 208
11540000 209
11545000 210
11550000 206
11555000 212
11560000 213
11565000 214
11570000 206
11575000 210
11580000 209
11585000 210
11590000 210
11595000 209
11600000 205
11605000 208
11610000 209
11615000 209
11620000 209
11625000 204
11630000 208
11635000 204
11640000 201
11645000 203
11650000 201
11655000 199
11660000 197
11665000 200
11670000 201
11675000 202
11680000 197
11685000 201
11690000 203
11695000 203
11700000 202
11705000 203
11710000 206
11715000 206
11720000 209
11725000 211
11730000 205
11735000 207
11740000 207
11745000 209
11750000 210
11755000 210
11760000 211
11765000 210
11770000 207
11775000 203
11780000 205
11785000 201
11790000 197
11795000 199
11800000 200
11805000 195
11810000 191
11815000 192
11820000 196
11825000 197
11830000 189
11835000 188
11840000 189
11845000 189
11850000 189
11855000 185
11860000 189
11865000 189
11870000 193
11875000 192
11880000 190
11885000 189
11890000 192
11895000 186
11900000 188
11905000 196
11910000 190
11915000 192
11920000 197
11925000 192
11930000 192
11935000 188
11940000 187
11945000 191
11950000 186
11955000 190
11960000 193
11965000 193
11970000 192
11975000 193
11980000 195
11985000 197
11990000 196
11995000 195
12000000 199
12005000 198
12010000 197
12015000 199
12020000 197
12025000 194
12030000 188
12035000 189
12040000 194
12045000 191
12050000 199
12055000 198
12060000 203
12065000 204
12070000 203
12075000 206
12080000 204
12085000 200
12090000 197
12095000 197
12100000 202
12105000 204
12110000 204
12115000 208
12120000 201
12125000 202
12130000 198
12135000 203
12140000 200
12145000 203
12150000 200
12155000 199
12160000 199
12165000 198
12170000 198
12175000 201
12180000 199
12185000 205
12190000 199
12195000 196
12200000 198
12205000 198
12210000 194
12215000 193
12220000 193
12225000 188
12230000 191
12235000 194
12240000 192
12245000 194
12250000 193
12255000 196
12260000 198
12265000 196
12270000 196
12275000 197
12280000 198
12285000 194
12290000 189
12295000 193
12300000 190
12305000 187
12310000 191
12315000 191
12320000 188
12325000 191
12330000 193
12335000 193
12340000 197
12345000 201
12350000 201
12355000 202
12360000 200
12365000 196
12370000 198
12375000 197
12380000 200
12385000 199
12390000 196
12395000 197
12400000 196
12405000 205
12410000 201
12415000 203
12420000 202
12425000 203
12430000 200
12435000 198
12440000 193
12445000 196
12450000 196
12455000 197
12460000 200
12465000 200
12470000 201
12475000 196
12480000 202
12485000 202
12490000 200
12495000 198
12500000 193
12505000 199
12510000 202
12515000 199
12520000 204
12525000 199
12530000 199
12535000 198
12540000 197
12545000 193
12550000 195
12555000 195
12560000 194
12565000 196
12570000 198
12575000 201
12580000 203
12585000 201
12590000 200
12595000 202
12600000 199
12605000 202
12610000 203
12615000 207
12620000 205
12625000 202
12630000 202
12635000 202
12640000 201
12645000 200
12650000 200
12655000 200
12660000 195
12665000 196
12670000 201
12675000 202
12680000 200
12685000 200
12690000 199
12695000 204
12700000 208
12705000 206
12710000 211
12715000 213
12720000 211
12725000 201
12730000 202
12735000 199
12740000 200
12745000 204
12750000 204
12755000 203
12760000 199
12765000 202
12770000 202
12775000 205
12780000 206
12785000 207
12790000 206
12795000 205
12800000 205
12805000 207
12810000 210
12815000 204
12820000 203
12825000 202
12830000 203
12835000 209
12840000 209
12845000 208
12850000 208
12855000 206
12860000 200
12865000 201
12870000 198
12875000 205
12880000 202
12885000 205
12890000 204
12895000 196
12900000 198
12905000 200
12910000 203
12915000 202
12920000 197
12925000 201
12930000 204
12935000 211
12940000 208
12945000 210
12950000 215
12955000 213
12960000 212
12965000 209
12970000 212
12975000 203
12980000 200
12985000 205
12990000 206
12995000 205
13000000 208
13005000 203
13010000 209
13015000 208
13020000 209
13025000 213
13030000 215
13035000 210
13040000 215
13045000 208
13050000 214
13055000 213
13060000 213
13065000 215
13070000 214
13075000 210
13080000 211
13085000 211
13090000 207
13095000 205
13100000 208
13105000 209
13110000 213
13115000 214
13120000 210
13125000 215
13130000 209
13135000 210
13140000 208
13145000 213
13150000 211
13155000 212
13160000 215
13165000 211
13170000 208
13175000 206
13180000 205
13185000 204
13190000 208
13195000 203
13200000 198
13205000 200
13210000 202
13215000 203
13220000 208
13225000 213
13230000 213
13235000 210
13240000 212
13245000 212
13250000 211
13255000 207
13260000 210
13265000 202
13270000 204
13275000 198
13280000 195
13285000 197
13290000 199
13295000 199
13300000 199
13305000 195
13310000 199
13315000 198
13320000 200
13325000 196
13330000 198
13335000 196
13340000 198
13345000 197
13350000 202
13355000 206
13360000 202
13365000 203
13370000 208
13375000 208
13380000 206
13385000 202
13390000 206
13395000 201
13400000 196
13405000 198
13410000 198
13415000 206
13420000 213
13425000 213
13430000 217
13435000 212
13440000 217
13445000 213
13450000 210
13455000 212
13460000 205
13465000 206
13470000 205
13475000 210
13480000 208
13485000 211
13490000 208
13495000 210
13500000 213
13505000 212
13510000 211
13515000 213
13520000 214
13525000 212
13530000 214
13535000 217
13540000 217
13545000 221
13550000 214
13555000 218
13560000 213
13565000 214
13570000 212
13575000 209
13580000 209
13585000 200
13590000 202
13595000 199
13600000 197
13605000 198
13610000 202
13615000 202
13620000 205
13625000 207
13630000 209
13635000 207
13640000 208
13645000 209
13650000 211
13655000 212
13660000 209
13665000 212
13670000 216
13675000 217
13680000 216
13685000 214
13690000 217
13695000 217
13700000 217
13705000 216
13710000 214
13715000 213
13720000 213
13725000 213
13730000 218
13735000 214
13740000 211
13745000 215
13750000 210
13755000 207
13760000 210
13765000 209
13770000 206
13775000 207
13780000 203
13785000 208
13790000 203
13795000 205
13800000 205
13805000 207
13810000 212
13815000 209
13820000 206
13825000 201
13830000 202
13835000 201
13840000 202
13845000 200
13850000 201
13855000 203
13860000 209
13865000 204
13870000 199
13875000 202
13880000 206
13885000 204
13890000 204
13895000 208
13900000 208
13905000 200
13910000 202
13915000 204
13920000 202
13925000 202
13930000 202
13935000 207
13940000 205
13945000 205
13950000 207
13955000 211
13960000 209
13965000 207
13970000 204
13975000 205
13980000 202
13985000 207
13990000 204
13995000 206
14000000 204
14005000 206
14010000 204
14015000 203
14020000 204
14025000 204
14030000 202
14035000 207
14040000 200
14045000 203
14050000 199
14055000 201
14060000 203
14065000 202
14070000 202
14075000 203
14080000 204
14085000 209
14090000 205
14095000 206
14100000 201
14105000 209
14110000 202
14115000 204
14120000 203
14125000 204
14130000 207
14135000 210
14140000 207
14145000 208
14150000 205
14155000 206
14160000 210
14165000 208
14170000 205
14175000 208
14180000 207
14185000 203
14190000 206
14195000 205
14200000 203
14205000 200
14210000 202
14215000 201
14220000 204
14225000 200
14230000 198
14235000 201
14240000 197
14245000 194
14250000 194
14255000 189
14260000 190
14265000 196
14270000 196
14275000 197
14280000 204
14285000 208
14290000 208
14295000 208
14300000 210
14305000 213
14310000 209
14315000 211
14320000 210
14325000 212
14330000 208
14335000 203
14340000 205
14345000 208
14350000 206
14355000 207
14360000 207
14365000 207
14370000 207
14375000 204
14380000 210
14385000 207
14390000 206
14395000 205
14400000 203
14405000 207
14410000 208
14415000 209
14420000 207
14425000 204
14430000 204
14435000 203
14440000 200
14445000 199
14450000 200
14455000 203
14460000 204
14465000 201
14470000 205
14475000 203
14480000 208
14485000 211
14490000 211
14495000 209
14500000 205
14505000 207
14510000 208
14515000 207
14520000 198
14525000 202
14530000 197
14535000 195
14540000 199
14545000 201
14550000 200
14555000 207
14560000 206
14565000 207
14570000 206
14575000 201
14580000 205
14585000 205
14590000 203
14595000 199
14600000 199
14605000 200
14610000 200
14615000 205
14620000 207
14625000 207
14630000 203
14635000 201
14640000 200
14645000 196
14650000 198
14655000 197
14660000 206
14665000 206
14670000 205
14675000 198
14680000 200
14685000 202
14690000 201
14695000 197
14700000 199
14705000 194
14710000 198
14715000 202
14720000 199
14725000 199
14730000 197
14735000 201
14740000 201
14745000 195
14750000 197
14755000 198
14760000 201
14765000 205
14770000 208
14775000 204
14780000 202
14785000 207
14790000 202
14795000 197
14800000 200
14805000 200
14810000 201
14815000 203
14820000 205
14825000 201
14830000 200
14835000 196
14840000 194
14845000 196
14850000 197
14855000 197
14860000 198
14865000 194
14870000 198
14875000 203
14880000 200
14885000 193
14890000 199
14895000 197
14900000 195
14905000 198
14910000 200
14915000 202
14920000 200
14925000 199
14930000 200
14935000 200
14940000 198
14945000 201
14950000 202
14955000 203
14960000 202
14965000 203
14970000 202
14975000 198
14980000 203
14985000 200
14990000 196
14995000 197
15000000 193
15005000 200
15010000 201
15015000 201
15020000 203
15025000 203
15030000 203
15035000 196
15040000 198
15045000 200
15050000 202
15055000 203
15060000 207
15065000 212
15070000 211
15075000 210
15080000 210
15085000 206
15090000 209
15095000 207
15100000 211
15105000 213
15110000 211
15115000 210
15120000 211
15125000 208
15130000 202
15135000 206
15140000 200
15145000 197
15150000 204
15155000 206
15160000 207
15165000 204
15170000 202
15175000 205
15180000 203
15185000 202
15190000 201
15195000 198
15200000 209
15205000 211
15210000 209
15215000 211
15220000 211
15225000 207
15230000 207
15235000 207
15240000 209
15245000 206
15250000 202
15255000 205
15260000 204
15265000 207
15270000 204
15275000 202
15280000 199
15285000 199
15290000 201
15295000 202
15300000 200
15305000 202
15310000 206
15315000 206
15320000 207
15325000 213
15330000 205
15335000 203
15340000 206
15345000 205
15350000 206
15355000 204
15360000 205
15365000 206
15370000 205
15375000 205
15380000 208
15385000 207
15390000 211
15395000 209
15400000 207
15405000 204
15410000 205
15415000 202
15420000 206
15425000 203
15430000 206
15435000 208
15440000 203
15445000 198
15450000 203
15455000 203
15460000 204
15465000 203
15470000 205
15475000 204
15480000 206
15485000 206
15490000 203
15495000 199
15500000 204
15505000 207
15510000 202
15515000 208
15520000 208
15525000 199
15530000 200
15535000 203
15540000 201
15545000 199
15550000 200
15555000 203
15560000 209
15565000 207
15570000 209
15575000 208
15580000 211
15585000 212
15590000 204
15595000 209
15600000 207
15605000 207
15610000 212
15615000 211
15620000 208
15625000 205
15630000 205
15635000 206
15640000 205
15645000 206
15650000 207
15655000 210
15660000 205
15665000 205
15670000 204
15675000 199
15680000 200
15685000 203
15690000 205
15695000 209
15700000 209
15705000 204
15710000 203
15715000 203
15720000 205
15725000 205
15730000 211
15735000 208
15740000 205
15745000 205
15750000 207
15755000 200
15760000 204
15765000 207
15770000 210
15775000 205
15780000 202
15785000 200
15790000 202
15795000 203
15800000 203
15805000 204
15810000 206
15815000 206
15820000 205
15825000 204
15830000 202
15835000 201
15840000 203
15845000 202
15850000 205
15855000 199
15860000 199
15865000 201
15870000 200
15875000 201
15880000 201
15885000 196
15890000 194
15895000 199
15900000 203
15905000 205
15910000 201
15915000 202
15920000 198
15925000 195
15930000 196
15935000 195
15940000 197
15945000 198
15950000 198
15955000 197
15960000 206
15965000 203
15970000 203
15975000 198
15980000 199
15985000 200
15990000 195
15995000 197
16000000 199
16005000 197
16010000 197
16015000 196
16020000 196
16025000 197
16030000 201
16035000 203
16040000 207
16045000 206
16050000 206
16055000 207
16060000 207
16065000 204
16070000 207
16075000 208
16080000 208
16085000 209
16090000 204
16095000 208
16100000 203
16105000 207
16110000 204
16115000 208
16120000 216
16125000 211
16130000 212
16135000 214
16140000 215
16145000 213
16150000 211
16155000 212
16160000 212
16165000 211
16170000 210
16175000 213
16180000 210
16185000 213
16190000 217
16195000 215
16200000 217
16205000 215
16210000 212
16215000 212
16220000 211
16225000 210
16230000 210
16235000 208
16240000 208
16245000 203
16250000 203
16255000 201
16260000 206
16265000 200
16270000 202
16275000 206
16280000 210
16285000 210
16290000 208
16295000 211
16300000 212
16305000 209
16310000 208
16315000 208
16320000 211
16325000 213
16330000 213
16335000 209
16340000 208
16345000 212
16350000 212
16355000 215
16360000 214
16365000 213
16370000 212
16375000 210
16380000 212
16385000 213
16390000 215
16395000 213
16400000 210
16405000 207
16410000 209
16415000 210
16420000 210
16425000 205
16430000 204
16435000 201
16440000 202
16445000 197
16450000 201
16455000 201
16460000 203
16465000 201
16470000 197
16475000 201
16480000 198
16485000 197
16490000 196
16495000 197
16500000 195
16505000 194
16510000 200
16515000 200
16520000 202
16525000 200
16530000 198
16535000 197
16540000 199
16545000 201
16550000 201
16555000 204
16560000 197
16565000 202
16570000 202
16575000 203
16580000 205
16585000 206
16590000 206
16595000 206
16600000 208
16605000 206
16610000 207
16615000 205
16620000 203
16625000 198
16630000 202
16635000 205
16640000 203
16645000 200
16650000 204
16655000 202
16660000 203
16665000 204
16670000 200
16675000 205
16680000 207
16685000 203
16690000 207
16695000 208
16700000 209
16705000 210
16710000 208
16715000 204
16720000 200
16725000 202
16730000 201
16735000 203
16740000 206
16745000 205
16750000 207
16755000 206
16760000 205
16765000 203
16770000 207
16775000 211
16780000 207
16785000 204
16790000 207
16795000 208
16800000 208
16805000 207
16810000 202
16815000 201
16820000 202
16825000 202
16830000 203
16835000 203
16840000 206
16845000 206
16850000 208
16855000 206
16860000 203
16865000 203
16870000 209
16875000 208
16880000 206
16885000 205
16890000 204
16895000 205
16900000 207
16905000 209
16910000 212
16915000 209
16920000 207
16925000 211
16930000 207
16935000 206
16940000 206
16945000 203
16950000 201
16955000 206
16960000 204
16965000 200
16970000 200
16975000 194
16980000 192
16985000 192
16990000 194
16995000 197
17000000 191
17005000 193
17010000 193
17015000 190
17020000 194
17025000 195
17030000 195
17035000 197
17040000 196
17045000 199
17050000 201
17055000 201
17060000 202
17065000 194
17070000 196
17075000 201
17080000 204
17085000 201
17090000 204
17095000 199
17100000 201
17105000 197
17110000 203
17115000 206
17120000 205
17125000 205
17130000 205
17135000 201
17140000 200
17145000 196
17150000 199
17155000 197
17160000 200
17165000 205
17170000 202
17175000 198
17180000 199
17185000 200
17190000 199
17195000 202
17200000 203
17205000 197
17210000 201
17215000 199
17220000 203
17225000 209
17230000 210
17235000 211
17240000 212
17245000 211
17250000 209
17255000 211
17260000 208
17265000 205
17270000 200
17275000 199
17280000 196
17285000 195
17290000 198
17295000 201
17300000 202
17305000 201
17310000 199
17315000 200
17320000 197
17325000 201
17330000 206
17335000 204
17340000 204
17345000 203
17350000 203
17355000 206
17360000 203
17365000 202
17370000 208
17375000 208
17380000 215
17385000 216
17390000 209
17395000 210
17400000 210
17405000 211
17410000 211
17415000 210
17420000 211
17425000 203
17430000 204
17435000 208
17440000 208
17445000 209
17450000 206
17455000 207
17460000 211
17465000 212
17470000 214
17475000 213
17480000 208
17485000 204
17490000 207
17495000 210
17500000 210
17505000 213
17510000 210
17515000 212
17520000 216
17525000 215
17530000 214
17535000 212
17540000 211
17545000 210
17550000 206
17555000 205
17560000 204
17565000 202
17570000 206
17575000 205
17580000 204
17585000 197
17590000 200
17595000 199
17600000 205
17605000 201
17610000 202
17615000 204
17620000 201
17625000 198
17630000 194
17635000 197
17640000 200
17645000 198
17650000 202
17655000 204
17660000 203
17665000 199
17670000 194
17675000 194
17680000 190
17685000 191
17690000 187
17695000 196
17700000 198
17705000 196
17710000 199
17715000 200
17720000 201
17725000 199
17730000 204
17735000 201
17740000 207
17745000 208
17750000 209
17755000 210
17760000 209
17765000 205
17770000 205
17775000 206
17780000 204
17785000 203
17790000 207
17795000 208
17800000 207
17805000 207
17810000 205
17815000 207
17820000 206
17825000 205
17830000 203
17835000 202
17840000 203
17845000 202
17850000 202
17855000 205
17860000 206
17865000 202
17870000 203
17875000 201
17880000 193
17885000 197
17890000 200
17895000 194
17900000 194
17905000 197
17910000 196
17915000 196
17920000 197
17925000 200
17930000 203
17935000 198
17940000 200
17945000 201
17950000 197
17955000 199
17960000 201
17965000 199
17970000 203
17975000 202
17980000 200
17985000 206
17990000 203
17995000 202
18000000 198
18005000 202
18010000 203
18015000 206
18020000 206
18025000 208
18030000 208
18035000 210
18040000 211
18045000 208
18050000 207
18055000 206
18060000 206
18065000 204
18070000 209
18075000 208
18080000 202
18085000 207
18090000 206
18095000 208
18100000 206
18105000 203
18110000 205
18115000 196
18120000 205
18125000 204
18130000 205
18135000 204
18140000 204
18145000 211
18150000 209
18155000 207
18160000 206
18165000 208
18170000 206
18175000 208
18180000 207
18185000 212
18190000 210
18195000 215
18200000 213
18205000 210
18210000 209
18215000 207
18220000 208
18225000 207
18230000 210
18235000 211
18240000 211
18245000 215
18250000 214
18255000 213
18260000 213
18265000 209
18270000 213
18275000 215
18280000 216
18285000 214
18290000 209
18295000 210
18300000 215
18305000 214
18310000 212
18315000 214
18320000 212
18325000 214
18330000 215
18335000 212
18340000 211
18345000 207
18350000 206
18355000 208
18360000 203
18365000 204
18370000 204
18375000 203
18380000 202
18385000 202
18390000 202
18395000 201
18400000 203
18405000 203
18410000 204
18415000 203
18420000 201
18425000 202
18430000 203
18435000 203
18440000 204
18445000 198
18450000 201
18455000 200
18460000 202
18465000 199
18470000 201
18475000 206
18480000 205
18485000 199
18490000 197
18495000 200
18500000 204
18505000 209
18510000 210
18515000 207
18520000 204
18525000 209
18530000 203
18535000 208
18540000 208
18545000 210
18550000 213
18555000 211
18560000 208
18565000 212
18570000 208
18575000 212
18580000 209
18585000 209
18590000 207
18595000 213
18600000 217
18605000 214
18610000 210
18615000 209
18620000 208
18625000 208
18630000 212
18635000 207
18640000 213
18645000 213
18650000 214
18655000 216
18660000 215
18665000 217
18670000 213
18675000 214
18680000 209
18685000 210
18690000 208
18695000 202
18700000 200
18705000 200
18710000 196
18715000 198
18720000 193
18725000 193
18730000 190
18735000 192
18740000 195
18745000 194
18750000 192
18755000 189
18760000 193
18765000 194
18770000 196
18775000 199
18780000 202
18785000 199
18790000 203
18795000 199
18800000 199
18805000 201
18810000 201
18815000 198
18820000 205
18825000 204
18830000 203
18835000 202
18840000 205
18845000 207
18850000 207
18855000 211
18860000 210
18865000 203
18870000 205
18875000 204
18880000 203
18885000 208
18890000 207
18895000 205
18900000 208
18905000 211
18910000 212
18915000 212
18920000 211
18925000 211
18930000 204
18935000 207
18940000 206
18945000 201
18950000 200
18955000 200
18960000 203
18965000 206
18970000 210
18975000 211
18980000 209
18985000 206
18990000 203
18995000 202
19000000 205
19005000 198
19010000 196
19015000 199
19020000 201
19025000 198
19030000 202
19035000 203
19040000 208
19045000 208
19050000 210
19055000 211
19060000 211
19065000 207
19070000 205
19075000 210
19080000 208
19085000 209
19090000 211
19095000 208
19100000 206
19105000 207
19110000 205
19115000 207
19120000 211
19125000 209
19130000 203
19135000 205
19140000 207
19145000 204
19150000 206
19155000 208
19160000 209
19165000 212
19170000 208
19175000 208
19180000 211
19185000 204
19190000 205
19195000 204
19200000 202
19205000 200
19210000 201
19215000 200
19220000 195
19225000 192
19230000 193
19235000 196
19240000 194
19245000 200
19250000 193
19255000 201
19260000 202
19265000 205
19270000 208
19275000 213
19280000 212
19285000 211
19290000 210
19295000 203
19300000 209
19305000 207
19310000 203
19315000 206
19320000 204
19325000 204
19330000 200
19335000 198
19340000 200
19345000 198
19350000 200
19355000 201
19360000 205
19365000 202
19370000 204
19375000 205
19380000 206
19385000 207
19390000 206
19395000 199
19400000 202
19405000 199
19410000 202
19415000 205
19420000 209
19425000 210
19430000 206
19435000 207
19440000 205
19445000 212
19450000 213
19455000 209
19460000 206
19465000 209
19470000 208
19475000 210
19480000 209
19485000 205
19490000 202
19495000 203
19500000 201
19505000 200
19510000 202
19515000 202
19520000 204
19525000 198
19530000 198
19535000 201
19540000 206
19545000 206
19550000 203
19555000 204
19560000 205
19565000 206
19570000 205
19575000 203
19580000 200
19585000 208
19590000 207
19595000 209
19600000 207
19605000 203
19610000 203
19615000 201
19620000 198
19625000 197
19630000 196
19635000 195
19640000 193
19645000 191
19650000 195
19655000 194
19660000 194
19665000 194
19670000 200
19675000 202
19680000 202
19685000 206
19690000 208
19695000 206
19700000 202
19705000 204
19710000 201
19715000 203
19720000 204
19725000 205
19730000 211
19735000 208
19740000 205
19745000 203
19750000 206
19755000 204
19760000 204
19765000 205
19770000 209
19775000 207
19780000 208
19785000 206
19790000 207
19795000 204
19800000 207
19805000 210
19810000 206
19815000 207
19820000 207
19825000 206
19830000 209
19835000 208
19840000 212
19845000 212
19850000 214
19855000 216
19860000 215
19865000 214
19870000 220
19875000 218
19880000 219
19885000 221
19890000 218
19895000 220
19900000 214
19905000 214
19910000 214
19915000 219
19920000 217
19925000 214
19930000 215
19935000 216
19940000 217
19945000 215
19950000 217
19955000 212
19960000 205
19965000 205
19970000 204
19975000 209
19980000 206
19985000 207
19990000 204
19995000 207
20000000 212
20005000 211
20010000 210
20015000 209
20020000 207
20025000 204
20030000 209
20035000 207
20040000 207
20045000 208
20050000 207
20055000 208
20060000 199
20065000 202
20070000 197
20075000 202
20080000 203
20085000 201
20090000 201
20095000 203
20100000 201
20105000 195
20110000 196
20115000 198
20120000 202
20125000 200
20130000 204
20135000 202
20140000 203
20145000 211
20150000 204
20155000 211
20160000 208
20165000 206
20170000 203
20175000 203
20180000 202
20185000 202
20190000 206
20195000 199
20200000 200
20205000 200
20210000 198
20215000 200
20220000 206
20225000 199
20230000 202
20235000 203
20240000 202
20245000 201
20250000 208
20255000 207
20260000 207
20265000 208
20270000 208
20275000 208
20280000 207
20285000 204
20290000 202
20295000 204
20300000 205
20305000 201
20310000 202
20315000 203
20320000 202
20325000 200
20330000 205
20335000 201
20340000 200
20345000 200
20350000 201
20355000 196
20360000 197
20365000 201
20370000 198
20375000 194
20380000 195
20385000 196
20390000 192
20395000 191
20400000 188
20405000 188
20410000 185
20415000 189
20420000 187
20425000 192
20430000 188
20435000 188
20440000 192
20445000 196
20450000 198
20455000 201
20460000 200
20465000 197
20470000 194
20475000 196
20480000 195
20485000 197
20490000 194
20495000 195
20500000 194
20505000 199
20510000 201
20515000 202
20520000 201
20525000 200
20530000 200
20535000 200
20540000 198
20545000 196
20550000 201
20555000 199
20560000 199
20565000 198
20570000 201
20575000 201
20580000 200
20585000 201
20590000 201
20595000 202
20600000 206
20605000 209
20610000 207
20615000 207
20620000 209
20625000 207
20630000 209
20635000 202
20640000 206
20645000 207
20650000 209
20655000 204
20660000 208
20665000 209
20670000 212
20675000 207
20680000 208
20685000 209
20690000 208
20695000 213
20700000 210
20705000 214
20710000 213
20715000 211
20720000 207
20725000 203
20730000 206
20735000 206
20740000 205
20745000 205
20750000 206
20755000 202
20760000 206
20765000 203
20770000 196
20775000 199
20780000 199
20785000 200
20790000 204
20795000 208
20800000 203
20805000 197
20810000 198
20815000 197
20820000 200
20825000 197
20830000 197
20835000 199
20840000 196
20845000 196
20850000 202
20855000 199
20860000 199
20865000 196
20870000 202
20875000 205
20880000 202
20885000 203
20890000 202
20895000 204
20900000 202
20905000 203
20910000 203
20915000 204
20920000 202
20925000 206
20930000 201
20935000 204
20940000 198
20945000 201
20950000 200
20955000 200
20960000 203
20965000 204
20970000 202
20975000 203
20980000 200
20985000 201
20990000 198
20995000 201
21000000 198
21005000 201
21010000 202
21015000 207
21020000 205
21025000 203
21030000 205
21035000 207
21040000 204
21045000 206
21050000 205
21055000 204
21060000 208
21065000 209
21070000 208
21075000 210
21080000 209
21085000 211
21090000 211
21095000 211
21100000 206
21105000 208
21110000 207
21115000 208
21120000 207
21125000 203
21130000 204
21135000 209
21140000 207
21145000 203
21150000 209
21155000 209
21160000 209
21165000 209
21170000 203
21175000 204
21180000 204
21185000 207
21190000 209
21195000 208
21200000 212
21205000 206
21210000 205
21215000 209
21220000 208
21225000 208
21230000 208
21235000 209
21240000 208
21245000 209
21250000 210
21255000 208
21260000 203
21265000 207
21270000 201
21275000 204
21280000 200
21285000 202
21290000 200
21295000 196
21300000 197
21305000 196
21310000 198
21315000 200
21320000 198
21325000 208
21330000 204
21335000 200
21340000 201
21345000 203
21350000 203
21355000 202
21360000 202
21365000 201
21370000 200
21375000 205
21380000 208
21385000 204
21390000 201
21395000 195
21400000 202
21405000 203
21410000 201
21415000 201
21420000 195
21425000 201
21430000 202
21435000 200
21440000 202
21445000 200
21450000 197
21455000 203
21460000 195
21465000 202
21470000 203
21475000 207
21480000 207
21485000 202
21490000 207
21495000 206
21500000 204
21505000 198
21510000 203
21515000 199
21520000 205
21525000 196
21530000 196
21535000 197
21540000 194
21545000 200
21550000 205
21555000 197
21560000 203
21565000 204
21570000 201
21575000 198
21580000 196
21585000 196
21590000 197
21595000 199
21600000 200
21605000 206
21610000 206
21615000 212
21620000 213
21625000 209
21630000 211
21635000 214
21640000 210
21645000 214
21650000 207
21655000 206
21660000 202
21665000 203
21670000 205
21675000 204
21680000 207
21685000 204
21690000 205
21695000 207
21700000 206
21705000 206
21710000 207
21715000 205
21720000 208
21725000 206
21730000 210
21735000 211
21740000 214
21745000 214
21750000 216
21755000 213
21760000 208
21765000 202
21770000 203
21775000 207
21780000 204
21785000 198
21790000 194
21795000 195
21800000 204
21805000 201
21810000 200
21815000 201
21820000 198
21825000 193
21830000 201
21835000 204
21840000 197
21845000 197
21850000 200
21855000 200
21860000 198
21865000 198
21870000 201
21875000 193
21880000 196
21885000 200
21890000 202
21895000 197
21900000 203
21905000 207
21910000 207
21915000 206
21920000 207
21925000 209
21930000 207
21935000 208
21940000 206
21945000 199
21950000 204
21955000 204
21960000 206
21965000 201
21970000 208
21975000 206
21980000 207
21985000 207
21990000 203
21995000 206
22000000 207
22005000 204
22010000 206
22015000 207
22020000 205
22025000 206
22030000 199
22035000 203
22040000 205
22045000 205
22050000 203
22055000 205
22060000 204
22065000 203
22070000 206
22075000 204
22080000 204
22085000 202
22090000 205
22095000 203
22100000 206
22105000 205
22110000 204
22115000 202
22120000 201
22125000 201
22130000 202
22135000 201
22140000 199
22145000 200
22150000 202
22155000 194
22160000 200
22165000 204
22170000 204
22175000 207
22180000 206
22185000 211
22190000 211
22195000 211
22200000 212
22205000 213
22210000 211
22215000 213
22220000 215
22225000 210
22230000 211
22235000 207
22240000 209
22245000 205
22250000 203
22255000 205
22260000 199
22265000 203
22270000 205
22275000 206
22280000 208
22285000 207
22290000 209
22295000 204
22300000 209
22305000 205
22310000 208
22315000 206
22320000 203
22325000 204
22330000 205
22335000 205
22340000 204
22345000 206
22350000 207
22355000 208
22360000 204
22365000 206
22370000 204
22375000 199
22380000 198
22385000 195
22390000 197
22395000 194
22400000 199
22405000 198
22410000 197
22415000 202
22420000 202
22425000 199
22430000 201
22435000 207
22440000 208
22445000 209
22450000 205
22455000 208
22460000 209
22465000 207
22470000 205
22475000 202
22480000 204
22485000 205
22490000 205
22495000 204
22500000 202
22505000 199
22510000 200
22515000 203
22520000 201
22525000 198
22530000 201
22535000 206
22540000 207
22545000 209
22550000 211
22555000 216
22560000 211
22565000 204
22570000 204
22575000 202
22580000 208
22585000 207
22590000 200
22595000 201
22600000 202
22605000 201
22610000 195
22615000 198
22620000 200
22625000 205
22630000 199
22635000 204
22640000 200
22645000 196
22650000 198
22655000 200
22660000 199
22665000 202
22670000 203
22675000 205
22680000 204
22685000 204
22690000 203
22695000 204
22700000 208
22705000 208
22710000 202
22715000 204
22720000 201
22725000 203
22730000 199
22735000 204
22740000 205
22745000 203
22750000 206
22755000 204
22760000 204
22765000 208
22770000 204
22775000 207
22780000 206
22785000 204
22790000 207
22795000 206
22800000 214
22805000 212
22810000 217
22815000 217
22820000 215
22825000 212
22830000 214
22835000 208
22840000 207
22845000 203
22850000 204
22855000 200
22860000 202
22865000 203
22870000 203
22875000 204
22880000 206
22885000 208
22890000 206
22895000 211
22900000 206
22905000 207
22910000 203
22915000 207
22920000 202
22925000 200
22930000 198
22935000 199
22940000 202
22945000 203
22950000 205
22955000 202
22960000 203
22965000 202
22970000 202
22975000 204
22980000 202
22985000 201
22990000 201
22995000 204
23000000 205
23005000 210
23010000 207
23015000 207
23020000 206
23025000 207
23030000 212
23035000 210
23040000 211
23045000 203
23050000 204
23055000 205
23060000 207
23065000 212
23070000 208
23075000 200
23080000 202
23085000 202
23090000 199
23095000 203
23100000 203
23105000 207
23110000 205
23115000 203
23120000 203
23125000 207
23130000 209
23135000 207
23140000 210
23145000 205
23150000 211
23155000 209
23160000 200
23165000 207
23170000 203
23175000 202
23180000 206
23185000 202
23190000 203
23195000 202
23200000 204
23205000 205
23210000 209
23215000 211
23220000 206
23225000 205
23230000 207
23235000 208
23240000 209
23245000 208
23250000 210
23255000 212
23260000 207
23265000 207
23270000 208
23275000 209
23280000 207
23285000 212
23290000 216
23295000 213
23300000 205
23305000 202
23310000 206
23315000 205
23320000 206
23325000 203
23330000 207
23335000 205
23340000 201
23345000 203
23350000 205
23355000 202
23360000 202
23365000 201
23370000 199
23375000 201
23380000 206
23385000 204
23390000 204
23395000 203
23400000 206
23405000 206
23410000 203
23415000 203
23420000 201
23425000 203
23430000 206
23435000 203
23440000 202
23445000 203
23450000 203
23455000 206
23460000 207
23465000 204
23470000 207
23475000 205
23480000 205
23485000 208
23490000 209
23495000 204
23500000 205
23505000 204
23510000 203
23515000 201
23520000 205
23525000 205
23530000 205
23535000 203
23540000 206
23545000 203
23550000 205
23555000 202
23560000 197
23565000 195
23570000 198
23575000 200
23580000 201
23585000 201
23590000 200
23595000 197
23600000 197
23605000 200
23610000 197
23615000 203
23620000 200
23625000 202
23630000 201
23635000 201
23640000 197
23645000 197
23650000 195
23655000 200
23660000 204
23665000 206
23670000 205
23675000 205
23680000 203
23685000 199
23690000 200
23695000 196
23700000 206
23705000 203
23710000 200
23715000 203
23720000 203
23725000 204
23730000 200
23735000 197
23740000 200
23745000 197
23750000 192
23755000 196
23760000 202
23765000 207
23770000 206
23775000 203
23780000 201
23785000 205
23790000 206
23795000 203
23800000 204
23805000 207
23810000 207
23815000 209
23820000 206
23825000 207
23830000 210
23835000 208
23840000 209
23845000 210
23850000 204
23855000 201
23860000 201
23865000 200
23870000 198
23875000 197
23880000 195
23885000 195
23890000 198
23895000 198
23900000 199
23905000 201
23910000 199
23915000 202
23920000 201
23925000 202
23930000 203
23935000 201
23940000 204
23945000 202
23950000 201
23955000 200
23960000 200
23965000 199
23970000 200
23975000 202
23980000 202
23985000 201
23990000 199
23995000 199
24000000 202
24005000 208
24010000 205
24015000 203
24020000 203
24025000 202
24030000 200
24035000 195
24040000 193
24045000 198
24050000 199
24055000 199
24060000 196
24065000 198
24070000 194
24075000 201
24080000 204
24085000 204
24090000 203
24095000 198
24100000 201
24105000 199
24110000 203
24115000 201
24120000 200
24125000 197
24130000 193
24135000 196
24140000 195
24145000 200
24150000 199
24155000 195
24160000 192
24165000 194
24170000 197
24175000 200
24180000 202
24185000 209
24190000 207
24195000 205
24200000 207
24205000 207
24210000 207
24215000 205
24220000 203
24225000 203
24230000 202
24235000 203
24240000 205
24245000 202
24250000 199
24255000 199
24260000 197
24265000 200
24270000 198
24275000 199
24280000 202
24285000 206
24290000 205
24295000 202
24300000 201
24305000 202
24310000 201
24315000 200
24320000 200
24325000 196
24330000 196
24335000 202
24340000 201
24345000 199
24350000 200
24355000 196
24360000 195
24365000 197
24370000 195
24375000 193
24380000 194
24385000 194
24390000 196
24395000 194
24400000 192
24405000 192
24410000 193
24415000 196
24420000 197
24425000 197
24430000 204
24435000 204
24440000 204
24445000 205
24450000 204
24455000 204
24460000 201
24465000 212
24470000 210
24475000 211
24480000 212
24485000 210
24490000 210
24495000 209
24500000 207
24505000 209
24510000 206
24515000 209
24520000 205
24525000 205
24530000 204
24535000 205
24540000 205
24545000 203
24550000 199
24555000 199
24560000 203
24565000 204
24570000 199
24575000 199
24580000 194
24585000 190
24590000 193
24595000 197
24600000 202
24605000 199
24610000 202
24615000 201
24620000 202
24625000 201
24630000 201
24635000 200
24640000 202
24645000 202
24650000 202
24655000 201
24660000 202
24665000 200
24670000 202
24675000 203
24680000 204
24685000 206
24690000 202
24695000 203
24700000 202
24705000 206
24710000 206
24715000 216
24720000 214
24725000 212
24730000 214
24735000 208
24740000 210
24745000 208
24750000 210
24755000 212
24760000 211
24765000 209
24770000 207
24775000 203
24780000 207
24785000 208
24790000 208
24795000 207
24800000 207
24805000 212
24810000 212
24815000 218
24820000 212
24825000 211
24830000 212
24835000 207
24840000 208
24845000 205
24850000 200
24855000 196
24860000 200
24865000 200
24870000 201
24875000 198
24880000 195
24885000 201
24890000 204
24895000 205
24900000 210
24905000 208
24910000 205
24915000 205
24920000 205
24925000 203
24930000 202
24935000 200
24940000 198
24945000 192
24950000 200
24955000 199
24960000 207
24965000 209
24970000 208
24975000 205
24980000 205
24985000 204
24990000 206
24995000 210
25000000 210
25005000 208
25010000 204
