timestep Temp E_pair E_mol TotEng
10000 143.32935 -1291.9682 1060.7771 1904.9968
15000 298.85297 -1254.8981 2124.4167 5323.6383
20000 300.971 -1455.083 2176.6306 5207.2345
25000 304.68269 -1611.3227 2130.2776 5059.9611
30000 301.37969 -1727.7874 2168.1891 4932.1798
35000 297.94882 -1837.8786 2123.9701 4726.7357
40000 302.81103 -1932.8512 2176.6517 4756.9113
45000 301.2107 -2039.7547 2169.258 4618.7627
50000 302.42156 -2091.4289 2169.2276 4585.1048
55000 299.91502 -2182.1741 2181.0306 4468.805
60000 306.43225 -2193.9429 2233.0229 4606.1617
65000 304.39475 -2203.8565 2173.8195 4506.6776
70000 304.49646 -2264.2797 2181.3532 4455.3039
75000 295.81698 -2282.6628 2206.6214 4332.8297
80000 299.69366 -2342.3866 2108.8967 4233.1594
85000 302.89916 -2379.1346 2094.9261 4230.2158
90000 294.41946 -2442.3961 2128.3698 4074.0162
95000 297.40049 -2390.7686 2177.767 4219.4703
100000 295.98215 -2483.165 2243.0629 4171.2307
105000 305.47556 -2509.6279 2141.8764 4185.0716
110000 296.4696 -2499.1246 2177.199 4096.6722
115000 301.37125 -2594.2929 2109.342 4006.7014
120000 294.46128 -2588.8333 2193.4253 3993.2577
125000 302.18287 -2614.2899 2123.7204 4013.1792
130000 291.08254 -2633.4722 2134.8104 3839.6471
135000 298.10686 -2655.537 2141.0346 3928.4972
140000 305.80712 -2656.9482 2182.1462 4082.9627
145000 301.10071 -2680.7076 2141.2532 3948.1657
150000 299.22275 -2746.1671 2093.3691 3806.8329
155000 298.85262 -2752.4557 2142.2998 3843.9585
160000 302.62635 -2789.2501 2194.1729 3915.2811
165000 297.72752 -2793.8678 2095.7695 3739.2476
170000 297.63568 -2815.06 2142.2023 3763.1195
175000 300.10317 -2829.3567 2120.1047 3763.5007
180000 299.35149 -2818.0907 2148.9971 3792.4559
185000 297.28988 -2828.8667 2105.8923 3707.8489
190000 299.07558 -2810.2516 2103.4459 3750.6317
195000 295.20063 -2867.755 2110.4439 3642.374
200000 300.14001 -2840.3998 2124.6373 3757.5393
205000 301.60145 -2848.997 2144.4842 3790.5704
210000 299.18774 -2872.8282 2139.3037 3725.5845
215000 303.39633 -2901.3277 2116.7883 3737.2947
220000 298.81345 -2866.7921 2155.4108 3742.1495
225000 300.36581 -2907.6139 2116.7985 3685.8518
230000 300.49877 -2897.2946 2129.735 3711.0891
235000 293.06941 -2939.9686 2078.3079 3506.2605
240000 296.33516 -2913.2371 2136.0792 3639.4363
245000 296.97329 -2916.4716 2091.6922 3601.3255
250000 296.86667 -2921.8182 2119.1053 3621.8028
255000 300.49366 -2905.6412 2200.9455 3773.8768
260000 301.01284 -2923.4923 2093.965 3656.7831
265000 297.88702 -2909.837 2099.153 3629.0391
270000 296.68494 -2913.2444 2139.7758 3648.3386
275000 298.17349 -2959.206 2124.8476 3609.6342
280000 298.70289 -2950.2874 2049.9335 3551.5289
285000 300.76923 -2944.9986 2173.1315 3710.8126
290000 302.66581 -2936.0628 2089.7332 3664.6168
295000 299.91552 -2959.1259 2154.2591 3665.0892
300000 295.86489 -2932.911 2116.7876 3593.4617
305000 310.56948 -2934.3518 2078.75 3773.1414
310000 300.93258 -2975.2902 2116.4271 3626.2513
315000 304.36837 -2950.1125 2078.5552 3664.7643
320000 299.47791 -2998.8276 2109.8276 3574.4337
325000 299.18298 -2942.3092 2116.9562 3633.6851
330000 300.87799 -2923.6981 2094.2479 3654.8504
335000 295.41352 -2956.8924 2141.5981 3587.5636
340000 293.1601 -2931.6012 2117.9715 3555.6433
345000 298.48858 -2934.7565 2103.2678 3617.2
350000 297.19484 -2940.912 2137.6437 3626.1385
355000 298.98106 -2941.9533 2106.7481 3620.8236
360000 305.54684 -2910.262 2128.4454 3772.0689
365000 299.11933 -2876.4827 2043.4119 3625.0187
370000 298.3891 -2889.3631 2118.2174 3676.0604
375000 303.30663 -2906.6875 2092.9211 3706.7309
380000 301.44113 -2938.7338 2129.9122 3683.8722
385000 302.667 -2947.9631 2107.0413 3670.0424
390000 296.2943 -2950.8116 2113.1069 3578.2804
395000 300.05215 -2957.564 2115.0642 3629.4924
400000 302.05129 -2891.0984 2176.1591 3786.8483
405000 301.11276 -2901.1398 2082.2145 3668.8744
410000 294.89506 -2958.829 2051.4917 3487.7935
415000 303.18755 -2970.2193 2116.5338 3665.0371
420000 298.04136 -2989.7767 2110.319 3562.5656
425000 296.3286 -2958.7713 2081.3842 3539.1094
430000 302.39602 -2979.1816 2121.7908 3649.5346
435000 299.05564 -2987.3232 2074.8342 3544.6512
440000 297.94952 -2967.5119 2109.5337 3582.6764
445000 295.36918 -2995.0528 2166.9164 3574.0606
450000 298.81919 -3009.4061 2121.1669 3565.3771
455000 296.94501 -2991.0408 2149.3511 3583.9937
460000 302.01693 -2977.7001 2109.4693 3633.0446
465000 301.64117 -3002.3734 2137.6891 3630.9908
470000 296.28744 -3016.0016 2154.3617 3554.2429
475000 303.10458 -2980.9226 2177.7014 3714.2647
480000 302.00415 -2981.5553 2141.3307 3660.8605
485000 298.30311 -2957.7983 2098.42 3586.5462
490000 301.76581 -2972.364 2157.7226 3682.8913
495000 297.69358 -2974.2518 2117.3793 3579.9675
500000 302.02263 -2976.1072 2122.8668 3648.12
505000 297.39084 -2981.829 2166.5647 3617.0637
510000 304.22516 -2934.1983 2130.0069 3729.9956
515000 305.33875 -2965.1517 2159.15 3744.7824
520000 298.0066 -2974.4743 2105.0208 3572.0517
525000 298.87584 -2991.1738 2120.534 3583.8207
530000 300.23557 -2916.7506 2108.7102 3666.6857
535000 306.25812 -2952.4615 2159.8721 3771.897
540000 300.17767 -2934.0683 2125.3369 3665.1317
545000 300.23 -2921.7137 2113.1112 3666.0405
550000 301.67734 -2937.3162 2116.275 3675.173
555000 304.26389 -2926.9755 2124.047 3731.8358
560000 296.4813 -2919.0722 2138.1167 3637.8166
565000 297.09304 -2910.6852 2091.9034 3609.1078
570000 295.12084 -2885.2384 2153.0883 3666.3457
575000 301.18998 -2903.9728 2156.1931 3741.1708
580000 306.92718 -2859.3649 2101.0796 3816.1728
585000 297.55876 -2899.5929 2066.1998 3601.4375
590000 297.07438 -2918.9505 2161.7876 3670.4486
595000 293.67632 -2905.9709 2116.6686 3587.6643
600000 300.42154 -2888.4241 2145.4839 3734.5575
605000 298.53676 -2947.2665 2091.1636 3593.3038
610000 298.51282 -2870.1189 2135.1836 3714.1149
615000 303.28898 -2908.1491 2115.9081 3727.9932
620000 295.35071 -2903.0035 2058.6046 3557.5229
625000 299.83271 -2918.4182 2145.0728 3695.3764
630000 303.38956 -2930.9271 2091.5184 3682.3246
635000 295.62427 -2955.2929 2119.6208 3570.3269
640000 301.67009 -2932.4059 2165.6084 3729.3086
645000 301.86376 -2961.6962 2078.8528 3616.1491
650000 302.76035 -2962.2041 2062.0802 3612.2315
655000 303.07424 -3004.187 2184.3363 3697.183
660000 300.16871 -2988.2293 2085.31 3570.8102
665000 294.52492 -2984.0798 2174.4562 3579.9906
670000 299.984 -3008.6681 2081.6915 3544.0001
675000 303.8502 -2994.6357 2111.4734 3645.4364
680000 299.29625 -2999.1391 2081.9085 3543.4958
685000 298.59758 -2971.1355 2098.7384 3577.9163
690000 296.67246 -2966.3351 2172.4372 3627.7233
695000 301.07047 -2959.1107 2117.1974 3645.2561
700000 308.49337 -2934.5572 2103.1407 3766.3843
705000 300.45318 -2941.0253 2088.8871 3625.8311
710000 300.8299 -2992.4793 2134.3971 3625.5018
715000 299.0613 -2967.5877 2080.4719 3570.1088
720000 297.70308 -3014.2745 2130.847 3553.5542
725000 299.89423 -2962.7971 2071.8616 3578.7032
730000 291.82741 -3017.192 2033.1778 3365.396
735000 303.47835 -3013.5065 2124.7733 3634.3234
740000 305.46566 -3054.3718 2061.2673 3559.571
745000 301.711 -3032.8448 2140.8612 3604.7322
750000 299.31122 -3022.7348 2101.5444 3539.7591
755000 299.00758 -3014.3985 2131.7026 3573.728
760000 296.1975 -3035.1963 2134.8184 3514.1646
765000 308.63999 -3034.3797 2130.5275 3696.1337
770000 303.48341 -3034.2734 2109.5833 3598.4419
775000 305.19213 -3030.5775 2052.0587 3570.0801
780000 300.09035 -3041.4971 2107.1774 3538.242
785000 302.15173 -2991.1351 2142.7686 3654.918
790000 304.09546 -2970.6664 2091.9283 3653.516
795000 298.83958 -2988.2066 2091.4776 3557.1911
800000 304.0726 -2996.0126 2111.3253 3647.226
805000 300.2379 -2990.4785 2147.1168 3631.3991
810000 294.80512 -2932.1028 2165.6287 3627.3163
815000 296.4849 -2977.4575 2121.5037 3562.872
820000 305.0777 -2979.6549 2100.2436 3667.4821
825000 301.17204 -2963.9401 2087.5211 3612.2642
830000 302.72634 -2970.2087 2063.2538 3604.8936
835000 298.13325 -2927.9469 2077.8876 3593.3336
840000 303.51443 -2975.9661 2136.624 3684.2522
845000 295.67508 -2980.3622 2074.1428 3500.5368
850000 301.28698 -2980.5298 2179.4618 3689.3282
855000 299.08833 -3005.9181 2161.5761 3613.2854
860000 294.13745 -3023.5208 2077.3261 3437.6447
865000 305.92762 -3061.1518 2062.4775 3560.8864
870000 296.17686 -3038.393 2143.8322 3519.6741
875000 303.58667 -3014.7201 2086.0366 3595.9875
880000 299.98518 -3025.6047 2124.8156 3570.2051
885000 299.39979 -3044.9019 2113.732 3531.0997
890000 305.63598 -3012.1971 2116.9374 3659.9543
895000 302.66604 -3025.6928 2116.8981 3602.1551
900000 298.1243 -3009.1957 2077.8777 3511.9416
905000 300.14253 -3015.7895 2148.3758 3605.9257
910000 293.8603 -3023.7919 2060.4073 3416.3241
915000 298.40044 -3014.9957 2073.7559 3506.1352
920000 299.15939 -2999.3419 2063.1225 3522.4672
925000 300.6011 -3015.5238 2069.1379 3533.7881
930000 296.07141 -2977.0955 2092.8835 3528.4511
935000 301.58023 -2940.0766 2102.7707 3657.461
940000 296.17314 -2968.265 2137.5608 3583.4751
945000 296.52701 -2997.4183 2057.3999 3479.4351
950000 296.41429 -2994.4499 2131.271 3554.5946
955000 290.80199 -2984.0133 2127.7102 3477.8244
960000 294.81293 -2948.6027 2098.191 3543.4951
965000 301.34216 -2983.5497 2131.512 3639.1809
970000 294.59094 -2959.238 2078.1883 3509.5485
975000 301.87588 -2957.3648 2165.4454 3707.2539
980000 301.09676 -2986.3557 2118.5241 3619.7296
985000 294.25668 -2985.4277 2090.1463 3490.3349
990000 302.67019 -2993.3392 2111.8684 3629.5409
995000 304.69943 -2975.0559 2030.3948 3596.5945
1000000 308.9462 -2957.4966 2146.2802 3793.3332
1005000 296.99842 -2959.5243 2119.1289 3586.084
1010000 293.49141 -2980.4493 2080.6626 3474.424
1015000 299.23177 -3006.29 2149.755 3603.2304
1020000 299.44537 -2968.4603 2105.2473 3599.7358
1025000 301.69747 -2923.0378 2141.7027 3715.1791
1030000 300.80629 -2902.9259 2189.9628 3770.269
1035000 296.0133 -2883.4765 2158.4048 3686.7254
1040000 297.83626 -2953.4253 2162.8396 3648.3808
1045000 300.17658 -2963.434 2099.0515 3609.4644
1050000 303.28341 -2946.6644 2101.5073 3674.9941
1055000 301.67455 -2989.8061 2178.3355 3684.7021
1060000 297.46519 -2955.8523 2185.6808 3663.2646
1065000 308.36829 -2969.1388 2139.4418 3766.2395
1070000 302.16873 -2959.142 2161.59 3705.9858
1075000 301.52025 -2947.0725 2144.1392 3690.9396
1080000 303.20502 -2941.6176 2066.4791 3643.8444
1085000 294.58984 -2950.952 2081.6119 3521.2416
1090000 296.02538 -2968.5751 2098.668 3542.0701
1095000 299.53547 -2955.7992 2145.7036 3654.1961
1100000 295.39718 -2985.6842 2134.4928 3551.423
1105000 301.63614 -2961.6892 2153.662 3687.573
1110000 300.96858 -2993.7144 2096.6619 3588.5984
1115000 300.59304 -2994.5739 2094.1313 3579.6111
1120000 297.76854 -2978.8287 2121.4136 3580.5423
1125000 303.97685 -3011.8952 2080.5872 3599.1783
1130000 300.92567 -2978.859 2045.5141 3551.6664
1135000 296.41112 -2953.0738 2092.8024 3557.4549
1140000 296.38304 -3024.5325 2135.3859 3528.1611
1145000 307.65732 -2982.6266 2118.9107 3721.6243
1150000 304.46728 -2958.9707 2103.3359 3682.1609
1155000 301.36378 -3013.8975 2122.618 3600.2615
1160000 297.41322 -3044.6935 2137.3208 3525.2888
1165000 305.00219 -3012.2186 2125.6442 3659.1936
1170000 302.52384 -3000.081 2138.6171 3647.3667
1175000 298.71828 -2997.5857 2100.3005 3554.8271
1180000 304.59476 -2982.8131 2120.2173 3677.0998
1185000 297.5813 -3014.2768 2142.0351 3562.925
1190000 293.89396 -3007.4454 2152.9782 3525.7431
1195000 305.16088 -3003.7539 2066.6475 3611.0267
1200000 301.68298 -3000.0404 2148.675 3644.9329
1205000 295.66146 -2995.401 2109.9767 3521.129
1210000 299.1763 -2982.4093 2134.5709 3611.1002
1215000 306.31149 -2977.8404 2089.4822 3676.9236
1220000 301.12742 -2964.8097 2150.8339 3674.0424
1225000 302.53465 -2996.0616 2081.0319 3593.9619
1230000 299.64883 -3007.1884 2119.3583 3578.1511
1235000 293.22572 -3021.1922 2115.5716 3464.6302
1240000 302.36629 -3034.6021 2112.7126 3584.5929
1245000 305.88763 -3023.8089 2103.4239 3638.5796
1250000 299.1051 -2996.4714 2116.454 3577.86
1255000 303.16943 -2985.3487 2113.417 3646.5207
1260000 293.49 -2978.759 2139.4873 3534.9179
1265000 301.09563 -2956.8961 2164.9074 3695.5557
1270000 304.0352 -2998.9377 2114.5257 3646.9439
1275000 299.972 -2991.1013 2150.2821 3629.9786
1280000 294.7362 -2990.0906 2132.9541 3535.6266
1285000 303.81839 -3009.3516 2088.4957 3607.2686
1290000 301.67206 -2947.4109 2113.9467 3662.6713
1295000 305.6055 -3014.7453 2118.5173 3658.5318
1300000 302.54916 -2974.3542 2131.0695 3665.9231
1305000 295.71849 -3009.8373 2057.7277 3455.2936
1310000 297.4113 -2970.0978 2091.1251 3553.6603
1315000 296.09729 -3013.2825 2059.5764 3459.3428
1320000 295.67532 -2914.9686 2115.205 3606.9963
1325000 298.57449 -2959.9415 2093.4443 3583.472
1330000 305.90178 -2981.4648 2133.4735 3711.1841
1335000 295.87349 -2970.7685 2014.5332 3453.4779
1340000 299.80605 -3015.5157 2156.1538 3608.9625
1345000 300.24407 -3008.3406 2105.0332 3571.5452
1350000 303.30216 -3000.5301 2094.4079 3614.3085
1355000 302.21454 -2973.6279 2145.8296 3676.4224
1360000 302.33919 -2920.352 2157.196 3742.9226
1365000 300.12119 -2959.6075 2115.8913 3629.3051
1370000 296.85074 -2964.639 2127.4345 3587.0739
1375000 301.72178 -2943.4951 2144.4796 3697.8611
1380000 299.87116 -2927.8734 2134.9015 3676.3231
1385000 295.30391 -2955.7998 2091.0606 3536.4851
1390000 297.02994 -2938.5807 2158.618 3646.9865
1395000 298.8662 -2960.5221 2094.3776 3588.1724
1400000 297.87827 -2956.6431 2056.2788 3539.2284
1405000 293.80917 -2954.4711 2139.714 3564.1895
1410000 303.42167 -2944.7395 2049.5163 3626.9886
1415000 295.92472 -2933.289 2077.8019 3554.9898
1420000 300.13976 -2901.4283 2121.8292 3693.6989
1425000 301.35333 -2916.4528 2096.7087 3671.6411
1430000 303.25047 -2912.4782 2082.5148 3689.6968
1435000 297.37131 -2855.0623 2095.1238 3672.0984
1440000 302.78065 -2875.0293 2095.9675 3733.5962
1445000 300.11473 -2899.4636 2173.7214 3747.1828
1450000 298.07568 -2911.4821 2113.305 3644.3578
1455000 299.88341 -2940.2568 2094.1786 3623.3993
1460000 297.37301 -2941.3212 2113.544 3604.2852
1465000 300.5307 -2906.4241 2122.408 3695.1086
1470000 295.50083 -2896.8065 2128.3627 3635.7154
1475000 297.07795 -2929.7026 2083.1221 3581.0841
1480000 304.06368 -2911.3827 2085.5313 3705.9288
1485000 295.654 -2906.1562 2137.8077 3638.0936
1490000 297.7775 -2890.8809 2131.7867 3678.9967
1495000 297.53963 -2907.3549 2195.7957 3722.9864
1500000 301.96591 -2892.2943 2102.2336 3710.4543
1505000 302.28423 -2894.1505 2054.4709 3665.5798
1510000 304.29125 -2892.0809 2054.1789 3697.27
1515000 297.34919 -2920.5723 2078.6422 3589.7771
1520000 293.89617 -2931.3372 2129.3547 3578.2608
1525000 302.95831 -2944.2438 2134.0444 3705.1065
1530000 299.94661 -2925.3008 2159.1487 3704.2672
1535000 300.88158 -2888.7545 2090.1776 3685.7772
1540000 298.07922 -2906.2597 2123.4923 3659.8202
1545000 298.97816 -2946.4732 2170.6173 3680.1296
1550000 298.84019 -2887.9394 2135.1793 3701.1692
1555000 305.30951 -2935.9236 2106.8894 3721.3141
1560000 302.40631 -2892.9771 2062.3473 3676.4489
1565000 302.19466 -2919.2897 2130.8554 3715.4901
1570000 300.605 -2949.9086 2054.4269 3584.7502
1575000 305.03712 -2939.0288 2114.0418 3721.3017
1580000 297.92905 -2939.7738 2087.1253 3587.701
1585000 297.47844 -2920.5042 2032.6847 3545.8142
1590000 298.77275 -2956.6334 2151.4261 3647.7169
1595000 300.39313 -2985.6337 2152.2638 3643.7044
1600000 300.34694 -2952.6499 2107.2577 3630.9937
1605000 297.98976 -2959.2966 2105.3991 3587.3568
1610000 298.44802 -2948.8251 2051.0992 3550.3583
1615000 299.68357 -2981.5461 2119.7721 3604.7251
1620000 303.68792 -2933.2134 2116.9418 3709.9084
1625000 292.75543 -2944.4889 2082.7828 3501.5355
1630000 297.08658 -2961.1326 2068.4774 3535.1381
1635000 306.66809 -2936.1733 2087.4964 3721.9196
1640000 298.22596 -2932.2009 2047.9954 3560.5692
1645000 299.59947 -2969.7864 2096.9811 3592.4403
1650000 301.55839 -2957.6812 2114.1989 3650.959
1655000 307.75954 -2962.1252 2183.7067 3808.4453
1660000 303.76136 -2943.7495 2113.5545 3697.0797
1665000 295.78237 -2965.8489 2112.2023 3554.7088
1670000 300.51277 -2932.5297 2140.6543 3686.982
1675000 303.46862 -2951.9703 2114.2209 3685.1622
1680000 296.91843 -2970.8335 2101.1903 3555.644
1685000 300.99653 -2939.2287 2084.6485 3631.4872
1690000 295.32786 -2968.7113 2133.8309 3566.7009
1695000 299.97954 -2891.3825 2100.5123 3680.04
1700000 302.99516 -2966.1326 2120.8898 3670.6124
1705000 302.3377 -2935.7445 2103.3928 3673.7046
1710000 297.68343 -2924.2692 2137.7605 3650.1801
1715000 299.17872 -2962.609 2135.9461 3632.3118
1720000 308.76618 -2976.8486 2063.2934 3688.3114
1725000 301.22652 -2968.3113 2103.0823 3624.2662
1730000 299.35533 -2973.1609 2144.4115 3632.8575
1735000 303.87328 -2983.2827 2189.1965 3734.8564
1740000 302.08406 -2947.4109 2083.5012 3638.3663
1745000 305.695 -2987.8235 2111.6657 3679.9358
1750000 299.18846 -2969.9071 2074.0552 3563.268
1755000 294.68814 -2944.4397 2058.1151 3505.7221
1760000 302.01463 -2946.8368 2084.2699 3638.6743
1765000 297.85749 -2965.4756 2108.196 3582.0034
1770000 295.59047 -3015.5664 2119.1181 3509.0469
1775000 299.61186 -3002.8116 2121.1711 3583.7897
1780000 298.57142 -2977.3286 2135.8815 3608.4763
1785000 305.51555 -3006.7096 2171.0303 3717.7397
1790000 302.1228 -2946.8385 2104.9414 3660.9563
1795000 308.01803 -2963.5092 2166.6933 3793.9003
1800000 308.01727 -2948.2621 2078.4803 3720.9231
1805000 306.42554 -2916.8486 2130.8402 3780.9734
1810000 300.45493 -2954.7869 2076.9287 3600.1372
1815000 308.11411 -2936.7237 2141.0826 3796.5072
1820000 300.49778 -2965.2037 2083.024 3596.4544
1825000 300.08997 -2949.7658 2171.2263 3694.0166
1830000 300.79997 -2935.0323 2050.9408 3599.0464
1835000 297.06705 -2988.7838 2153.9699 3592.6883
1840000 293.86539 -2982.5037 2062.3508 3459.6316
1845000 302.59383 -2936.9742 2092.1863 3665.0858
1850000 299.0564 -3002.2655 2129.6714 3584.5576
1855000 294.8772 -2941.6994 2086.7127 3539.878
1860000 295.19244 -3003.0278 2090.4071 3486.9422
1865000 305.54258 -2968.7833 2165.6231 3750.6617
1870000 299.87001 -2948.1509 2131.2602 3652.387
1875000 301.28329 -2905.5537 2090.7401 3675.5277
1880000 299.49764 -2910.061 2094.7747 3648.4416
1885000 300.41937 -2923.584 2142.7784 3696.6598
1890000 307.9699 -2880.4302 2103.8045 3813.3731
1895000 301.38977 -2911.0463 2154.0986 3734.9805
1900000 302.35573 -2907.5599 2101.3648 3700.1299
1905000 296.54433 -2919.508 2110.6097 3610.8133
1910000 296.9468 -2935.827 2103.2897 3593.1728
1915000 305.20581 -2966.0327 2094.4307 3677.2008
1920000 300.22732 -2903.2124 2088.4697 3659.8604
1925000 306.31877 -2937.1392 2125.0619 3753.313
1930000 309.16153 -2927.9444 2157.1126 3836.9272
1935000 297.6554 -2976.9805 2106.2079 3565.4985
1940000 304.36553 -2949.7885 2142.7872 3729.2779
1945000 301.9258 -2954.4728 2078.9646 3624.409
1950000 300.94451 -2946.2156 2116.144 3655.2205
1955000 300.80652 -2962.9174 2096.4129 3616.731
1960000 295.20803 -2965.1948 2105.7971 3540.3975
1965000 299.21748 -2946.4986 2136.9667 3650.0205
1970000 299.67396 -2935.4792 2132.9133 3663.7899
1975000 290.96776 -2913.9135 2144.742 3567.4267
1980000 295.12819 -2962.729 2076.6034 3512.4798
1985000 301.10464 -2915.3725 2073.7927 3646.0989
1990000 300.3929 -2902.813 2118.2325 3692.4904
1995000 297.86367 -2921.4158 2067.3645 3585.3239
2000000 302.25565 -2909.2507 2093.5978 3689.1805
2005000 305.80705 -2904.4038 2099.3136 3752.6735
2010000 308.29796 -2929.2117 2033.0604 3698.737
2015000 302.98459 -2935.1979 2045.8035 3626.3031
2020000 305.64779 -2942.2895 2082.5358 3695.6363
2025000 301.17225 -2941.0307 2127.8947 3675.5503
2030000 299.54816 -2948.0543 2032.1958 3548.6224
2035000 306.6184 -2964.6889 2103.3595 3708.5267
2040000 307.45122 -2950.7113 2122.5871 3754.1442
2045000 297.93291 -2933.9349 2121.5545 3628.0267
2050000 301.22237 -2964.5077 2147.3424 3672.2679
2055000 301.06372 -2963.3202 2084.685 3608.4336
2060000 298.75467 -2922.6426 2049.5376 3579.5496
2065000 300.06562 -2936.131 2122.4586 3658.5208
2070000 303.14717 -2954.3804 2174.3607 3738.1009
2075000 300.00509 -2953.3132 2104.5766 3622.5543
2080000 306.58104 -2930.5373 2090.5003 3729.2622
2085000 297.77784 -2965.8637 2117.6391 3589.8713
2090000 302.48935 -2934.1909 2065.0589 3639.1844
2095000 296.20795 -2971.1956 2119.4626 3562.9651
2100000 299.85029 -2949.6004 2094.395 3613.7785
2105000 294.03693 -2954.9051 2110.1631 3537.5992
2110000 303.30372 -2947.4959 2125.4679 3698.4258
2115000 296.92512 -2962.2844 2098.37 3561.4725
2120000 301.68461 -2955.0068 2080.3209 3621.6367
2125000 292.4646 -2971.232 2117.9753 3505.6504
2130000 308.42675 -2936.2527 2095.3104 3755.8654
2135000 301.6511 -2920.1151 2102.1706 3677.8786
2140000 304.72791 -2972.295 2145.8412 3715.2262
2145000 297.5905 -2962.3926 2144.6087 3617.5199
2150000 302.25769 -2963.7781 2114.6216 3655.7072
2155000 300.42297 -2986.8967 2148.9026 3639.5249
2160000 301.48551 -2987.3686 2074.2905 3580.277
2165000 293.81855 -2956.7741 2084.6839 3506.9962
2170000 297.24922 -2929.4935 2125.4928 3626.2167
2175000 294.50328 -2951.7027 2116.6844 3554.2733
2180000 301.65569 -2970.9174 2143.3153 3668.2893
2185000 298.36585 -2997.4901 2173.0123 3622.3818
2190000 299.77717 -2992.6718 2082.3541 3557.5764
2195000 299.50666 -2985.1649 2130.7057 3609.4032
2200000 303.31923 -2966.4114 2117.5167 3671.7903
2205000 301.9103 -2968.3125 2156.3165 3687.6903
2210000 295.40118 -2972.0249 2151.5318 3582.1809
2215000 300.94392 -2981.7158 2108.6004 3612.1679
2220000 294.06536 -2963.4643 2107.6442 3526.9449
2225000 302.70104 -2960.5378 2077.3322 3628.2659
2230000 295.57849 -2953.985 2151.9096 3603.2412
2235000 290.41525 -3029.7657 2179.7597 3478.3575
2240000 297.22235 -3005.0595 2105.1903 3529.9478
2245000 297.77152 -3019.9642 2085.8161 3503.8536
2250000 302.99742 -3009.6243 2115.0929 3621.3574
2255000 301.97609 -2992.652 2089.711 3597.7258
2260000 295.66922 -2994.6452 2174.2531 3586.2768
2265000 293.63309 -2984.7514 2115.8723 3507.4431
2270000 301.3205 -2996.0433 2122.5483 3617.4009
2275000 301.86495 -3009.0523 2098.3735 3588.3317
2280000 296.11041 -2997.2911 2086.5332 3502.4865
2285000 300.88833 -2970.1049 2112.3204 3626.6703
2290000 297.94552 -2967.4816 2110.5206 3583.634
2295000 290.05099 -2954.4515 2150.7463 3519.2293
2300000 301.15656 -2943.699 2054.6758 3599.4293
2305000 302.11705 -2943.124 2081.7566 3641.4004
2310000 301.55452 -2927.7515 2112.7993 3679.4315
2315000 301.29955 -2954.2134 2092.9046 3629.2748
2320000 305.37233 -2926.0616 2121.1372 3746.3601
2325000 298.30618 -2974.2946 2114.4253 3586.101
2330000 300.83162 -3002.255 2095.8373 3577.1919
2335000 300.87819 -2969.0287 2119.5031 3634.7781
2340000 301.65176 -2949.547 2162.5054 3708.7913
2345000 299.50621 -2934.1312 2150.504 3680.2284
2350000 300.00608 -2930.2243 2130.5252 3671.6066
2355000 300.81191 -2957.5486 2092.2373 3618.0046
2360000 299.00356 -2944.503 2085.477 3597.338
2365000 299.78659 -2934.7118 2092.4224 3625.745
2370000 292.43375 -2955.5244 2098.6654 3501.5883
2375000 298.15785 -2937.3443 2115.338 3621.7533
2380000 302.95593 -2890.8034 2067.4015 3691.8685
2385000 298.06306 -2906.9826 2141.2374 3676.6016
2390000 301.93378 -2886.189 2126.6148 3740.462
2395000 294.33752 -2941.7709 2088.4536 3533.5039
2400000 301.73208 -2929.518 2034.5264 3602.0385
2405000 297.741 -2911.6899 2116.5523 3642.4092
2410000 294.09792 -2963.2165 2065.1772 3485.2109
2415000 298.51989 -2977.1741 2032.945 3504.9263
2420000 295.82887 -2923.9967 2055.2492 3540.3009
2425000 300.23352 -2924.6861 2139.6561 3689.6655
2430000 297.94505 -2953.0467 2113.0618 3600.6031
2435000 295.8236 -2957.8497 2057.4825 3508.6025
2440000 300.58621 -2941.1945 2082.6936 3621.451
2445000 300.71247 -2983.9049 2179.8731 3677.8019
2450000 294.85223 -2987.6986 2100.2183 3507.0121
2455000 306.54366 -2934.7859 2075.1946 3709.1509
2460000 300.35593 -2934.4669 2114.3041 3656.3571
2465000 295.39176 -2962.0128 2118.8666 3559.3875
2470000 295.96517 -2933.9177 2100.6556 3577.8177
2475000 305.36424 -2904.4029 2155.5514 3802.3125
2480000 303.47166 -2911.9376 2150.8822 3761.9015
2485000 302.84916 -2937.9488 2092.2967 3668.0269
2490000 298.39728 -2899.1472 2079.7635 3627.9444
2495000 296.36282 -2946.6482 2160.2046 3630.5628
2500000 296.50787 -2909.4313 2147.309 3657.0459
2505000 298.36895 -2921.8478 2090.6081 3615.6661
2510000 301.38071 -2908.1774 2140.9016 3724.5174
2515000 294.12277 -2911.4883 2081.7991 3553.9313
2520000 298.92709 -2869.9927 2171.7259 3756.9575
2525000 304.95468 -2919.6726 2230.9229 3856.3102
2530000 302.67524 -2909.0385 2057.5295 3659.5779
2535000 298.92112 -2918.8306 2140.3736 3676.6784
2540000 303.48888 -2918.6525 2086.299 3690.86
2545000 297.4622 -2950.881 2131.3022 3613.8129
2550000 295.92336 -2910.4986 2126.5031 3626.4613
2555000 296.01277 -2933.2888 2172.3079 3650.8083
2560000 298.45668 -2927.5444 2133.151 3653.8199
2565000 297.91745 -2900.9998 2175.809 3714.9858
2570000 300.42817 -2885.5772 2109.8377 3701.857
2575000 294.44274 -2886.3574 2108.6011 3610.6331
2580000 296.61061 -2905.1926 2113.6764 3629.1831
2585000 296.29664 -2924.6928 2139.3208 3630.6481
2590000 292.90902 -2916.0886 2127.3089 3576.751
2595000 304.94247 -2911.466 2132.0665 3765.4783
2600000 300.37927 -2902.1845 2106.0071 3680.6903
2605000 303.84204 -2891.2108 2086.7663 3724.0326
2610000 303.0223 -2953.2824 2137.7686 3700.7458
2615000 302.49818 -2915.8264 2059.5083 3652.1299
2620000 297.61259 -2897.86 2197.509 3735.282
2625000 304.82249 -2879.2481 2120.8504 3784.6919
2630000 302.15619 -2889.6826 2162.3817 3776.0502
2635000 294.47262 -2885.6569 2059.3051 3562.483
2640000 304.33984 -2897.2147 2090.2315 3728.913
2645000 298.35746 -2908.1677 2126.7181 3665.2849
2650000 300.75469 -2893.5222 2138.2455 3727.1862
2655000 303.76706 -2916.5715 2134.9784 3745.7665
2660000 301.33949 -2900.4522 2131.1125 3721.8392
2665000 299.94435 -2866.9604 2129.0068 3732.432
2670000 297.44261 -2909.7809 2120.9918 3644.3105
2675000 298.90405 -2931.056 2076.5245 3600.3495
2680000 306.17441 -2884.3166 2092.4133 3771.3355
2685000 302.19566 -2947.3834 2194.7405 3751.2964
2690000 294.39194 -2907.4467 2100.5592 3580.7448
2695000 301.93939 -2894.6386 2147.0433 3752.5245
2700000 300.93737 -2920.5565 2112.1279 3676.757
2705000 302.44608 -2933.6377 2086.7178 3660.7517
2710000 299.34051 -2927.6534 2111.9445 3645.677
2715000 301.43901 -2917.5561 2152.4362 3727.5422
2720000 304.55234 -2931.3876 2055.5308 3663.2066
2725000 302.63648 -2911.5485 2125.9308 3724.8915
2730000 301.16422 -2941.2076 2104.5699 3651.9289
2735000 304.60512 -2933.9967 2123.1625 3729.0159
2740000 307.15399 -2926.5148 2161.158 3812.4817
2745000 293.59025 -2946.8059 2171.446 3600.3239
2750000 305.74692 -2939.156 2156.6849 3774.3964
2755000 297.85108 -2943.1315 2082.9413 3578.9972
2760000 293.94284 -2966.3984 2116.3702 3530.9106
2765000 296.48901 -2951.3853 2102.642 3570.1438
2770000 299.91493 -2937.1984 2046.8633 3579.612
2775000 300.41653 -2958.2107 2078.289 3597.5014
2780000 303.93123 -2960.5343 2125.5077 3694.7797
2785000 294.64992 -2968.0964 2071.905 3495.2858
2790000 307.12883 -2969.6055 2131.2572 3739.1152
2795000 298.71325 -2969.1972 2106.0727 3588.9128
2800000 294.73237 -2973.5171 2027.242 3446.4309
2805000 300.22096 -2948.873 2090.9176 3616.5529
2810000 303.71555 -2938.8067 2159.387 3747.1721
2815000 302.65305 -2872.7403 2138.7715 3776.7875
2820000 299.16935 -2866.9466 2173.2671 3765.1556
2825000 306.3873 -2871.3648 2116.1837 3811.2306
2830000 296.42444 -2862.883 2113.8499 3668.8917
2835000 301.38441 -2862.3793 2128.0871 3757.5561
2840000 303.08444 -2846.6241 2119.9957 3790.5574
2845000 297.41005 -2893.4424 2095.504 3634.6759
2850000 302.2233 -2864.8729 2149.2959 3788.7743
2855000 301.55645 -2930.9288 2103.834 3667.3177
2860000 303.72456 -2920.8352 2054.2673 3660.1582
2865000 300.23897 -2912.3915 2114.7057 3677.0908
2870000 299.85884 -2897.4375 2156.524 3728.1976
2875000 303.96129 -2895.4227 2077.9603 3712.7919
2880000 306.69401 -2886.0778 2088.4153 3773.3205
2885000 301.06995 -2903.8677 2089.5601 3672.8541
2890000 301.15319 -2932.9175 2091.8566 3647.3414
2895000 299.16436 -2896.2238 2154.9285 3717.4654
2900000 291.99544 -2896.9923 2119.9964 3574.9188
2905000 300.11515 -2919.3733 2078.3591 3631.9171
2910000 300.97485 -2896.5372 2056.67 3645.8771
2915000 299.38481 -2968.5899 2079.1242 3572.5806
2920000 295.40586 -2964.8919 2113.8164 3551.6682
2925000 302.95966 -2933.7295 2064.1856 3645.782
2930000 294.23477 -3004.8384 2114.95 3495.4013
2935000 305.95826 -2967.0936 2175.2103 3768.1339
2940000 296.32096 -2959.5741 2097.2834 3554.0918
2945000 296.00357 -2964.8694 2138.1919 3584.9746
2950000 300.79143 -2971.0344 2083.3744 3595.3506
2955000 301.02157 -2870.5775 2121.6965 3737.5595
2960000 297.4388 -2931.0418 2090.8749 3592.876
2965000 305.81621 -2909.5195 2126.6373 3775.0179
2970000 298.52942 -2958.5165 2096.7235 3587.5046
2975000 303.88154 -2952.9624 2113.3765 3689.4799
2980000 297.80094 -2979.8049 2140.1018 3598.7371
2985000 296.81082 -2909.859 2131.4482 3645.2726
2990000 299.14012 -2944.6162 2166.7909 3680.574
2995000 299.20553 -2975.2254 2119.996 3604.1448
3000000 303.11016 -2915.6348 2123.6743 3725.6086
3005000 300.77764 -2936.4393 2102.1862 3648.5519
3010000 297.05625 -2931.5024 2063.5148 3559.3536
3015000 303.82005 -2950.8175 2158.4956 3735.8274
3020000 301.64631 -2924.2532 2135.3481 3706.8466
3025000 305.09512 -2938.9161 2114.9423 3723.1792
3030000 300.75073 -2922.9794 2092.7437 3652.1682
3035000 306.97209 -2998.5119 2092.1301 3668.7457
3040000 304.8838 -2988.6642 2097.5766 3652.9158
3045000 294.00687 -3004.7943 2045.1096 3422.2085
3050000 296.64482 -2993.5192 2135.4142 3563.1043
3055000 300.12492 -2976.1139 2190.5889 3687.5519
3060000 300.31986 -2959.4561 2106.3394 3622.8656
3065000 307.7693 -2940.8974 2191.0529 3837.1647
3070000 294.4475 -2895.9546 2103.5619 3596.0677
3075000 301.14082 -2923.3731 2190.6814 3755.5262
3080000 305.28017 -2900.367 2164.4655 3814.0094
3085000 295.41322 -2926.882 2063.8753 3539.8468
3090000 298.31039 -2906.2484 2074.8474 3614.6321
3095000 301.53353 -2926.25 2097.3858 3665.2066
3100000 306.15955 -2893.4919 2160.0972 3829.6225
3105000 298.72282 -2901.7985 2128.515 3678.8964
3110000 299.4739 -2921.3561 2172.9216 3714.9396
3115000 297.02509 -2934.5952 2096.2511 3588.5328
3120000 299.46681 -2957.3897 2167.8588 3673.7375
3125000 300.97077 -2904.3922 2094.4771 3675.7684
3130000 296.37209 -2954.686 2137.25 3599.7086
3135000 301.78452 -2947.6975 2151.9215 3702.0356
3140000 302.10419 -2962.5022 2085.3288 3625.4026
3145000 303.73945 -2965.2183 2141.0658 3702.7956
3150000 298.75643 -2951.2567 2066.9539 3568.3781
3155000 298.95272 -2991.2012 2104.4613 3568.8665
3160000 301.20809 -2986.9196 2058.6712 3560.9721
3165000 303.23513 -2977.2818 2164.9261 3707.0759
3170000 298.52399 -2993.4925 2161.1906 3616.9147
3175000 302.81076 -3017.2313 2075.6547 3571.5302
3180000 300.81368 -3013.5573 2131.0444 3600.8292
3185000 299.63146 -3029.7354 2149.0989 3585.0858
3190000 301.86449 -2998.4866 2131.813 3632.3299
3195000 306.79038 -3007.8445 2084.0974 3648.6722
3200000 298.95245 -2994.9997 2117.5854 3578.188
3205000 302.61051 -2999.0974 2165.4398 3676.4646
3210000 303.31253 -2980.1535 2066.9269 3607.3586
3215000 301.57736 -2997.2702 2079.595 3577.0488
3220000 300.10595 -2975.5446 2142.7736 3640.0231
3225000 298.10382 -2995.9399 2088.6242 3535.6387
3230000 299.76484 -2990.1879 2154.469 3631.9913
3235000 298.16707 -2979.422 2068.7721 3533.247
3240000 297.05751 -2974.8882 2160.0502 3612.522
3245000 296.58197 -2964.4616 2081.482 3537.293
3250000 305.46401 -2926.0411 2185.2675 3811.8774
3255000 300.38104 -2979.2207 2087.5279 3585.2013
3260000 298.1012 -2949.0801 2148.5197 3642.3549
3265000 297.15661 -3007.1813 2097.9038 3519.5596
3270000 300.11401 -2937.7705 2143.1215 3678.2653
3275000 305.05673 -2983.2999 2191.5884 3754.8695
3280000 296.70257 -2983.0353 2121.2944 3560.3291
3285000 299.92038 -3011.219 2128.724 3587.5334
3290000 303.07922 -2957.1648 2106.0708 3666.014
3295000 302.5763 -2936.6166 2088.6583 3661.654
3300000 301.43962 -2967.2637 2087.9721 3613.3796
3305000 296.81704 -2959.8037 2112.575 3576.5473
3310000 293.73731 -2968.366 2067.8219 3477.3315
3315000 298.14139 -2950.8888 2100.1018 3592.7272
3320000 296.65085 -2943.2482 2082.1471 3560.198
3325000 297.91147 -2976.3663 2123.7082 3587.4295
3330000 300.05552 -2957.8224 2142.0097 3656.2299
3335000 299.49976 -2911.678 2047.5523 3599.6337
3340000 294.81954 -2911.5252 2124.8626 3607.3427
3345000 303.90138 -2921.6903 2126.5179 3734.189
3350000 297.38507 -2927.6508 2128.6148 3633.2061
3355000 302.01648 -2992.9872 2102.0543 3610.3359
3360000 301.19186 -2938.931 2048.5501 3598.5978
3365000 300.02331 -2922.2647 2062.1483 3611.446
3370000 298.62783 -2937.8012 2147.6876 3660.6506
3375000 304.02601 -2969.2614 2144.756 3706.7135
3380000 292.53746 -2987.5543 2171.795 3544.2337
3385000 302.12882 -2923.8262 2127.1587 3706.2756
3390000 296.2298 -2930.4311 2100.3279 3584.9206
3395000 294.45882 -2909.0464 2133.4448 3613.0274
3400000 303.89371 -2944.2777 2139.4995 3724.469
3405000 302.11646 -2974.403 2136.2654 3664.6212
3410000 299.74055 -2924.1276 2105.0767 3648.2973
3415000 293.80693 -2938.8555 2129.324 3569.3818
3420000 300.57365 -2924.0268 2093.7504 3649.4885
3425000 296.65958 -2926.2787 2089.1075 3584.2581
3430000 301.11977 -2946.2288 2100.6577 3642.3332
3435000 296.94012 -2933.1717 2124.233 3616.6718
3440000 300.0157 -2941.8168 2098.3061 3627.9385
3445000 302.04172 -2939.2168 2150.6773 3713.1056
3450000 308.20133 -2961.3154 2110.5274 3742.6601
3455000 296.01294 -2937.6168 2083.1303 3557.3053
3460000 306.06613 -2935.7304 2144.9321 3770.8267
3465000 299.68808 -2934.5048 2088.6689 3620.7302
3470000 297.57207 -2934.7973 2178.1381 3678.3698
3475000 296.59353 -2945.7853 2101.1729 3575.8325
3480000 302.58924 -2954.0142 2054.1874 3609.9785
3485000 298.82175 -2951.2013 2085.4297 3587.8828
3490000 298.9801 -3003.2058 2124.8711 3577.6797
3495000 302.06192 -3004.5061 2107.7857 3605.2257
3500000 298.01317 -3020.6711 2127.1329 3548.065
3505000 303.16444 -2973.0439 2105.3537 3650.6878
3510000 297.53126 -3000.3663 2138.2711 3572.3257
3515000 299.19224 -2994.082 2108.0662 3573.1603
3520000 302.05269 -2969.5942 2100.1355 3632.3498
3525000 298.8546 -2978.4941 2069.378 3545.0279
3530000 301.39834 -2974.3959 2119.5471 3637.2073
3535000 296.26238 -3006.9269 2059.3373 3467.9197
3540000 301.78054 -3014.5168 2119.674 3602.9095
3545000 301.45394 -2999.5593 2118.833 3612.1584
3550000 301.41195 -3024.9578 2110.8611 3578.1621
3555000 304.19487 -2986.4931 2149.6455 3696.888
3560000 295.85628 -3006.777 2104.7778 3507.4577
3565000 294.98184 -3003.9252 2087.5417 3480.0407
3570000 293.62637 -2949.7769 2119.478 3545.9233
3575000 298.37768 -3002.953 2135.3801 3579.463
3580000 300.64483 -3008.5453 2114.2605 3586.5408
3585000 299.80301 -2980.4328 2121.3685 3609.2148
3590000 302.67709 -3015.9963 2108.0481 3603.1664
3595000 296.51493 -3003.7808 2132.1541 3547.6467
3600000 302.75666 -3020.0926 2168.9313 3661.1391
3605000 302.55654 -2994.8745 2107.7814 3622.2248
3610000 295.40754 -2993.3443 2123.9216 3533.3461
3615000 297.22397 -2984.322 2082.1716 3527.6907
3620000 301.31629 -2950.7907 2132.4869 3672.5294
3625000 300.9256 -2982.0426 2123.8501 3626.8177
3630000 296.47924 -2944.3734 2160.7767 3635.1448
3635000 297.20461 -2973.937 2154.6398 3610.2553
3640000 300.32535 -2984.7523 2082.4362 3573.748
3645000 305.72626 -3002.6884 2146.3163 3700.1874
3650000 310.57351 -2980.4013 2122.6327 3771.0346
3655000 302.23662 -2925.4833 2089.3602 3668.4266
3660000 301.87185 -2953.245 2131.5044 3677.3726
3665000 301.30992 -2963.8595 2071.7049 3598.5836
3670000 300.53473 -2939.2029 2082.095 3622.0768
3675000 299.58125 -2920.635 2069.3717 3613.7107
3680000 300.9085 -2896.6113 2112.9285 3701.0725
3685000 294.86987 -2882.5852 2099.5375 3611.7076
3690000 303.52649 -2928.8573 2145.2509 3740.1677
3695000 302.55202 -2957.453 2125.7561 3677.5537
3700000 296.23379 -2966.2547 2063.0441 3511.8727
3705000 295.69804 -2952.4636 2130.3541 3584.9888
3710000 302.09757 -2901.0584 2080.4085 3681.8275
3715000 304.22407 -2926.5474 2050.4843 3658.1077
3720000 301.91887 -2911.156 2147.8377 3736.4957
3725000 302.52736 -2982.0089 2128.0599 3654.934
3730000 295.08793 -2942.3784 2156.153 3611.78
3735000 303.19297 -2959.58 2129.2111 3688.4344
3740000 305.60865 -2960.1146 2083.6492 3678.3412
3745000 296.64054 -2959.3624 2107.4242 3569.2073
3750000 295.1058 -2947.1663 2111.0284 3562.1338
3755000 302.90593 -2948.1111 2090.4823 3656.8963
3760000 299.05226 -2913.9291 2116.8003 3659.9611
3765000 300.49382 -2933.5095 2069.4556 3614.5211
3770000 303.36718 -2894.1595 2065.8726 3693.1128
3775000 298.61804 -2904.4428 2066.7111 3612.8866
3780000 298.12242 -2913.1597 2118.9569 3649.0287
3785000 301.30929 -2908.1586 2111.3515 3693.9216
3790000 301.46 -2915.6056 2133.963 3711.3324
3795000 302.6811 -2907.1526 2107.8859 3711.9077
3800000 300.60074 -2927.7567 2117.9368 3670.3485
3805000 300.46227 -2930.0286 2131.1906 3679.2667
3810000 304.79464 -2934.8772 2083.1887 3690.9861
3815000 304.65719 -2980.097 2127.2573 3687.7864
3820000 303.2911 -2980.859 2116.5881 3655.9949
3825000 296.26846 -2965.7847 2110.1155 3559.9308
3830000 297.59236 -2976.4366 2147.6181 3606.5131
3835000 294.61087 -2950.1434 2189.1032 3629.855
3840000 296.40064 -2998.9208 2172.1438 3590.7931
3845000 300.74461 -2964.5954 2154.565 3672.2823
3850000 303.27647 -2934.8938 2147.595 3732.7489
3855000 298.51496 -2973.4574 2088.8568 3564.4814
3860000 304.3844 -2956.5925 2071.4922 3651.4601
3865000 302.05585 -2939.6069 2126.2992 3688.5479
3870000 297.23969 -2963.1622 2082.8495 3549.7625
3875000 299.14181 -2959.3407 2133.5126 3632.5965
3880000 301.31424 -2952.898 2117.2939 3655.1985
3885000 296.74937 -2961.0073 2107.4511 3569.2113
3890000 296.43945 -2946.5742 2138.5338 3610.108
3895000 300.51778 -2939.5677 2115.5944 3654.9587
3900000 293.60046 -2923.6838 2121.8584 3574.0105
3905000 293.95164 -2936.9468 2129.142 3573.2653
3910000 291.11617 -2940.0467 2155.6791 3554.4425
3915000 306.9569 -2911.8786 2180.0574 3843.08
3920000 304.12632 -2900.9178 2121.5571 3753.3533
3925000 302.57011 -2881.295 2098.7905 3727.0156
3930000 302.15066 -2853.6599 2090.2759 3739.8847
3935000 301.06449 -2862.8366 2124.5269 3748.7706
3940000 300.33464 -2907.3552 2127.2529 3696.1003
3945000 292.7397 -2921.935 2127.5314 3568.6036
3950000 304.26516 -2895.86 2109.5719 3748.4951
3955000 301.40132 -2926.5412 2105.2392 3670.7983
3960000 299.99536 -2931.9603 2099.8192 3639.0049
3965000 302.56675 -2932.633 2060.5043 3637.3414
3970000 302.56202 -2921.7706 2129.7728 3717.4017
3975000 298.50215 -2952.3251 2103.0027 3599.5686
3980000 302.85435 -2898.39 2101.8081 3717.1745
3985000 299.00537 -2966.666 2096.2579 3585.983
3990000 303.49478 -2986.775 2125.4528 3661.9792
3995000 302.34524 -2976.2278 2056.8357 3586.7764
4000000 303.42065 -2953.631 2074.5586 3643.1243
4005000 297.58956 -2936.1336 2067.2054 3566.3616
4010000 300.30735 -2956.4692 2139.6053 3658.9319
4015000 304.95098 -2966.8324 2110.0222 3688.1945
4020000 298.46663 -2994.0306 2089.9222 3544.2533
4025000 299.27986 -3025.5587 2049.9364 3484.8597
4030000 292.78706 -2986.3695 2135.5386 3512.8822
4035000 297.82163 -2985.9008 2097.2298 3550.0775
4040000 297.39974 -2952.9993 2156.0449 3635.5062
4045000 299.81165 -2978.4506 2098.7541 3588.7114
4050000 302.7175 -2965.87 2154.3756 3700.2224
4055000 299.77407 -2957.446 2141.591 3651.9928
4060000 291.17517 -2943.4045 2065.277 3461.5619
4065000 296.26236 -2984.9786 2126.3098 3556.8404
4070000 302.11695 -2965.8062 2025.442 3562.402
4075000 302.76129 -2914.0759 2106.6315 3704.9251
4080000 302.78344 -2914.2307 2108.4363 3706.9052
4085000 300.93851 -2910.0133 2098.7384 3673.9277
4090000 304.99 -2855.7985 2117.8053 3807.5931
4095000 301.29745 -2871.6792 2160.2536 3779.1266
4100000 300.90122 -2833.1819 2103.9303 3755.3953
4105000 299.75025 -2859.0659 2105.9429 3714.3699
4110000 300.85904 -2844.4651 2077.6184 3717.1716
4115000 302.59496 -2867.757 2106.9472 3749.0807
4120000 301.03329 -2913.1899 2097.2231 3670.6484
4125000 301.08582 -2857.3568 2086.6183 3716.6598
4130000 299.65782 -2877.9168 2051.0152 3639.2136
4135000 298.44494 -2877.3813 2104.3973 3675.0544
4140000 299.63903 -2871.6887 2115.9944 3710.1408
4145000 292.70772 -2886.4314 2061.3654 3537.4646
4150000 298.79493 -2882.7249 2070.4508 3640.9805
4155000 296.36944 -2866.6762 2126.5825 3677.0114
4160000 298.41363 -2908.7015 2048.1847 3587.055
4165000 302.81623 -2874.338 2146.9879 3785.8382
4170000 305.33326 -2856.4947 2086.459 3780.6666
4175000 298.99374 -2862.299 2040.6907 3634.6094
4180000 301.84988 -2841.557 2111.695 3768.9237
4185000 299.08048 -2849.9431 2141.0805 3748.6479
4190000 297.51557 -2868.0088 2101.7256 3667.9039
4195000 303.77349 -2872.9849 2079.7067 3734.1771
4200000 295.04463 -2882.9958 2178.1448 3692.509
4205000 304.80325 -2902.7423 2108.0073 3748.068
4210000 296.64863 -2840.4251 2125.8012 3706.6422
4215000 304.94105 -2891.7946 2144.3107 3797.3728
4220000 294.22726 -2885.6982 2077.6499 3577.1295
4225000 296.55931 -2864.5109 2172.3132 3727.7372
4230000 304.77262 -2843.8301 2139.0398 3837.5562
4235000 303.69316 -2830.006 2116.4542 3812.7063
4240000 297.86301 -2859.1389 2090.0954 3670.3219
4245000 299.19205 -2865.572 2082.2419 3675.8432
4250000 296.69354 -2855.995 2145.7418 3711.6823
4255000 299.56156 -2869.0348 2187.9194 3783.5651
4260000 297.68824 -2867.7362 2111.3059 3680.3301
4265000 294.65753 -2875.9839 2133.9664 3649.5731
4270000 302.39635 -2902.0021 2142.6715 3747.5999
4275000 300.88272 -2902.0286 2123.6105 3705.953
4280000 299.72167 -2880.8098 2122.1998 3708.4568
4285000 300.82825 -2908.7926 2096.947 3671.7139
4290000 301.43318 -2891.9727 2083.9572 3684.5598
4295000 307.73341 -2870.8259 2096.5908 3812.2391
4300000 299.64934 -2860.7251 2124.3659 3729.6296
4305000 303.72421 -2885.9502 2118.7855 3759.5561
4310000 294.27029 -2876.147 2156.0149 3665.6871
4315000 305.54702 -2896.2588 2131.3963 3789.0256
4320000 297.56751 -2912.7252 2101.7341 3623.97
4325000 303.97457 -2983.3536 2116.6811 3663.7797
4330000 298.90237 -2928.2374 2086.6059 3613.2245
4335000 297.73724 -2933.238 2080.8538 3585.1065
4340000 296.90028 -2933.8666 2089.9888 3581.1389
4345000 302.39208 -2932.9114 2079.8956 3653.851
4350000 300.7489 -2979.3971 2157.9012 3660.8809
4355000 304.81206 -2973.1993 2173.2089 3742.9438
4360000 298.13532 -2936.0876 2107.5785 3614.9147
4365000 296.53951 -2943.1225 2098.7844 3575.3017
4370000 295.45529 -2937.2894 2073.5093 3539.7004
4375000 294.3024 -2960.1754 2077.0992 3503.2215
4380000 303.85364 -2914.5454 2097.6274 3711.7319
4385000 292.18682 -2923.219 2150.0728 3581.6208
4390000 295.79205 -2941.865 2144.6723 3611.3069
4395000 304.64441 -2979.815 2139.5377 3700.1582
4400000 291.53306 -2969.6686 2112.275 3487.6297
4405000 296.51718 -2953.8198 2113.5373 3579.0246
4410000 299.22212 -2956.0386 2148.755 3652.3379
4415000 301.93207 -2953.8428 2041.3627 3587.5306
4420000 298.12515 -2953.2045 2163.7626 3653.8304
4425000 300.7713 -2943.7605 2128.3531 3667.3032
4430000 303.08138 -2934.7397 2089.986 3672.3864
4435000 297.92375 -2890.7045 2102.9021 3652.4682
4440000 300.03386 -2899.4833 2114.6691 3686.9055
4445000 298.6381 -2896.1588 2123.0703 3677.8287
4450000 302.74749 -2869.8621 2114.2847 3756.5863
4455000 298.76608 -2905.9017 2130.3681 3677.2912
4460000 299.81993 -2916.803 2192.7531 3744.4814
4465000 293.17748 -2906.4821 2114.1142 3577.1639
4470000 301.52836 -2901.0681 2080.8389 3673.7646
4475000 302.07628 -2887.7354 2094.5991 3709.0237
4480000 300.64427 -2845.5354 2068.3975 3703.6793
4485000 303.32023 -2846.8231 2086.1192 3759.9962
4490000 299.64446 -2864.2673 2042.6648 3644.3135
4495000 299.94349 -2875.008 2120.2798 3715.6447
4500000 301.25929 -2853.8043 2122.7823 3758.9617
4505000 298.87845 -2894.8477 2171.4193 3731.071
4510000 300.9202 -2901.9913 2086.7058 3669.6442
4515000 298.17691 -2901.8273 2155.1016 3697.318
4520000 303.12682 -2906.832 2202.751 3813.7362
4525000 303.07912 -2923.2427 2158.6054 3752.4692
4530000 306.41258 -2932.4693 2102.038 3736.3573
4535000 296.78408 -2978.1099 2151.8856 3597.0605
4540000 296.4488 -3000.0499 2147.0394 3565.2772
4545000 300.5382 -2979.3078 2125.9882 3625.9168
4550000 297.22306 -2943.6634 2099.1047 3585.2688
4555000 295.59544 -2977.9101 2106.5954 3534.2545
4560000 300.55196 -2979.3324 2112.4693 3612.5785
4565000 300.67704 -2943.8406 2104.4513 3641.9164
4570000 304.20175 -2934.484 2133.4548 3732.809
4575000 296.9018 -2922.1013 2103.0079 3605.946
4580000 304.40664 -2899.9767 2078.8316 3715.7468
4585000 300.47182 -2925.9838 2097.547 3649.8103
4590000 300.55111 -2965.4875 2154.825 3668.7664
4595000 297.10596 -2953.5604 2131.8549 3606.3767
4600000 300.8531 -2943.1591 2111.8471 3652.6177
4605000 304.50889 -2950.0483 2074.8146 3663.1821
4610000 299.88183 -2978.4027 2123.8106 3614.8616
4615000 298.08556 -2971.2995 2123.8313 3595.214
4620000 306.21154 -2971.7099 2126.4852 3718.5674
4625000 294.18854 -2948.2046 2160.897 3597.2931
4630000 297.87648 -2942.9913 2105.3298 3601.9046
4635000 300.1043 -2970.4451 2170.8398 3673.1642
4640000 308.48396 -2950.0598 2020.2175 3667.8181
4645000 294.81285 -2956.2899 2130.7362 3568.3519
4650000 294.62291 -2943.7498 2139.3741 3586.6989
4655000 302.40779 -2958.3936 2065.0033 3613.7106
4660000 295.70034 -2919.7533 2119.2647 3606.6441
4665000 303.29208 -2885.2096 2166.1344 3801.2052
4670000 307.36558 -2865.1647 2119.8711 3835.6985
4675000 291.40147 -2872.7514 2107.3362 3577.6469
4680000 302.83952 -2885.0235 2162.2293 3790.7412
4685000 300.55007 -2870.7301 2141.6872 3750.3705
4690000 297.1041 -2826.5038 2102.5144 3704.065
4695000 296.17168 -2830.7135 2111.807 3695.251
4700000 298.43306 -2846.2706 2103.0093 3704.5999
4705000 303.12184 -2850.9535 2137.421 3804.2107
4710000 303.72097 -2812.4386 2078.108 3792.342
4715000 305.9212 -2819.4926 2062.2486 3802.2209
4720000 299.02896 -2815.0399 2140.0554 3781.7581
4725000 301.32342 -2821.9045 2103.4794 3772.5142
4730000 304.94527 -2851.2847 2169.3848 3863.0197
4735000 297.96913 -2855.5871 2100.2057 3685.5655
4740000 304.49094 -2836.4813 2143.4871 3845.154
4745000 305.98794 -2860.9513 2132.1001 3831.6085
4750000 300.81388 -2867.5463 2126.6707 3742.4696
4755000 297.7793 -2882.5626 2134.0938 3689.6488
4760000 299.68197 -2853.1346 2081.3296 3694.6702
4765000 303.78186 -2847.6644 2129.0718 3808.9876
4770000 304.37128 -2877.8608 2107.5494 3766.0535
4775000 294.13773 -2916.0124 2093.7876 3561.6187
4780000 300.48925 -2937.7647 2067.0584 3607.8007
4785000 300.50855 -2920.7412 2121.0798 3679.1332
4790000 300.77057 -2940.8218 2134.3913 3676.2692
4795000 303.68676 -2933.8837 2097.5918 3689.8708
4800000 294.40424 -2971.0725 2114.0179 3530.761
4805000 295.5634 -2967.714 2124.687 3562.0648
4810000 305.58393 -2944.2157 2166.6918 3776.9144
4815000 300.80136 -2987.1289 2098.8708 3594.9004
4820000 298.38257 -2967.1302 2098.3421 3578.3206
4825000 300.35295 -3014.4892 2114.7426 3576.7287
4830000 294.94514 -2923.1995 2112.0149 3584.6927
4835000 295.74693 -2977.9136 2122.8244 3552.7379
4840000 298.86006 -2973.0072 2070.4695 3551.6878
4845000 295.92002 -3001.3327 2155.0025 3564.0766
4850000 301.60555 -2975.1665 2239.6334 3759.6112
4855000 298.10518 -2968.7888 2128.8236 3603.0093
4860000 298.08183 -2954.0567 2162.8568 3651.4267
4865000 300.92251 -2946.0454 2140.4962 3679.415
4870000 298.97851 -2959.1206 2056.0626 3552.9327
4875000 300.51525 -2983.2082 2141.3042 3636.9904
4880000 303.09923 -2982.952 2045.8486 3580.3027
4885000 299.72633 -2974.1109 2126.9744 3619.9998
4890000 299.3797 -3017.1906 2156.3906 3601.1701
4895000 297.10301 -3025.1011 2080.9112 3483.8484
4900000 302.78067 -2997.5598 2105.5885 3620.6871
4905000 299.87377 -2971.7798 2074.058 3571.6119
4910000 302.56734 -2992.3114 2175.7695 3692.9369
4915000 303.14476 -2957.8325 2142.007 3702.2592
4920000 300.5997 -2978.6995 2082.6549 3584.1085
4925000 301.69782 -2991.5212 2107.3782 3612.3765
4930000 298.33339 -2987.6471 2131.287 3590.0157
4935000 298.7492 -2991.2456 2059.9526 3521.28
4940000 304.11746 -2965.1846 2128.3418 3695.739
4945000 305.95792 -2996.3834 2058.5176 3622.1464
4950000 302.79409 -2981.4435 2112.0234 3643.4383
4955000 293.37298 -2954.8926 2185.1652 3602.7183
4960000 300.24037 -2985.7176 2128.8992 3617.9792
4965000 294.40823 -2953.7804 2126.3342 3560.4289
4970000 299.03978 -2949.0503 2115.4665 3623.3201
4975000 298.15669 -2939.1079 2085.0676 3589.7019
4980000 302.06766 -2969.2238 2105.4842 3638.292
4985000 302.25124 -2955.764 2155.9952 3704.9989
4990000 300.95308 -2972.4282 2122.5343 3635.5259
4995000 294.14881 -2974.657 2112.5908 3521.9424
5000000 291.59571 -2956.4414 2104.2926 3493.8084
5005000 300.5618 -2973.7611 2122.0983 3627.9253
5010000 304.48213 -2998.6469 2135.8021 3675.1721
