timestep c_coords2
10000 34
15000 50
20000 61
25000 77
30000 105
35000 112
40000 126
45000 142
50000 149
55000 161
60000 172
65000 192
70000 199
75000 203
80000 211
85000 217
90000 221
95000 228
100000 230
105000 232
110000 233
115000 238
120000 243
125000 244
130000 248
135000 251
140000 254
145000 259
150000 263
155000 270
160000 278
165000 284
170000 289
175000 295
180000 301
185000 312
190000 321
195000 325
200000 330
205000 335
210000 340
215000 344
220000 346
225000 349
230000 351
235000 356
240000 356
245000 357
250000 359
255000 360
260000 362
265000 366
270000 370
275000 363
280000 367
285000 373
290000 369
295000 369
300000 370
305000 376
310000 379
315000 373
320000 373
325000 376
330000 374
335000 377
340000 374
345000 378
350000 378
355000 379
360000 382
365000 382
370000 379
375000 381
380000 381
385000 387
390000 382
395000 381
400000 376
405000 379
410000 379
415000 385
420000 384
425000 384
430000 384
435000 385
440000 384
445000 381
450000 393
455000 384
460000 382
465000 384
470000 385
475000 383
480000 387
485000 389
490000 387
495000 386
500000 384
505000 385
510000 387
515000 392
520000 393
525000 388
530000 383
535000 375
540000 383
545000 384
550000 382
555000 388
560000 386
565000 387
570000 388
575000 382
580000 381
585000 383
590000 384
595000 383
600000 387
605000 391
610000 387
615000 381
620000 388
625000 385
630000 385
635000 386
640000 390
645000 393
650000 381
655000 382
660000 388
665000 396
670000 398
675000 396
680000 385
685000 389
690000 389
695000 381
700000 384
705000 381
710000 385
715000 383
720000 381
725000 383
730000 384
735000 386
740000 389
745000 387
750000 389
755000 387
760000 393
765000 393
770000 391
775000 388
780000 387
785000 384
790000 380
795000 390
800000 394
805000 388
810000 386
815000 395
820000 387
825000 384
830000 388
835000 387
840000 387
845000 381
850000 378
855000 379
860000 383
865000 388
870000 386
875000 391
880000 391
885000 391
890000 386
895000 385
900000 382
905000 382
910000 384
915000 385
920000 386
925000 379
930000 378
935000 384
940000 382
945000 386
950000 387
955000 383
960000 385
965000 386
970000 379
975000 390
980000 386
985000 379
990000 383
995000 384
1000000 398
1005000 386
1010000 387
1015000 387
1020000 379
1025000 388
1030000 387
1035000 393
1040000 383
1045000 385
1050000 383
1055000 380
1060000 382
1065000 384
1070000 382
1075000 384
1080000 391
1085000 385
1090000 385
1095000 390
1100000 386
1105000 383
1110000 379
1115000 385
1120000 379
1125000 385
1130000 389
1135000 386
1140000 390
1145000 390
1150000 389
1155000 390
1160000 393
1165000 388
1170000 384
1175000 388
1180000 383
1185000 385
1190000 389
1195000 388
1200000 388
1205000 392
1210000 390
1215000 399
1220000 392
1225000 384
1230000 381
1235000 386
1240000 384
1245000 388
1250000 385
1255000 379
1260000 381
1265000 382
1270000 382
1275000 385
1280000 383
1285000 387
1290000 392
1295000 381
1300000 382
1305000 383
1310000 384
1315000 381
1320000 377
1325000 387
1330000 384
1335000 385
1340000 382
1345000 384
1350000 388
1355000 386
1360000 385
1365000 387
1370000 388
1375000 384
1380000 390
1385000 397
1390000 386
1395000 386
1400000 386
1405000 385
1410000 385
1415000 392
1420000 389
1425000 388
1430000 389
1435000 381
1440000 388
1445000 387
1450000 385
1455000 387
1460000 384
1465000 389
1470000 384
1475000 381
1480000 385
1485000 385
1490000 378
1495000 382
1500000 385
1505000 389
1510000 387
1515000 387
1520000 382
1525000 392
1530000 380
1535000 377
1540000 380
1545000 382
1550000 379
1555000 380
1560000 380
1565000 380
1570000 385
1575000 386
1580000 389
1585000 387
1590000 385
1595000 382
1600000 381
1605000 381
1610000 379
1615000 380
1620000 384
1625000 384
1630000 384
1635000 379
1640000 383
1645000 382
1650000 394
1655000 391
1660000 385
1665000 387
1670000 387
1675000 392
1680000 389
1685000 388
1690000 384
1695000 385
1700000 387
1705000 384
1710000 381
1715000 382
1720000 380
1725000 379
1730000 385
1735000 392
1740000 396
1745000 387
1750000 377
1755000 381
1760000 380
1765000 383
1770000 383
1775000 380
1780000 384
1785000 383
1790000 384
1795000 384
1800000 384
1805000 384
1810000 387
1815000 386
1820000 392
1825000 389
1830000 391
1835000 382
1840000 390
1845000 391
1850000 385
1855000 383
1860000 383
1865000 385
1870000 387
1875000 385
1880000 384
1885000 382
1890000 389
1895000 394
1900000 387
1905000 390
1910000 389
1915000 390
1920000 394
1925000 390
1930000 393
1935000 396
1940000 395
1945000 394
1950000 387
1955000 391
1960000 385
1965000 389
1970000 386
1975000 389
1980000 388
1985000 389
1990000 393
1995000 393
2000000 388
2005000 389
2010000 392
2015000 386
2020000 387
2025000 386
2030000 387
2035000 383
2040000 387
2045000 387
2050000 388
2055000 383
2060000 390
2065000 386
2070000 379
2075000 381
2080000 383
2085000 388
2090000 390
2095000 388
2100000 387
2105000 389
2110000 386
2115000 386
2120000 396
2125000 391
2130000 399
2135000 389
2140000 384
2145000 387
2150000 386
2155000 387
2160000 391
2165000 385
2170000 395
2175000 384
2180000 387
2185000 388
2190000 387
2195000 390
2200000 387
2205000 389
2210000 386
2215000 389
2220000 389
2225000 390
2230000 381
2235000 380
2240000 382
2245000 380
2250000 386
2255000 397
2260000 389
2265000 393
2270000 385
2275000 387
2280000 387
2285000 379
2290000 386
2295000 385
2300000 389
2305000 393
2310000 390
2315000 395
2320000 396
2325000 390
2330000 398
2335000 393
2340000 398
2345000 385
2350000 388
2355000 388
2360000 386
2365000 385
2370000 384
2375000 382
2380000 381
2385000 380
2390000 382
2395000 381
2400000 386
2405000 386
2410000 385
2415000 386
2420000 387
2425000 380
2430000 389
2435000 384
2440000 387
2445000 385
2450000 379
2455000 383
2460000 379
2465000 381
2470000 387
2475000 382
2480000 387
2485000 384
2490000 387
2495000 388
2500000 384
2505000 386
2510000 386
2515000 389
2520000 385
2525000 390
2530000 386
2535000 383
2540000 391
2545000 394
2550000 391
2555000 391
2560000 394
2565000 392
2570000 393
2575000 389
2580000 390
2585000 389
2590000 384
2595000 389
2600000 387
2605000 392
2610000 391
2615000 398
2620000 394
2625000 397
2630000 390
2635000 391
2640000 385
2645000 387
2650000 388
2655000 394
2660000 392
2665000 390
2670000 385
2675000 390
2680000 387
2685000 387
2690000 385
2695000 377
2700000 385
2705000 386
2710000 382
2715000 387
2720000 384
2725000 383
2730000 383
2735000 379
2740000 386
2745000 389
2750000 391
2755000 385
2760000 385
2765000 385
2770000 389
2775000 388
2780000 383
2785000 379
2790000 381
2795000 383
2800000 385
2805000 375
2810000 377
2815000 379
2820000 388
2825000 386
2830000 391
2835000 389
2840000 387
2845000 384
2850000 387
2855000 389
2860000 386
2865000 392
2870000 388
2875000 386
2880000 384
2885000 381
2890000 381
2895000 378
2900000 379
2905000 379
2910000 378
2915000 383
2920000 380
2925000 378
2930000 379
2935000 377
2940000 388
2945000 377
2950000 377
2955000 376
2960000 384
2965000 383
2970000 383
2975000 383
2980000 389
2985000 389
2990000 382
2995000 394
3000000 396
3005000 388
3010000 386
3015000 385
3020000 386
3025000 385
3030000 389
3035000 385
3040000 384
3045000 390
3050000 387
3055000 385
3060000 386
3065000 379
3070000 383
3075000 384
3080000 381
3085000 380
3090000 378
3095000 382
3100000 378
3105000 384
3110000 380
3115000 379
3120000 389
3125000 391
3130000 385
3135000 393
3140000 386
3145000 389
3150000 388
3155000 392
3160000 387
3165000 391
3170000 391
3175000 388
3180000 393
3185000 384
3190000 387
3195000 392
3200000 390
3205000 395
3210000 388
3215000 393
3220000 391
3225000 395
3230000 396
3235000 396
3240000 389
3245000 384
3250000 385
3255000 390
3260000 383
3265000 389
3270000 389
3275000 392
3280000 386
3285000 389
3290000 391
3295000 389
3300000 387
3305000 386
3310000 378
3315000 384
3320000 384
3325000 389
3330000 391
3335000 390
3340000 391
3345000 383
3350000 379
3355000 386
3360000 389
3365000 382
3370000 387
3375000 382
3380000 384
3385000 384
3390000 387
3395000 392
3400000 393
3405000 388
3410000 390
3415000 386
3420000 381
3425000 378
3430000 384
3435000 386
3440000 380
3445000 387
3450000 400
3455000 400
3460000 397
3465000 395
3470000 400
3475000 393
3480000 384
3485000 385
3490000 391
3495000 393
3500000 392
3505000 388
3510000 390
3515000 390
3520000 391
3525000 391
3530000 388
3535000 387
3540000 381
3545000 381
3550000 386
3555000 387
3560000 381
3565000 376
3570000 376
3575000 382
3580000 384
3585000 383
3590000 389
3595000 385
3600000 390
3605000 389
3610000 383
3615000 378
3620000 388
3625000 386
3630000 387
3635000 389
3640000 394
3645000 390
3650000 386
3655000 390
3660000 387
3665000 385
3670000 392
3675000 393
3680000 388
3685000 390
3690000 388
3695000 387
3700000 382
3705000 381
3710000 381
3715000 389
3720000 384
3725000 383
3730000 384
3735000 387
3740000 388
3745000 385
3750000 385
3755000 386
3760000 385
3765000 383
3770000 392
3775000 388
3780000 388
3785000 382
3790000 391
3795000 391
3800000 384
3805000 387
3810000 384
3815000 388
3820000 393
3825000 393
3830000 387
3835000 384
3840000 384
3845000 384
3850000 388
3855000 389
3860000 387
3865000 391
3870000 387
3875000 385
3880000 385
3885000 392
3890000 385
3895000 392
3900000 394
3905000 391
3910000 382
3915000 380
3920000 381
3925000 380
3930000 384
3935000 391
3940000 387
3945000 386
3950000 387
3955000 384
3960000 390
3965000 388
3970000 393
3975000 394
3980000 387
3985000 388
3990000 386
3995000 390
4000000 387
4005000 387
4010000 388
4015000 384
4020000 384
4025000 387
4030000 385
4035000 392
4040000 392
4045000 392
4050000 385
4055000 383
4060000 388
4065000 389
4070000 386
4075000 386
4080000 385
4085000 391
4090000 395
4095000 387
4100000 386
4105000 381
4110000 383
4115000 381
4120000 380
4125000 380
4130000 376
4135000 382
4140000 384
4145000 384
4150000 385
4155000 386
4160000 385
4165000 390
4170000 384
4175000 389
4180000 384
4185000 395
4190000 394
4195000 395
4200000 384
4205000 386
4210000 387
4215000 392
4220000 388
4225000 387
4230000 389
4235000 381
4240000 386
4245000 388
4250000 382
4255000 380
4260000 382
4265000 383
4270000 382
4275000 389
4280000 380
4285000 384
4290000 390
4295000 387
4300000 383
4305000 385
4310000 387
4315000 389
4320000 389
4325000 392
4330000 390
4335000 389
4340000 386
4345000 382
4350000 383
4355000 385
4360000 388
4365000 391
4370000 391
4375000 393
4380000 393
4385000 392
4390000 390
4395000 397
4400000 393
4405000 398
4410000 401
4415000 389
4420000 399
4425000 392
4430000 387
4435000 392
4440000 389
4445000 386
4450000 380
4455000 392
4460000 387
4465000 392
4470000 389
4475000 378
4480000 379
4485000 379
4490000 383
4495000 392
4500000 383
4505000 385
4510000 386
4515000 387
4520000 397
4525000 388
4530000 393
4535000 385
4540000 389
4545000 391
4550000 390
4555000 389
4560000 384
4565000 381
4570000 385
4575000 387
4580000 386
4585000 384
4590000 384
4595000 386
4600000 382
4605000 388
4610000 385
4615000 384
4620000 382
4625000 384
4630000 388
4635000 391
4640000 384
4645000 387
4650000 391
4655000 383
4660000 384
4665000 382
4670000 384
4675000 385
4680000 389
4685000 388
4690000 391
4695000 393
4700000 393
4705000 392
4710000 391
4715000 387
4720000 384
4725000 388
4730000 394
4735000 388
4740000 389
4745000 386
4750000 384
4755000 390
4760000 384
4765000 392
4770000 390
4775000 383
4780000 386
4785000 385
4790000 386
4795000 390
4800000 383
4805000 390
4810000 385
4815000 387
4820000 384
4825000 384
4830000 387
4835000 388
4840000 386
4845000 388
4850000 388
4855000 392
4860000 384
4865000 394
4870000 392
4875000 390
4880000 385
4885000 388
4890000 384
4895000 381
4900000 388
4905000 386
4910000 392
4915000 396
4920000 392
4925000 389
4930000 395
4935000 396
4940000 393
4945000 388
4950000 388
4955000 390
4960000 389
4965000 381
4970000 374
4975000 383
4980000 381
4985000 387
4990000 380
4995000 387
5000000 383
5005000 386
5010000 391
