approx eq2 point is 1960000 which is at step 390
Average PE: -8426.088823240589
Average Coordination Number: 19.734860883797054

std=3.8057436022229423
distribution: [17 25 15 19 21 19 23 23 20 21 26 17 20 20 21 19 22 20 19 17 22 20 10 16
 19 23 25 20 15 21 18 14 27 22 31 19 15 23 22 19 21 16 25 14 21 23 20 24
 19 20 23 17 19 22 12 14 18 16 22 29 21 25 19 20 21 16 15 17 17 24 23 29
 22 21 31 26 30 18 24 24 20 16 16 16 13 13 15 14 19 19 14 16 21 15 26 20
 19 16 16 16 13 15 19 14 21 17 17 23 16 24 20 24 18 21 18 18 23 24 22 21
 28 25 28 20 22 23 16 29 18 21 22 27 23 26 19 22 17 19 18 24 21 20 15 21
 18 21 18 10 20 25 16 24 17 21 15 11 17 15 26 14 17 17 23 22 19 16 17 15
 21 17 17 15 22 20 23 18 20 18 19 25 20 22 16 19 17 14 19 16 19 17 19 19
 14 14 17 11 21 13 17 14 18 14 11 16 18 23 19 26 26 19 18 19 19 20 19 22
 19 22 21 17 22 14 19 19 21 19 17 17 14 15 15 17 22 22 17 25 21 21 19 23
 15 21 19 18 25 19 21 25 19 26 22 25 22 21 23 26 22 15 13 20 16 20 20 20
 22 22 25 20 21 23 16 17 19 21 28 19 20 14 13 17 23 18 25 16 18 16 18 23
 23 21 24 19 18 15 18 16 15 19 27 22 25 29 32 25 15 17 17 21 20 17 21 19
 23 19 20 17 14 18 22 19 20 15 14 16 22 14 23 16 24 21 16 14 21 18 19 18
 21 22 18 24 27 20 28 26 19 20 23 21 22 14 19 20 13 19 17 23 25 22 17 19
 21 18 22 19 19 13 25 23 16 21 20 19 27 24 21 15 21 18 21 22 16 22 17 18
 19 25 18 21 26 21 15 17 23 17 18 25 24 21 22 20 23 18 25 23 17 22 20 23
 21 23 20 14 17 18 18 23 24 20 18 16 21 22 17 17 20 23 24 22 18 14 18 14
 13 17 11 16 20 21 18 19 16 25 18 23 18 27 24 25 21 16 17 20 20 18 18 12
 22 18 20 15 18 16 18 25 18 17 23 23 17 16 18 21 22 24 20 18 19 14 19 18
 20 21 24 22 24 17 24 29 19 26 29 21 29 22 14 23 19 18 13 24 18 24 24 14
 15 14 19 23 18 19 21 21 27 20 26 15 21 25 19 19 18 13 20 22 22 20 20 23
 21 20 15 16 16 16 19 25 19 20 19 16 19 14 19 20 22 18 21 25 22 28 23 16
 19 21 25 21 20 17 10 20 18 26 20 17 19 14 17 26 16 21 16 20 16 14 25 20
 17 22 24 25 19 28 20 23 17 20 18 15 21 18 23 23 19 20 25 26 25 20 19 23
 22 17 11 18 13 19 12 24 17 20 24][1960000 1965000 1970000 1975000 1980000 1985000 1990000 1995000 2000000
 2005000 2010000 2015000 2020000 2025000 2030000 2035000 2040000 2045000
 2050000 2055000 2060000 2065000 2070000 2075000 2080000 2085000 2090000
 2095000 2100000 2105000 2110000 2115000 2120000 2125000 2130000 2135000
 2140000 2145000 2150000 2155000 2160000 2165000 2170000 2175000 2180000
 2185000 2190000 2195000 2200000 2205000 2210000 2215000 2220000 2225000
 2230000 2235000 2240000 2245000 2250000 2255000 2260000 2265000 2270000
 2275000 2280000 2285000 2290000 2295000 2300000 2305000 2310000 2315000
 2320000 2325000 2330000 2335000 2340000 2345000 2350000 2355000 2360000
 2365000 2370000 2375000 2380000 2385000 2390000 2395000 2400000 2405000
 2410000 2415000 2420000 2425000 2430000 2435000 2440000 2445000 2450000
 2455000 2460000 2465000 2470000 2475000 2480000 2485000 2490000 2495000
 2500000 2505000 2510000 2515000 2520000 2525000 2530000 2535000 2540000
 2545000 2550000 2555000 2560000 2565000 2570000 2575000 2580000 2585000
 2590000 2595000 2600000 2605000 2610000 2615000 2620000 2625000 2630000
 2635000 2640000 2645000 2650000 2655000 2660000 2665000 2670000 2675000
 2680000 2685000 2690000 2695000 2700000 2705000 2710000 2715000 2720000
 2725000 2730000 2735000 2740000 2745000 2750000 2755000 2760000 2765000
 2770000 2775000 2780000 2785000 2790000 2795000 2800000 2805000 2810000
 2815000 2820000 2825000 2830000 2835000 2840000 2845000 2850000 2855000
 2860000 2865000 2870000 2875000 2880000 2885000 2890000 2895000 2900000
 2905000 2910000 2915000 2920000 2925000 2930000 2935000 2940000 2945000
 2950000 2955000 2960000 2965000 2970000 2975000 2980000 2985000 2990000
 2995000 3000000 3005000 3010000 3015000 3020000 3025000 3030000 3035000
 3040000 3045000 3050000 3055000 3060000 3065000 3070000 3075000 3080000
 3085000 3090000 3095000 3100000 3105000 3110000 3115000 3120000 3125000
 3130000 3135000 3140000 3145000 3150000 3155000 3160000 3165000 3170000
 3175000 3180000 3185000 3190000 3195000 3200000 3205000 3210000 3215000
 3220000 3225000 3230000 3235000 3240000 3245000 3250000 3255000 3260000
 3265000 3270000 3275000 3280000 3285000 3290000 3295000 3300000 3305000
 3310000 3315000 3320000 3325000 3330000 3335000 3340000 3345000 3350000
 3355000 3360000 3365000 3370000 3375000 3380000 3385000 3390000 3395000
 3400000 3405000 3410000 3415000 3420000 3425000 3430000 3435000 3440000
 3445000 3450000 3455000 3460000 3465000 3470000 3475000 3480000 3485000
 3490000 3495000 3500000 3505000 3510000 3515000 3520000 3525000 3530000
 3535000 3540000 3545000 3550000 3555000 3560000 3565000 3570000 3575000
 3580000 3585000 3590000 3595000 3600000 3605000 3610000 3615000 3620000
 3625000 3630000 3635000 3640000 3645000 3650000 3655000 3660000 3665000
 3670000 3675000 3680000 3685000 3690000 3695000 3700000 3705000 3710000
 3715000 3720000 3725000 3730000 3735000 3740000 3745000 3750000 3755000
 3760000 3765000 3770000 3775000 3780000 3785000 3790000 3795000 3800000
 3805000 3810000 3815000 3820000 3825000 3830000 3835000 3840000 3845000
 3850000 3855000 3860000 3865000 3870000 3875000 3880000 3885000 3890000
 3895000 3900000 3905000 3910000 3915000 3920000 3925000 3930000 3935000
 3940000 3945000 3950000 3955000 3960000 3965000 3970000 3975000 3980000
 3985000 3990000 3995000 4000000 4005000 4010000 4015000 4020000 4025000
 4030000 4035000 4040000 4045000 4050000 4055000 4060000 4065000 4070000
 4075000 4080000 4085000 4090000 4095000 4100000 4105000 4110000 4115000
 4120000 4125000 4130000 4135000 4140000 4145000 4150000 4155000 4160000
 4165000 4170000 4175000 4180000 4185000 4190000 4195000 4200000 4205000
 4210000 4215000 4220000 4225000 4230000 4235000 4240000 4245000 4250000
 4255000 4260000 4265000 4270000 4275000 4280000 4285000 4290000 4295000
 4300000 4305000 4310000 4315000 4320000 4325000 4330000 4335000 4340000
 4345000 4350000 4355000 4360000 4365000 4370000 4375000 4380000 4385000
 4390000 4395000 4400000 4405000 4410000 4415000 4420000 4425000 4430000
 4435000 4440000 4445000 4450000 4455000 4460000 4465000 4470000 4475000
 4480000 4485000 4490000 4495000 4500000 4505000 4510000 4515000 4520000
 4525000 4530000 4535000 4540000 4545000 4550000 4555000 4560000 4565000
 4570000 4575000 4580000 4585000 4590000 4595000 4600000 4605000 4610000
 4615000 4620000 4625000 4630000 4635000 4640000 4645000 4650000 4655000
 4660000 4665000 4670000 4675000 4680000 4685000 4690000 4695000 4700000
 4705000 4710000 4715000 4720000 4725000 4730000 4735000 4740000 4745000
 4750000 4755000 4760000 4765000 4770000 4775000 4780000 4785000 4790000
 4795000 4800000 4805000 4810000 4815000 4820000 4825000 4830000 4835000
 4840000 4845000 4850000 4855000 4860000 4865000 4870000 4875000 4880000
 4885000 4890000 4895000 4900000 4905000 4910000 4915000 4920000 4925000
 4930000 4935000 4940000 4945000 4950000 4955000 4960000 4965000 4970000
 4975000 4980000 4985000 4990000 4995000 5000000 5005000 5010000]