1075000 39
1080000 36
1085000 34
1090000 38
1095000 33
1100000 35
1105000 37
1110000 39
1115000 32
1120000 34
1125000 37
1130000 31
1135000 35
1140000 30
1145000 38
1150000 32
1155000 39
1160000 34
1165000 28
1170000 31
1175000 29
1180000 29
1185000 32
1190000 26
1195000 27
1200000 31
1205000 26
1210000 27
1215000 27
1220000 24
1225000 33
1230000 34
1235000 28
1240000 31
1245000 25
1250000 24
1255000 27
1260000 28
1265000 33
1270000 28
1275000 30
1280000 28
1285000 31
1290000 30
1295000 34
1300000 34
1305000 38
1310000 35
1315000 32
1320000 32
1325000 42
1330000 37
1335000 32
1340000 35
1345000 34
1350000 33
1355000 29
1360000 29
1365000 32
1370000 29
1375000 29
1380000 33
1385000 37
1390000 32
1395000 35
1400000 31
1405000 33
1410000 46
1415000 35
1420000 33
1425000 36
1430000 40
1435000 40
1440000 31
1445000 32
1450000 34
1455000 30
1460000 32
1465000 30
1470000 30
1475000 29
1480000 30
1485000 27
1490000 37
1495000 30
1500000 32
1505000 32
1510000 29
1515000 31
1520000 31
1525000 36
1530000 37
1535000 38
1540000 34
1545000 31
1550000 29
1555000 34
1560000 29
1565000 30
1570000 32
1575000 30
1580000 35
1585000 39
1590000 31
1595000 34
1600000 32
1605000 34
1610000 37
1615000 36
1620000 35
1625000 37
1630000 34
1635000 33
1640000 31
1645000 24
1650000 29
1655000 34
1660000 31
1665000 29
1670000 35
1675000 42
1680000 36
1685000 34
1690000 34
1695000 32
1700000 33
1705000 27
1710000 29
1715000 29
1720000 33
1725000 31
1730000 33
1735000 34
1740000 39
1745000 34
1750000 40
1755000 40
1760000 38
1765000 35
1770000 40
1775000 36
1780000 27
1785000 33
1790000 28
1795000 32
1800000 29
1805000 29
1810000 30
1815000 29
1820000 25
1825000 28
1830000 31
1835000 27
1840000 27
1845000 27
1850000 31
1855000 25
1860000 25
1865000 24
1870000 25
1875000 23
1880000 28
1885000 31
1890000 26
1895000 24
1900000 24
1905000 31
1910000 29
1915000 30
1920000 26
1925000 32
1930000 34
1935000 30
1940000 32
1945000 28
1950000 34
1955000 37
1960000 33
1965000 38
1970000 36
1975000 31
1980000 33
1985000 29
1990000 26
1995000 27
2000000 28
2005000 36
2010000 34
2015000 31
2020000 31
2025000 33
2030000 24
2035000 31
2040000 36
2045000 34
2050000 33
2055000 30
2060000 36
2065000 36
2070000 35
2075000 37
2080000 36
2085000 29
2090000 30
2095000 31
2100000 32
2105000 27
2110000 26
2115000 26
2120000 32
2125000 25
2130000 23
2135000 23
2140000 25
2145000 28
2150000 35
2155000 30
2160000 34
2165000 29
2170000 29
2175000 25
2180000 32
2185000 36
2190000 34
2195000 33
2200000 31
2205000 30
2210000 32
2215000 33
2220000 34
2225000 32
2230000 30
2235000 35
2240000 36
2245000 36
2250000 36
2255000 36
2260000 35
2265000 34
2270000 34
2275000 30
2280000 37
2285000 37
2290000 37
2295000 38
2300000 37
2305000 42
2310000 34
2315000 41
2320000 36
2325000 36
2330000 34
2335000 37
2340000 38
2345000 35
2350000 38
2355000 37
2360000 36
2365000 35
2370000 34
2375000 41
2380000 37
2385000 47
2390000 44
2395000 49
2400000 44
2405000 40
2410000 40
2415000 39
2420000 37
2425000 36
2430000 37
2435000 34
2440000 38
2445000 33
2450000 31
2455000 29
2460000 31
2465000 30
2470000 34
2475000 38
2480000 33
2485000 31
2490000 30
2495000 33
2500000 32
2505000 31
2510000 32
2515000 28
2520000 35
2525000 32
2530000 35
2535000 40
2540000 36
2545000 31
2550000 33
2555000 26
2560000 28
2565000 24
2570000 27
2575000 24
2580000 27
2585000 30
2590000 31
2595000 34
2600000 34
2605000 31
2610000 32
2615000 34
2620000 30
2625000 34
2630000 37
2635000 33
2640000 39
2645000 35
2650000 34
2655000 37
2660000 43
2665000 41
2670000 37
2675000 36
2680000 40
2685000 34
2690000 35
2695000 33
2700000 38
2705000 41
2710000 40
2715000 37
2720000 34
2725000 30
2730000 37
2735000 33
2740000 35
2745000 38
2750000 32
2755000 32
2760000 29
2765000 33
2770000 35
2775000 41
2780000 31
2785000 28
2790000 28
2795000 35
2800000 32
2805000 34
2810000 35
2815000 35
2820000 35
2825000 31
2830000 34
2835000 31
2840000 29
2845000 29
2850000 32
2855000 36
2860000 31
2865000 37
2870000 37
2875000 38
2880000 35
2885000 33
2890000 34
2895000 30
2900000 36
2905000 36
2910000 43
2915000 36
2920000 28
2925000 33
2930000 33
2935000 33
2940000 32
2945000 35
2950000 30
2955000 31
2960000 32
2965000 26
2970000 29
2975000 35
2980000 31
2985000 32
2990000 28
2995000 29
3000000 26
3005000 32
3010000 34
3015000 31
3020000 31
3025000 29
3030000 33
3035000 32
3040000 33
3045000 30
3050000 32
3055000 34
3060000 29
3065000 34
3070000 39
3075000 40
3080000 36
3085000 37
3090000 36
3095000 40
3100000 39
3105000 44
3110000 50
3115000 47
3120000 47
3125000 37
3130000 39
3135000 42
3140000 43
3145000 37
3150000 42
3155000 40
3160000 40
3165000 38
3170000 36
3175000 37
3180000 38
3185000 44
3190000 37
3195000 38
3200000 35
3205000 33
3210000 32
3215000 39
3220000 38
3225000 36
3230000 29
3235000 34
3240000 30
3245000 28
3250000 33
3255000 33
3260000 37
3265000 28
3270000 30
3275000 34
3280000 37
3285000 35
3290000 28
3295000 29
3300000 32
3305000 33
3310000 31
3315000 31
3320000 38
3325000 31
3330000 35
3335000 25
3340000 27
3345000 30
3350000 26
3355000 28
3360000 31
3365000 31
3370000 31
3375000 29
3380000 32
3385000 33
3390000 32
3395000 29
3400000 32
3405000 31
3410000 30
3415000 28
3420000 31
3425000 28
3430000 33
3435000 31
3440000 32
3445000 38
3450000 36
3455000 38
3460000 42
3465000 43
3470000 38
3475000 32
3480000 40
3485000 33
3490000 29
3495000 37
3500000 38
3505000 37
3510000 29
3515000 30
3520000 31
3525000 26
3530000 25
3535000 29
3540000 32
3545000 28
3550000 24
3555000 23
3560000 38
3565000 33
3570000 35
3575000 29
3580000 35
3585000 36
3590000 31
3595000 36
3600000 30
3605000 26
3610000 25
3615000 32
3620000 32
3625000 32
3630000 28
3635000 31
3640000 32
3645000 32
3650000 28
3655000 32
3660000 34
3665000 31
3670000 28
3675000 30
3680000 31
3685000 24
3690000 33
3695000 32
3700000 36
3705000 34
3710000 37
3715000 30
3720000 33
3725000 32
3730000 31
3735000 28
3740000 27
3745000 31
3750000 25
3755000 29
3760000 33
3765000 32
3770000 26
3775000 27
3780000 27
3785000 29
3790000 29
3795000 24
3800000 24
3805000 22
3810000 31
3815000 34
3820000 28
3825000 33
3830000 33
3835000 37
3840000 31
3845000 30
3850000 33
3855000 37
3860000 31
3865000 29
3870000 25
3875000 26
3880000 29
3885000 35
3890000 30
3895000 32
3900000 34
3905000 29
3910000 30
3915000 28
3920000 25
3925000 31
3930000 30
3935000 25
3940000 23
3945000 25
3950000 31
3955000 33
3960000 26
3965000 26
3970000 32
3975000 29
3980000 28
3985000 26
3990000 31
3995000 25
4000000 17
4005000 27
4010000 31
4015000 29
4020000 23
4025000 30
4030000 28
4035000 29
4040000 40
4045000 35
4050000 32
4055000 32
4060000 32
4065000 29
4070000 33
4075000 32
4080000 32
4085000 30
4090000 33
4095000 33
4100000 29
4105000 36
4110000 35
4115000 32
4120000 36
4125000 36
4130000 36
4135000 39
4140000 39
4145000 36
4150000 39
4155000 30
4160000 33
4165000 32
4170000 33
4175000 34
4180000 34
4185000 29
4190000 34
4195000 33
4200000 33
4205000 26
4210000 25
4215000 30
4220000 32
4225000 30
4230000 29
4235000 30
4240000 31
4245000 29
4250000 30
4255000 33
4260000 35
4265000 30
4270000 34
4275000 34
4280000 30
4285000 30
4290000 39
4295000 30
4300000 30
4305000 34
4310000 41
4315000 35
4320000 33
4325000 37
4330000 36
4335000 33
4340000 34
4345000 33
4350000 35
4355000 31
4360000 28
4365000 29
4370000 24
4375000 32
4380000 31
4385000 28
4390000 23
4395000 29
4400000 30
4405000 32
4410000 30
4415000 29
4420000 31
4425000 37
4430000 31
4435000 28
4440000 31
4445000 30
4450000 28
4455000 33
4460000 35
4465000 33
4470000 35
4475000 31
4480000 33
4485000 29
4490000 30
4495000 33
4500000 29
4505000 28
4510000 35
4515000 30
4520000 27
4525000 34
4530000 30
4535000 34
4540000 29
4545000 32
4550000 31
4555000 33
4560000 32
4565000 33
4570000 34
4575000 29
4580000 32
4585000 32
4590000 28
4595000 27
4600000 27
4605000 28
4610000 24
4615000 31
4620000 36
4625000 35
4630000 34
4635000 26
4640000 29
4645000 31
4650000 29
4655000 31
4660000 32
4665000 36
4670000 32
4675000 31
4680000 29
4685000 28
4690000 28
4695000 35
4700000 39
4705000 31
4710000 31
4715000 38
4720000 34
4725000 34
4730000 39
4735000 35
4740000 34
4745000 33
4750000 30
4755000 33
4760000 32
4765000 32
4770000 30
4775000 33
4780000 32
4785000 34
4790000 30
4795000 36
4800000 34
4805000 37
4810000 29
4815000 27
4820000 36
4825000 34
4830000 26
4835000 30
4840000 28
4845000 29
4850000 26
4855000 26
4860000 26
4865000 23
4870000 31
4875000 31
4880000 30
4885000 34
4890000 28
4895000 34
4900000 36
4905000 40
4910000 40
4915000 36
4920000 31
4925000 30
4930000 31
4935000 34
4940000 30
4945000 24
4950000 32
4955000 32
4960000 30
4965000 31
4970000 38
4975000 37
4980000 41
4985000 36
4990000 30
4995000 35
5000000 34
5005000 33
5010000 36
